0.000000 -62.256207 -0.006057
0.005000 0.595560 -0.006057
0.010000 1.794310 -0.006057
0.015000 1.852842 -0.006057
0.020000 1.851402 -0.006057
0.025000 1.848881 -0.006057
0.030000 1.852988 -0.006057
0.035000 1.840837 -0.006057
0.040000 1.840416 -0.006057
0.045000 1.840339 -0.006057
0.050000 1.834555 -0.006057
0.055000 1.844821 -0.006057
0.060000 1.844775 -0.006057
0.065000 1.844277 -0.006057
0.070000 1.845150 -0.006057
0.075000 1.847349 -0.006057
0.080000 1.845227 -0.006057
0.085000 1.845434 -0.006057
0.090000 1.845541 -0.006057
0.095000 1.849249 -0.006057
0.100000 1.843105 -0.006057
0.105000 1.847832 -0.006057
0.110000 1.839979 -0.006057
0.115000 1.851371 -0.006057
0.120000 1.844989 -0.006057
0.125000 1.849908 -0.006057
0.130000 1.847878 -0.006057
0.135000 1.844093 -0.006057
0.140000 1.847747 -0.006057
0.145000 1.851394 -0.006057
0.150000 1.846437 -0.006057
0.155000 1.831322 -0.006057
0.160000 1.840607 -0.006057
0.165000 1.840170 -0.006057
0.170000 1.845296 -0.006057
0.175000 1.838493 -0.006057
0.180000 1.850490 -0.006057
0.185000 1.841343 -0.006057
0.190000 1.847755 -0.006057
0.195000 1.840906 -0.006057
0.200000 1.838378 -0.006057
0.205000 1.847326 -0.006057
0.210000 1.839711 -0.006057
0.215000 1.840883 -0.006057
0.220000 1.835122 -0.006057
0.225000 1.838370 -0.006057
0.230000 1.849004 -0.006057
0.235000 1.841159 -0.006057
0.240000 1.841258 -0.006057
0.245000 1.844668 -0.006057
0.250000 1.846951 -0.006057
0.255000 1.856297 -0.006057
0.260000 1.839611 -0.006057
0.265000 1.840063 -0.006057
0.270000 1.838661 -0.006057
0.275000 1.836761 -0.006057
0.280000 1.846345 -0.006057
0.285000 1.844461 -0.006057
0.290000 1.843832 -0.006057
0.295000 1.841212 -0.006057
0.300000 1.848130 -0.006057
0.305000 1.844384 -0.006057
0.310000 1.851111 -0.006057
0.315000 1.848468 -0.006057
0.320000 1.841366 -0.006057
0.325000 1.839029 -0.006057
0.330000 1.844683 -0.006057
0.335000 1.845273 -0.006057
0.340000 1.843603 -0.006057
0.345000 1.847073 -0.006057
0.350000 1.849280 -0.006057
0.355000 1.839726 -0.006057
0.360000 1.838860 -0.006057
0.365000 1.842354 -0.006057
0.370000 1.838945 -0.006057
0.375000 1.835911 -0.006057
0.380000 1.838730 -0.006057
0.385000 1.841220 -0.006057
0.390000 1.837083 -0.006057
0.395000 1.838324 -0.006057
0.400000 1.840722 -0.006057
0.405000 1.850490 -0.006057
0.410000 1.839964 -0.006057
0.415000 1.840906 -0.006057
0.420000 1.836731 -0.006057
0.425000 1.848613 -0.006057
0.430000 1.844629 -0.006057
0.435000 1.844200 -0.006057
0.440000 1.844545 -0.006057
0.445000 1.848000 -0.006057
0.450000 1.847433 -0.006057
0.455000 1.842545 -0.006057
0.460000 1.849517 -0.006057
0.465000 1.849801 -0.006057
0.470000 1.851900 -0.006057
0.475000 1.843135 -0.006057
0.480000 1.845365 -0.006057
0.485000 1.844231 -0.006057
0.490000 1.845434 -0.006057
0.495000 1.851532 -0.006057
0.500000 1.837351 -0.006057
0.505000 1.844928 -0.006057
0.510000 1.831935 -0.006057
0.515000 1.847610 -0.006057
0.520000 1.849655 -0.006057
0.525000 1.851440 -0.006057
0.530000 1.844767 -0.006057
0.535000 1.844085 -0.006057
0.540000 1.850812 -0.006057
0.545000 1.855049 -0.006057
0.550000 1.845801 -0.006057
0.555000 1.851884 -0.006057
0.560000 1.842852 -0.006057
0.565000 1.850038 -0.006057
0.570000 1.846905 -0.006057
0.575000 1.835941 -0.006057
0.580000 1.848789 -0.006057
0.585000 1.848376 -0.006057
0.590000 1.840416 -0.006057
0.595000 1.845962 -0.006057
0.600000 1.838477 -0.006057
0.605000 1.845740 -0.006057
0.610000 1.850429 -0.006057
0.615000 1.844062 -0.006057
0.620000 1.846583 -0.006057
0.625000 1.851379 -0.006057
0.630000 1.844568 -0.006057
0.635000 1.847012 -0.006057
0.640000 1.842668 -0.006057
0.645000 1.852022 0.105940
0.650000 1.845541 2.793863
0.655000 1.843266 2.681866
0.660000 1.838025 -0.006057
0.665000 1.848230 -0.006057
0.670000 1.878523 -0.006057
0.675000 2.102651 -0.006057
0.680000 2.965373 -0.006057
0.685000 4.737726 -0.006057
0.690000 7.108335 -0.006057
0.695000 9.783899 -0.006057
0.700000 12.570436 -0.006057
0.705000 15.405790 -0.006057
0.710000 18.215065 -0.006057
0.715000 20.939463 -0.006057
0.720000 23.550817 -0.006057
0.725000 26.005432 -0.006057
0.730000 28.251747 -0.006057
0.735000 30.315947 -0.006057
0.740000 32.151329 -0.006057
0.745000 33.740047 -0.006057
0.750000 35.037933 -0.006057
0.755000 35.995434 -0.006057
0.760000 36.571480 -0.006057
0.765000 36.738342 -0.006057
0.770000 36.453331 -0.006057
0.775000 35.896759 -0.006057
0.780000 35.156853 -0.006057
0.785000 34.220284 -0.006057
0.790000 33.033577 -0.006057
0.795000 31.678118 -0.006057
0.800000 30.229298 -0.006057
0.805000 28.792437 -0.006057
0.810000 27.446615 -0.006057
0.815000 26.245703 -0.006057
0.820000 25.210957 -0.006057
0.825000 24.317598 -0.006057
0.830000 23.556908 -0.006057
0.835000 22.875551 -0.006057
0.840000 22.300301 -0.006057
0.845000 21.780434 -0.006057
0.850000 21.335094 -0.006057
0.855000 20.927610 -0.006057
0.860000 20.561703 -0.006057
0.865000 20.230249 -0.006057
0.870000 19.936571 -0.006057
0.875000 19.664469 -0.006057
0.880000 19.422855 -0.006057
0.885000 19.190569 -0.006057
0.890000 18.987354 -0.006057
0.895000 18.792469 -0.006057
0.900000 18.603029 -0.006057
0.905000 18.443386 -0.006057
0.910000 18.279711 -0.006057
0.915000 18.138668 -0.006057
0.920000 18.000896 -0.006057
0.925000 17.865868 -0.006057
0.930000 17.735212 -0.006057
0.935000 17.627619 -0.006057
0.940000 17.506144 -0.006057
0.945000 17.407236 -0.006057
0.950000 17.296425 -0.006057
0.955000 17.197060 -0.006057
0.960000 17.110931 -0.006057
0.965000 17.013466 -0.006057
0.970000 16.930119 -0.006057
0.975000 16.838377 -0.006057
0.980000 16.774481 -0.006057
0.985000 16.686998 -0.006057
0.990000 16.611902 -0.006057
0.995000 16.534388 -0.006057
1.000000 16.469351 -0.006057
1.005000 16.399389 -0.006057
1.010000 16.333220 -0.006057
1.015000 16.273033 -0.006057
1.020000 16.208647 -0.006057
1.025000 16.143442 -0.006057
1.030000 16.088320 -0.006057
1.035000 16.029490 -0.006057
1.040000 15.975317 -0.006057
1.045000 15.934820 -0.006057
1.050000 15.879422 -0.006057
1.055000 15.841545 -0.006057
1.060000 15.783213 -0.006057
1.065000 15.742991 -0.006057
1.070000 15.697376 -0.006057
1.075000 15.659246 -0.006057
1.080000 15.621967 -0.006057
1.085000 15.583960 -0.006057
1.090000 15.541869 -0.006057
1.095000 15.514457 -0.006057
1.100000 15.474872 -0.006057
1.105000 15.443468 -0.006057
1.110000 15.403600 -0.006057
1.115000 15.378325 -0.006057
1.120000 15.342179 -0.006057
1.125000 15.311305 -0.006057
1.130000 15.281526 -0.006057
1.135000 15.248574 -0.006057
1.140000 15.215624 -0.006057
1.145000 15.194640 -0.006057
1.150000 15.157759 -0.006057
1.155000 15.131404 -0.006057
1.160000 15.097702 -0.006057
1.165000 15.075416 -0.006057
1.170000 15.054417 -0.006057
1.175000 15.027135 -0.006057
1.180000 14.997394 -0.006057
1.185000 14.975329 -0.006057
1.190000 14.946723 -0.006057
1.195000 14.928251 -0.006057
1.200000 14.894650 -0.006057
1.205000 14.877458 -0.006057
1.210000 14.852797 -0.006057
1.215000 14.838991 -0.006057
1.220000 14.816475 -0.006057
1.225000 14.796203 -0.006057
1.230000 14.777770 -0.006057
1.235000 14.760762 -0.006057
1.240000 14.735395 -0.006057
1.245000 14.722334 -0.006057
1.250000 14.702637 -0.006057
1.255000 14.684250 -0.006057
1.260000 14.662860 -0.006057
1.265000 14.648265 -0.006057
1.270000 14.642872 -0.006057
1.275000 14.615682 -0.006057
1.280000 14.605347 -0.006057
1.285000 14.589427 -0.006057
1.290000 14.573721 -0.006057
1.295000 14.556086 -0.006057
1.300000 14.545696 -0.006057
1.305000 14.530987 -0.006057
1.310000 14.512968 -0.006057
1.315000 14.503146 -0.006057
1.320000 14.485916 -0.006057
1.325000 14.479281 -0.006057
1.330000 14.456911 -0.006057
1.335000 14.445228 -0.006057
1.340000 14.435260 -0.006057
1.345000 14.430150 -0.006057
1.350000 14.409947 -0.006057
1.355000 14.399153 -0.006057
1.360000 14.384152 -0.006057
1.365000 14.374369 -0.006057
1.370000 14.361621 -0.006057
1.375000 14.348114 -0.006057
1.380000 14.340636 -0.006057
1.385000 14.325214 -0.006057
1.390000 14.310781 -0.006057
1.395000 14.295527 -0.006057
1.400000 14.287582 -0.006057
1.405000 14.276091 -0.006057
1.410000 14.268460 -0.006057
1.415000 14.243492 -0.006057
1.420000 14.232629 -0.006057
1.425000 14.214073 -0.006057
1.430000 14.210097 -0.006057
1.435000 14.194292 -0.006057
1.440000 14.181911 -0.006057
1.445000 14.180548 -0.006057
1.450000 14.166260 -0.006057
1.455000 14.158077 -0.006057
1.460000 14.123640 -0.006057
1.465000 14.128352 -0.006057
1.470000 14.114952 -0.006057
1.475000 14.096267 -0.006057
1.480000 14.084239 -0.006057
1.485000 14.072104 -0.006057
1.490000 14.063577 -0.006057
1.495000 14.049740 -0.006057
1.500000 14.036555 -0.006057
1.505000 14.037819 -0.006057
1.510000 14.022558 -0.006057
1.515000 14.004485 -0.006057
1.520000 13.994718 -0.006057
1.525000 13.979234 -0.006057
1.530000 13.975450 -0.006057
1.535000 13.953424 -0.006057
1.540000 13.949095 -0.006057
1.545000 13.933642 -0.006057
1.550000 13.926402 -0.006057
1.555000 13.911930 -0.006057
1.560000 13.910505 -0.006057
1.565000 13.884511 -0.006057
1.570000 13.877255 -0.006057
1.575000 13.870383 -0.006057
1.580000 13.864124 -0.006057
1.585000 13.843209 -0.006057
1.590000 13.836483 -0.006057
1.595000 13.823704 -0.006057
1.600000 13.794032 -0.006057
1.605000 13.793365 -0.006057
1.610000 13.785650 -0.006057
1.615000 13.769907 -0.006057
1.620000 13.749773 -0.006057
1.625000 13.751635 -0.006057
1.630000 13.736542 -0.006057
1.635000 13.718883 -0.006057
1.640000 13.706165 -0.006057
1.645000 13.700450 -0.006057
1.650000 13.683243 -0.006057
1.655000 13.672471 -0.006057
1.660000 13.657157 -0.006057
1.665000 13.651993 -0.006057
1.670000 13.634916 -0.006057
1.675000 13.625041 -0.006057
1.680000 13.621448 -0.006057
1.685000 13.591178 -0.006057
1.690000 13.589799 -0.006057
1.695000 13.571757 -0.006057
1.700000 13.559269 -0.006057
1.705000 13.553102 -0.006057
1.710000 13.536378 -0.006057
1.715000 13.519990 -0.006057
1.720000 13.513026 -0.006057
1.725000 13.500262 -0.006057
1.730000 13.490242 -0.006057
1.735000 13.477233 -0.006057
1.740000 13.464079 -0.006057
1.745000 13.452120 -0.006057
1.750000 13.439103 -0.006057
1.755000 13.437663 -0.006057
1.760000 13.414434 -0.006057
1.765000 13.400981 -0.006057
1.770000 13.391765 -0.006057
1.775000 13.372252 -0.006057
1.780000 13.361119 -0.006057
1.785000 13.352685 -0.006057
1.790000 13.335830 -0.006057
1.795000 13.325120 -0.006057
1.800000 13.315229 -0.006057
1.805000 13.294934 -0.006057
1.810000 13.289855 -0.006057
1.815000 13.276118 -0.006057
1.820000 13.260037 -0.006057
1.825000 13.246845 -0.006057
1.830000 13.238877 -0.006057
1.835000 13.216775 -0.006057
1.840000 13.202778 -0.006057
1.845000 13.193224 -0.006057
1.850000 13.187861 -0.006057
1.855000 13.177373 -0.006057
1.860000 13.160373 -0.006057
1.865000 13.150781 -0.006057
