0.000000 -62.141991 -0.006057
0.005000 0.939541 -0.006057
0.010000 2.144351 -0.006057
0.015000 2.203465 -0.006057
0.020000 2.194318 -0.006057
0.025000 2.198194 -0.006057
0.030000 2.198776 -0.006057
0.035000 2.198524 -0.006057
0.040000 2.193130 -0.006057
0.045000 2.192655 -0.006057
0.050000 2.206721 -0.006057
0.055000 2.204453 -0.006057
0.060000 2.195896 -0.006057
0.065000 2.202852 -0.006057
0.070000 2.198386 -0.006057
0.075000 2.196371 -0.006057
0.080000 2.204592 -0.006057
0.085000 2.200324 -0.006057
0.090000 2.213570 -0.006057
0.095000 2.202170 -0.006057
0.100000 2.201259 -0.006057
0.105000 2.201450 -0.006057
0.110000 2.206499 -0.006057
0.115000 2.199696 -0.006057
0.120000 2.191728 -0.006057
0.125000 2.204592 -0.006057
0.130000 2.202576 -0.006057
0.135000 2.199612 -0.006057
0.140000 2.201427 -0.006057
0.145000 2.195091 -0.006057
0.150000 2.201167 -0.006057
0.155000 2.202768 -0.006057
0.160000 2.195076 -0.006057
0.165000 2.207426 -0.006057
0.170000 2.201588 -0.006057
0.175000 2.203320 -0.006057
0.180000 2.202730 -0.006057
0.185000 2.204875 -0.006057
0.190000 2.209656 -0.006057
0.195000 2.201795 -0.006057
0.200000 2.202101 -0.006057
0.205000 2.199435 -0.006057
0.210000 2.200998 -0.006057
0.215000 2.204837 -0.006057
0.220000 2.200822 -0.006057
0.225000 2.204423 -0.006057
0.230000 2.203526 -0.006057
0.235000 2.202737 -0.006057
0.240000 2.207196 -0.006057
0.245000 2.205679 -0.006057
0.250000 2.205488 -0.006057
0.255000 2.210582 -0.006057
0.260000 2.206392 -0.006057
0.265000 2.209234 -0.006057
0.270000 2.206277 -0.006057
0.275000 2.216558 -0.006057
0.280000 2.202461 -0.006057
0.285000 2.213586 -0.006057
0.290000 2.209280 -0.006057
0.295000 2.207280 -0.006057
0.300000 2.209786 -0.006057
0.305000 2.208797 -0.006057
0.310000 2.209464 -0.006057
0.315000 2.208169 -0.006057
0.320000 2.210299 -0.006057
0.325000 2.212138 -0.006057
0.330000 2.209196 -0.006057
0.335000 2.210115 -0.006057
0.340000 2.216888 -0.006057
0.345000 2.204369 -0.006057
0.350000 2.212597 -0.006057
0.355000 2.212904 -0.006057
0.360000 2.208430 -0.006057
0.365000 2.209579 -0.006057
0.370000 2.209855 -0.006057
0.375000 2.208537 -0.006057
0.380000 2.206131 -0.006057
0.385000 2.201167 -0.006057
0.390000 2.211402 -0.006057
0.395000 2.208070 -0.006057
0.400000 2.208997 -0.006057
0.405000 2.206545 -0.006057
0.410000 2.212145 -0.006057
0.415000 2.214045 -0.006057
0.420000 2.209403 -0.006057
0.425000 2.213402 -0.006057
0.430000 2.199596 -0.006057
0.435000 2.206744 -0.006057
0.440000 2.205281 -0.006057
0.445000 2.200646 -0.006057
0.450000 2.201397 -0.006057
0.455000 2.205480 -0.006057
0.460000 2.217271 -0.006057
0.465000 2.203994 -0.006057
0.470000 2.201864 -0.006057
0.475000 2.206216 -0.006057
0.480000 2.202393 -0.006057
0.485000 2.199604 -0.006057
0.490000 2.209012 -0.006057
0.495000 2.202423 -0.006057
0.500000 2.202929 -0.006057
0.505000 2.196762 -0.006057
0.510000 2.201741 -0.006057
0.515000 2.204998 -0.006057
0.520000 2.203013 -0.006057
0.525000 2.210651 -0.006057
0.530000 2.202630 -0.006057
0.535000 2.208598 -0.006057
0.540000 2.208284 -0.006057
0.545000 2.203504 -0.006057
0.550000 2.206124 -0.006057
0.555000 2.208690 -0.006057
0.560000 2.201420 -0.006057
0.565000 2.209671 -0.006057
0.570000 2.201197 -0.006057
0.575000 2.212774 -0.006057
0.580000 2.197298 -0.006057
0.585000 2.204017 -0.006057
0.590000 2.204653 -0.006057
0.595000 2.198930 -0.006057
0.600000 2.207457 -0.006057
0.605000 2.203281 -0.006057
0.610000 2.204599 -0.006057
0.615000 2.207526 -0.006057
0.620000 2.211165 -0.006057
0.625000 2.204875 -0.006057
0.630000 2.208659 -0.006057
0.635000 2.207418 -0.006057
0.640000 2.204676 -0.006057
0.645000 2.206415 0.097944
0.650000 2.216758 2.593967
0.655000 2.209157 2.489966
0.660000 2.203442 -0.006057
0.665000 2.207457 -0.006057
0.670000 2.207143 -0.006057
0.675000 2.246636 -0.006057
0.680000 2.271152 -0.006057
0.685000 2.312377 -0.006057
0.690000 2.353342 -0.006057
0.695000 2.394023 -0.006057
0.700000 2.435355 -0.006057
0.705000 2.475086 -0.006057
0.710000 2.504697 -0.006057
0.715000 2.545117 -0.006057
0.720000 2.559076 -0.006057
0.725000 2.590050 -0.006057
0.730000 2.608069 -0.006057
0.735000 2.629214 -0.006057
0.740000 2.652198 -0.006057
0.745000 2.645264 -0.006057
0.750000 2.663268 -0.006057
0.755000 2.667298 -0.006057
0.760000 2.679227 -0.006057
0.765000 2.680682 -0.006057
0.770000 2.674055 -0.006057
0.775000 2.679770 -0.006057
0.780000 2.677725 -0.006057
0.785000 2.673435 -0.006057
0.790000 2.662357 -0.006057
0.795000 2.644315 -0.006057
0.800000 2.635274 -0.006057
0.805000 2.626426 -0.006057
0.810000 2.605043 -0.006057
0.815000 2.597780 -0.006057
0.820000 2.579577 -0.006057
0.825000 2.568331 -0.006057
0.830000 2.550373 -0.006057
0.835000 2.536245 -0.006057
0.840000 2.511952 -0.006057
0.845000 2.492301 -0.006057
0.850000 2.488179 -0.006057
0.855000 2.474243 -0.006057
0.860000 2.456331 -0.006057
0.865000 2.435868 -0.006057
0.870000 2.426100 -0.006057
0.875000 2.414210 -0.006057
0.880000 2.415972 -0.006057
0.885000 2.391326 -0.006057
0.890000 2.382247 -0.006057
0.895000 2.361363 -0.006057
0.900000 2.362267 -0.006057
0.905000 2.338931 -0.006057
0.910000 2.336847 -0.006057
0.915000 2.331745 -0.006057
0.920000 2.322743 -0.006057
0.925000 2.311864 -0.006057
0.930000 2.306807 -0.006057
0.935000 2.299016 -0.006057
0.940000 2.295515 -0.006057
0.945000 2.287777 -0.006057
0.950000 2.282491 -0.006057
0.955000 2.276078 -0.006057
0.960000 2.273734 -0.006057
0.965000 2.264012 -0.006057
0.970000 2.266456 -0.006057
0.975000 2.258404 -0.006057
0.980000 2.254910 -0.006057
0.985000 2.252581 -0.006057
0.990000 2.250681 -0.006057
0.995000 2.248582 -0.006057
1.000000 2.257392 -0.006057
1.005000 2.240316 -0.006057
1.010000 2.242170 -0.006057
1.015000 2.237044 -0.006057
1.020000 2.239603 -0.006057
1.025000 2.230072 -0.006057
1.030000 2.231758 -0.006057
1.035000 2.229935 -0.006057
1.040000 2.237320 -0.006057
1.045000 2.225553 -0.006057
1.050000 2.229598 -0.006057
1.055000 2.224648 -0.006057
1.060000 2.219554 -0.006057
1.065000 2.221370 -0.006057
1.070000 2.224840 -0.006057
1.075000 2.218596 -0.006057
1.080000 2.218205 -0.006057
1.085000 2.209724 -0.006057
1.090000 2.215578 -0.006057
1.095000 2.211808 -0.006057
1.100000 2.211011 -0.006057
1.105000 2.213532 -0.006057
1.110000 2.210575 -0.006057
1.115000 2.207587 -0.006057
1.120000 2.211295 -0.006057
1.125000 2.209089 -0.006057
1.130000 2.213295 -0.006057
1.135000 2.213670 -0.006057
1.140000 2.217891 -0.006057
1.145000 2.205810 -0.006057
1.150000 2.203113 -0.006057
1.155000 2.207802 -0.006057
1.160000 2.218719 -0.006057
1.165000 2.204461 -0.006057
1.170000 2.206078 -0.006057
1.175000 2.207372 -0.006057
1.180000 2.210567 -0.006057
1.185000 2.195881 -0.006057
1.190000 2.211571 -0.006057
1.195000 2.202600 -0.006057
1.200000 2.210008 -0.006057
1.205000 2.206039 -0.006057
1.210000 2.203350 -0.006057
1.215000 2.201964 -0.006057
1.220000 2.196991 -0.006057
1.225000 2.212751 -0.006057
1.230000 2.197995 -0.006057
1.235000 2.204170 -0.006057
1.240000 2.202140 -0.006057
1.245000 2.200753 -0.006057
1.250000 2.198217 -0.006057
1.255000 2.195758 -0.006057
1.260000 2.197329 -0.006057
1.265000 2.198930 -0.006057
1.270000 2.196501 -0.006057
1.275000 2.202377 -0.006057
1.280000 2.204407 -0.006057
1.285000 2.193015 -0.006057
1.290000 2.200876 -0.006057
1.295000 2.198041 -0.006057
1.300000 2.202362 -0.006057
1.305000 2.196064 -0.006057
1.310000 2.204032 -0.006057
1.315000 2.191981 -0.006057
1.320000 2.194777 -0.006057
1.325000 2.196279 -0.006057
1.330000 2.196417 -0.006057
1.335000 2.198194 -0.006057
1.340000 2.203741 -0.006057
1.345000 2.194180 -0.006057
1.350000 2.191360 -0.006057
1.355000 2.198386 -0.006057
1.360000 2.191943 -0.006057
1.365000 2.206798 -0.006057
1.370000 2.195459 -0.006057
1.375000 2.196800 -0.006057
1.380000 2.192808 -0.006057
1.385000 2.199137 -0.006057
1.390000 2.197803 -0.006057
1.395000 2.197237 -0.006057
1.400000 2.198302 -0.006057
1.405000 2.191927 -0.006057
1.410000 2.194502 -0.006057
1.415000 2.198600 -0.006057
1.420000 2.192211 -0.006057
1.425000 2.190196 -0.006057
1.430000 2.197635 -0.006057
1.435000 2.188610 -0.006057
1.440000 2.196241 -0.006057
1.445000 2.189346 -0.006057
1.450000 2.194318 -0.006057
1.455000 2.189399 -0.006057
1.460000 2.200569 -0.006057
1.465000 2.200401 -0.006057
1.470000 2.198439 -0.006057
1.475000 2.197589 -0.006057
1.480000 2.198010 -0.006057
1.485000 2.195030 -0.006057
1.490000 2.198286 -0.006057
1.495000 2.195972 -0.006057
1.500000 2.197689 -0.006057
1.505000 2.200998 -0.006057
1.510000 2.201496 -0.006057
1.515000 2.204852 -0.006057
1.520000 2.192594 -0.006057
1.525000 2.194341 -0.006057
1.530000 2.190663 -0.006057
1.535000 2.198976 -0.006057
1.540000 2.196685 -0.006057
1.545000 2.193291 -0.006057
1.550000 2.197237 -0.006057
1.555000 2.195544 -0.006057
1.560000 2.197589 -0.006057
1.565000 2.195091 -0.006057
1.570000 2.194142 -0.006057
1.575000 2.192134 -0.006057
1.580000 2.199297 -0.006057
1.585000 2.192341 -0.006057
1.590000 2.195298 -0.006057
1.595000 2.191989 -0.006057
1.600000 2.199451 -0.006057
1.605000 2.193552 -0.006057
1.610000 2.191805 -0.006057
1.615000 2.199259 -0.006057
1.620000 2.201221 -0.006057
1.625000 2.197175 -0.006057
1.630000 2.193973 -0.006057
1.635000 2.184971 -0.006057
1.640000 2.187568 -0.006057
1.645000 2.187936 -0.006057
1.650000 2.188204 -0.006057
1.655000 2.198447 -0.006057
1.660000 2.191054 -0.006057
1.665000 2.196164 -0.006057
1.670000 2.190671 -0.006057
1.675000 2.194632 -0.006057
1.680000 2.184481 -0.006057
1.685000 2.190924 -0.006057
1.690000 2.195061 -0.006057
1.695000 2.188955 -0.006057
1.700000 2.196294 -0.006057
1.705000 2.186411 -0.006057
1.710000 2.195023 -0.006057
1.715000 2.199336 -0.006057
1.720000 2.200163 -0.006057
1.725000 2.196302 -0.006057
1.730000 2.195628 -0.006057
1.735000 2.188671 -0.006057
1.740000 2.192081 -0.006057
1.745000 2.188342 -0.006057
1.750000 2.196969 -0.006057
1.755000 2.195789 -0.006057
1.760000 2.194486 -0.006057
1.765000 2.196647 -0.006057
1.770000 2.193123 -0.006057
1.775000 2.187430 -0.006057
1.780000 2.179991 -0.006057
1.785000 2.191437 -0.006057
1.790000 2.188319 -0.006057
1.795000 2.190127 -0.006057
1.800000 2.188947 -0.006057
1.805000 2.199749 -0.006057
1.810000 2.194257 -0.006057
1.815000 2.203350 -0.006057
1.820000 2.191376 -0.006057
1.825000 2.184496 -0.006057
1.830000 2.189047 -0.006057
1.835000 2.187201 -0.006057
1.840000 2.198478 -0.006057
1.845000 2.180704 -0.006057
1.850000 2.191996 -0.006057
1.855000 2.189928 -0.006057
1.860000 2.190165 -0.006057
1.865000 2.191062 -0.006057
1.870000 2.193996 -0.006057
1.875000 2.194341 -0.006057
1.880000 2.189844 -0.006057
1.885000 2.190073 -0.006057
1.890000 2.187714 -0.006057
1.895000 2.195329 -0.006057
1.900000 2.187254 -0.006057
1.905000 2.193904 -0.006057
1.910000 2.189721 -0.006057
1.915000 2.193544 -0.006057
1.920000 2.189077 -0.006057
1.925000 2.194394 -0.006057
1.930000 2.184220 -0.006057
1.935000 2.198049 -0.006057
1.940000 2.192180 -0.006057
1.945000 2.190181 -0.006057
1.950000 2.193146 -0.006057
1.955000 2.189376 -0.006057
1.960000 2.195689 -0.006057
1.965000 2.193268 -0.006057
1.970000 2.196563 -0.006057
1.975000 2.191414 -0.006057
1.980000 2.202730 -0.006057
1.985000 2.193552 -0.006057
1.990000 2.191759 -0.006057
1.995000 2.185791 -0.006057
2.000000 2.200248 -0.006057
2.005000 2.194701 -0.006057
2.010000 2.190610 -0.006057
2.015000 2.192073 -0.006057
2.020000 2.188219 -0.006057
2.025000 2.196961 -0.006057
2.030000 2.191177 -0.006057
2.035000 2.195620 -0.006057
2.040000 2.192196 -0.006057
2.045000 2.190970 -0.006057
2.050000 2.190556 -0.006057
2.055000 2.190878 -0.006057
2.060000 2.186281 -0.006057
2.065000 2.187400 -0.006057
2.070000 2.187384 -0.006057
2.075000 2.187989 -0.006057
2.080000 2.195245 -0.006057
2.085000 2.185791 -0.006057
2.090000 2.192234 -0.006057
2.095000 2.188610 -0.006057
2.100000 2.192303 -0.006057
2.105000 2.182205 -0.006057
2.110000 2.184435 -0.006057
2.115000 2.181462 -0.006057
2.120000 2.184711 -0.006057
2.125000 2.188457 -0.006057
2.130000 2.187484 -0.006057
2.135000 2.183002 -0.006057
2.140000 2.188671 -0.006057
2.145000 2.180374 -0.006057
2.150000 2.189231 -0.006057
2.155000 2.194777 -0.006057
2.160000 2.188786 -0.006057
2.165000 2.195398 -0.006057
2.170000 2.188618 -0.006057
2.175000 2.197045 -0.006057
2.180000 2.188219 -0.006057
2.185000 2.185025 -0.006057
2.190000 2.191736 -0.006057
2.195000 2.198087 -0.006057
2.200000 2.189943 -0.006057
2.205000 2.189683 -0.006057
2.210000 2.189652 -0.006057
2.215000 2.179018 -0.006057
2.220000 2.194655 -0.006057
2.225000 2.182397 -0.006057
2.230000 2.186795 -0.006057
2.235000 2.188794 -0.006057
2.240000 2.196501 -0.006057
2.245000 2.192058 -0.006057
2.250000 2.198646 -0.006057
2.255000 2.189905 -0.006057
2.260000 2.195459 -0.006057
2.265000 2.193850 -0.006057
2.270000 2.188641 -0.006057
2.275000 2.185477 -0.006057
2.280000 2.188174 -0.006057
2.285000 2.192739 -0.006057
2.290000 2.198072 -0.006057
2.295000 2.194471 -0.006057
2.300000 2.194348 -0.006057
2.305000 2.192854 -0.006057
2.310000 2.191475 -0.006057
2.315000 2.197604 -0.006057
2.320000 2.188051 -0.006057
2.325000 2.194586 -0.006057
2.330000 2.193099 -0.006057
2.335000 2.193383 -0.006057
2.340000 2.193276 -0.006057
2.345000 2.187768 -0.006057
2.350000 2.196938 -0.006057
2.355000 2.182619 -0.006057
2.360000 2.191805 -0.006057
2.365000 2.192510 -0.006057
2.370000 2.181462 -0.006057
2.375000 2.188564 -0.006057
2.380000 2.189376 -0.006057
2.385000 2.187530 -0.006057
2.390000 2.194601 -0.006057
2.395000 2.194103 -0.006057
2.400000 2.197421 -0.006057
2.405000 2.190640 -0.006057
2.410000 2.193812 -0.006057
2.415000 2.189805 -0.006057
2.420000 2.193008 -0.006057
2.425000 2.201412 -0.006057
2.430000 2.189545 -0.006057
2.435000 2.197681 -0.006057
2.440000 2.184443 -0.006057
2.445000 2.188763 -0.006057
2.450000 2.192494 -0.006057
2.455000 2.184749 -0.006057
2.460000 2.199558 -0.006057
2.465000 2.193927 -0.006057
2.470000 2.198869 -0.006057
2.475000 2.196187 -0.006057
2.480000 2.193322 -0.006057
2.485000 2.190801 -0.006057
2.490000 2.196057 -0.006057
2.495000 2.184205 -0.006057
2.500000 2.196432 -0.006057
2.505000 2.188097 -0.006057
2.510000 2.190786 -0.006057
2.515000 2.194180 -0.006057
2.520000 2.192931 -0.006057
2.525000 2.186833 -0.006057
2.530000 2.188687 -0.006057
2.535000 2.185890 -0.006057
2.540000 2.199206 -0.006057
2.545000 2.189874 -0.006057
2.550000 2.192893 -0.006057
2.555000 2.197788 -0.006057
2.560000 2.193735 -0.006057
2.565000 2.189093 -0.006057
2.570000 2.178857 -0.006057
2.575000 2.191023 -0.006057
2.580000 2.185461 -0.006057
2.585000 2.190418 -0.006057
2.590000 2.193843 -0.006057
2.595000 2.190579 -0.006057
2.600000 2.194992 -0.006057
2.605000 2.193912 -0.006057
2.610000 2.194961 -0.006057
2.615000 2.193805 -0.006057
2.620000 2.188342 -0.006057
2.625000 2.192893 -0.006057
2.630000 2.200416 -0.006057
2.635000 2.194072 -0.006057
2.640000 2.203641 -0.006057
2.645000 2.193107 -0.006057
2.650000 2.198708 -0.006057
2.655000 2.187721 -0.006057
2.660000 2.203741 -0.006057
2.665000 2.189192 -0.006057
2.670000 2.190817 -0.006057
2.675000 2.191567 -0.006057
2.680000 2.191054 -0.006057
2.685000 2.190196 -0.006057
2.690000 2.196348 -0.006057
2.695000 2.193552 -0.006057
2.700000 2.194072 -0.006057
2.705000 2.191813 -0.006057
2.710000 2.189269 -0.006057
2.715000 2.199481 -0.006057
2.720000 2.189507 -0.006057
2.725000 2.194180 -0.006057
2.730000 2.182014 -0.006057
2.735000 2.193000 -0.006057
2.740000 2.197765 -0.006057
2.745000 2.192096 -0.006057
2.750000 2.193743 -0.006057
2.755000 2.200025 -0.006057
2.760000 2.199795 -0.006057
2.765000 2.197712 -0.006057
2.770000 2.193751 -0.006057
2.775000 2.193873 -0.006057
2.780000 2.199703 -0.006057
2.785000 2.185944 -0.006057
2.790000 2.195819 -0.006057
2.795000 2.181838 -0.006057
2.800000 2.200830 -0.006057
2.805000 2.193238 -0.006057
2.810000 2.194846 -0.006057
2.815000 2.198891 -0.006057
2.820000 2.201673 -0.006057
2.825000 2.198187 -0.006057
2.830000 2.193973 -0.006057
2.835000 2.200010 -0.006057
2.840000 2.193245 -0.006057
2.845000 2.201818 -0.006057
2.850000 2.192395 -0.006057
2.855000 2.200209 -0.006057
2.860000 2.186932 -0.006057
2.865000 2.203971 -0.006057
2.870000 2.194318 -0.006057
2.875000 2.204928 -0.006057
2.880000 2.194103 -0.006057
2.885000 2.197666 -0.006057
2.890000 2.196792 -0.006057
2.895000 2.191069 -0.006057
2.900000 2.207893 -0.006057
2.905000 2.197375 -0.006057
2.910000 2.194486 -0.006057
2.915000 2.201144 -0.006057
2.920000 2.204001 -0.006057
2.925000 2.197949 -0.006057
2.930000 2.195704 -0.006057
2.935000 2.192295 -0.006057
2.940000 2.199075 -0.006057
2.945000 2.199749 -0.006057
2.950000 2.200876 -0.006057
2.955000 2.198263 -0.006057
2.960000 2.198148 -0.006057
2.965000 2.205687 -0.006057
2.970000 2.190227 -0.006057
2.975000 2.195069 -0.006057
2.980000 2.200676 -0.006057
2.985000 2.209694 -0.006057
2.990000 2.194793 -0.006057
2.995000 2.193644 -0.006057
3.000000 2.199481 -0.006057
3.005000 2.198263 -0.006057
3.010000 2.192839 -0.006057
3.015000 2.201075 -0.006057
3.020000 2.199512 -0.006057
3.025000 2.200056 -0.006057
3.030000 2.196126 -0.006057
3.035000 2.200615 -0.006057
3.040000 2.201918 -0.006057
3.045000 2.198509 -0.006057
3.050000 2.198079 -0.006057
3.055000 2.188733 -0.006057
3.060000 2.200608 -0.006057
3.065000 2.195651 -0.006057
3.070000 2.197781 -0.006057
3.075000 2.191989 -0.006057
3.080000 2.200263 -0.006057
