0.000000 -62.807045 -0.006057
0.005000 -1.013969 -0.006057
0.010000 0.171979 -0.006057
0.015000 0.232503 -0.006057
0.020000 0.226543 -0.006057
0.025000 0.227860 -0.006057
0.030000 0.218797 -0.006057
0.035000 0.224474 -0.006057
0.040000 0.221877 -0.006057
0.045000 0.228013 -0.006057
0.050000 0.229247 -0.006057
0.055000 0.232794 -0.006057
0.060000 0.232235 -0.006057
0.065000 0.232825 -0.006057
0.070000 0.229017 -0.006057
0.075000 0.225776 -0.006057
0.080000 0.232978 -0.006057
0.085000 0.226811 -0.006057
0.090000 0.229423 -0.006057
0.095000 0.228803 -0.006057
0.100000 0.231438 -0.006057
0.105000 0.226481 -0.006057
0.110000 0.225914 -0.006057
0.115000 0.230672 -0.006057
0.120000 0.228726 -0.006057
0.125000 0.235468 -0.006057
0.130000 0.234970 -0.006057
0.135000 0.235215 -0.006057
0.140000 0.234020 -0.006057
0.145000 0.238333 -0.006057
0.150000 0.235552 -0.006057
0.155000 0.242302 -0.006057
0.160000 0.234020 -0.006057
0.165000 0.235031 -0.006057
0.170000 0.227661 -0.006057
0.175000 0.243596 -0.006057
0.180000 0.234939 -0.006057
0.185000 0.228205 -0.006057
0.190000 0.227293 -0.006057
0.195000 0.239268 -0.006057
0.200000 0.233070 -0.006057
0.205000 0.228986 -0.006057
0.210000 0.227508 -0.006057
0.215000 0.229975 -0.006057
0.220000 0.229929 -0.006057
0.225000 0.221655 -0.006057
0.230000 0.231047 -0.006057
0.235000 0.230182 -0.006057
0.240000 0.230549 -0.006057
0.245000 0.224405 -0.006057
0.250000 0.225248 -0.006057
0.255000 0.224620 -0.006057
0.260000 0.228818 -0.006057
0.265000 0.228297 -0.006057
0.270000 0.228059 -0.006057
0.275000 0.235468 -0.006057
0.280000 0.224972 -0.006057
0.285000 0.228443 -0.006057
0.290000 0.227516 -0.006057
0.295000 0.238647 -0.006057
0.300000 0.223769 -0.006057
0.305000 0.231699 -0.006057
0.310000 0.223769 -0.006057
0.315000 0.232151 -0.006057
0.320000 0.236540 -0.006057
0.325000 0.227546 -0.006057
0.330000 0.231308 -0.006057
0.335000 0.235874 -0.006057
0.340000 0.233882 -0.006057
0.345000 0.232526 -0.006057
0.350000 0.226887 -0.006057
0.355000 0.231836 -0.006057
0.360000 0.229224 -0.006057
0.365000 0.226634 -0.006057
0.370000 0.229584 -0.006057
0.375000 0.225654 -0.006057
0.380000 0.238800 -0.006057
0.385000 0.232342 -0.006057
0.390000 0.233675 -0.006057
0.395000 0.235567 -0.006057
0.400000 0.236127 -0.006057
0.405000 0.230863 -0.006057
0.410000 0.227623 -0.006057
0.415000 0.240785 -0.006057
0.420000 0.233001 -0.006057
0.425000 0.234326 -0.006057
0.430000 0.224811 -0.006057
0.435000 0.231538 -0.006057
0.440000 0.225156 -0.006057
0.445000 0.226435 -0.006057
0.450000 0.223218 -0.006057
0.455000 0.232518 -0.006057
0.460000 0.222850 -0.006057
0.465000 0.231331 -0.006057
0.470000 0.233177 -0.006057
0.475000 0.233537 -0.006057
0.480000 0.231377 -0.006057
0.485000 0.219456 -0.006057
0.490000 0.224259 -0.006057
0.495000 0.230687 -0.006057
0.500000 0.230825 -0.006057
0.505000 0.223976 -0.006057
0.510000 0.230036 -0.006057
0.515000 0.227730 -0.006057
0.520000 0.229998 -0.006057
0.525000 0.228205 -0.006057
0.530000 0.233959 -0.006057
0.535000 0.230810 -0.006057
0.540000 0.231262 -0.006057
0.545000 0.230703 -0.006057
0.550000 0.226474 -0.006057
0.555000 0.235866 -0.006057
0.560000 0.234104 -0.006057
0.565000 0.230810 -0.006057
0.570000 0.228940 -0.006057
0.575000 0.230350 -0.006057
0.580000 0.230404 -0.006057
0.585000 0.230978 -0.006057
0.590000 0.225118 -0.006057
0.595000 0.232442 -0.006057
0.600000 0.223647 -0.006057
0.605000 0.237023 -0.006057
0.610000 0.231254 -0.006057
0.615000 0.229032 -0.006057
0.620000 0.231492 -0.006057
0.625000 0.226320 -0.006057
0.630000 0.222827 -0.006057
0.635000 0.228757 -0.006057
0.640000 0.233499 -0.006057
0.645000 0.226182 0.173960
0.650000 0.233522 2.994223
0.655000 0.231308 2.814206
0.660000 0.227952 -0.006057
0.665000 0.227002 -0.006057
0.670000 0.289173 -0.006057
0.675000 0.466645 -0.006057
0.680000 0.777782 1.194055
0.685000 1.155794 2.994223
0.690000 1.536166 1.794111
0.695000 1.911075 -0.006057
0.700000 2.290565 -0.006057
0.705000 2.749771 -0.006057
0.710000 3.457231 -0.006057
0.715000 4.694654 2.214150
0.720000 6.512845 2.994223
0.725000 8.633974 0.774016
0.730000 10.901218 -0.006057
0.735000 13.256927 -0.006057
0.740000 15.627414 -0.006057
0.745000 17.994408 0.233966
0.750000 20.328028 2.994223
0.755000 22.584862 2.754200
0.760000 24.721659 -0.006057
0.765000 26.710318 -0.006057
0.770000 28.545952 -0.006057
0.775000 30.192999 -0.006057
0.780000 31.631783 1.254061
0.785000 32.822643 2.994223
0.790000 33.773453 1.734105
0.795000 34.457169 -0.006057
0.800000 34.896461 -0.006057
0.805000 35.101631 -0.006057
0.810000 35.110088 -0.006057
0.815000 34.970348 2.274156
0.820000 34.699524 2.994223
0.825000 34.301434 0.714010
0.830000 33.773788 -0.006057
0.835000 33.092003 -0.006057
0.840000 32.265057 -0.006057
0.845000 31.354040 0.293971
0.850000 30.391256 2.994223
0.855000 29.365610 2.694195
0.860000 28.271681 -0.006057
0.865000 27.131386 -0.006057
0.870000 25.981262 -0.006057
0.875000 24.869436 -0.006057
0.880000 23.824875 1.314066
0.885000 22.840601 2.994223
0.890000 21.905098 1.674100
0.895000 21.021368 -0.006057
0.900000 20.188910 -0.006057
0.905000 19.437351 -0.006057
0.910000 18.766657 -0.006057
0.915000 18.151953 2.334161
0.920000 17.585222 2.994223
0.925000 17.047688 0.654005
0.930000 16.543718 -0.006057
0.935000 16.081793 -0.006057
0.940000 15.662127 -0.006057
0.945000 15.298250 0.353977
0.950000 14.951550 2.994223
0.955000 14.638283 2.634189
0.960000 14.338637 -0.006057
0.965000 14.049365 -0.006057
0.970000 13.769700 -0.006057 30Hz
0.975000 13.537765 -0.006057
0.980000 13.327594 1.374072
0.985000 13.116053 2.994223
0.990000 12.913544 1.614094
0.995000 12.720765 -0.006057
1.000000 12.535701 -0.006057
1.005000 12.360381 -0.006057
1.010000 12.229842 -0.006057
1.015000 12.089174 2.394167
1.020000 11.977711 2.994223
1.025000 11.861774 0.593999
1.030000 11.759650 -0.006057
1.035000 11.662996 -0.006057
1.040000 11.568679 -0.006057
1.045000 11.490527 0.413982
1.050000 11.428510 2.994223
1.055000 11.365197 2.574183
1.060000 11.304804 -0.006057
1.065000 11.241339 -0.006057
1.070000 11.182982 -0.006057
1.075000 11.146148 -0.006057
1.080000 11.110761 1.434077
1.085000 11.078109 2.994223
1.090000 11.050827 1.554088
1.095000 11.025721 -0.006057
1.100000 10.994632 -0.006057
1.105000 10.965382 -0.006057
1.110000 10.952266 -0.006057
1.115000 10.941050 2.454172
1.120000 10.918119 2.994223
1.125000 10.895450 0.533993
1.130000 10.868567 -0.006057
1.135000 10.843676 -0.006057
1.140000 10.940199 -0.006057
1.145000 11.414022 -0.006057
1.150000 12.535907 -0.006057
1.155000 14.130734 -0.006057
1.160000 16.005005 -0.006057
1.165000 18.045807 -0.006057
1.170000 20.166307 -0.006057
1.175000 22.294088 -0.006057
1.180000 24.380304 -0.006057
1.185000 26.367256 -0.006057
1.190000 28.222204 -0.006057
1.195000 29.920328 -0.006057
1.200000 31.439884 -0.006057
1.205000 32.738552 -0.006057
1.210000 33.828384 -0.006057
1.215000 34.704029 -0.006057
1.220000 35.353378 -0.006057
1.225000 35.783661 -0.006057
1.230000 36.014080 -0.006057
1.235000 36.052956 -0.006057
1.240000 35.900803 -0.006057
1.245000 35.605095 -0.006057
1.250000 35.177094 -0.006057
1.255000 34.631294 -0.006057
1.260000 33.952801 -0.006057
1.265000 33.134804 -0.006057
1.270000 32.130123 -0.006057
1.275000 30.888062 -0.006057
1.280000 29.400124 -0.006057
1.285000 27.764202 -0.006057
1.290000 26.079954 -0.006057
1.295000 24.449041 -0.006057
1.300000 22.906641 -0.006057
1.305000 21.442797 -0.006057
1.310000 20.083620 -0.006057
1.315000 18.811905 -0.006057
1.320000 17.624393 -0.006057
1.325000 16.514015 -0.006057
1.330000 15.477668 -0.006057
1.335000 14.519073 -0.006057
1.340000 13.608998 -0.006057
1.345000 12.779488 -0.006057
1.350000 11.991677 -0.006057
1.355000 11.258055 -0.006057
1.360000 10.569449 -0.006057
1.365000 9.925762 -0.006057
1.370000 9.326587 -0.006057
1.375000 8.769341 -0.006057
1.380000 8.237690 -0.006057
1.385000 7.753640 -0.006057
1.390000 7.298793 -0.006057
1.395000 6.892826 -0.006057
1.400000 6.501483 -0.006057
1.405000 6.145076 -0.006057
1.410000 5.810104 -0.006057
1.415000 5.502944 -0.006057
1.420000 5.237191 -0.006057
1.425000 4.986777 -0.006057
1.430000 4.747425 -0.006057
1.435000 4.521220 -0.006057
1.440000 4.334095 -0.006057
1.445000 4.139630 -0.006057
1.450000 3.938745 -0.006057
1.455000 3.770819 -0.006057
1.460000 3.611742 -0.006057
1.465000 3.473342 -0.006057
1.470000 3.343668 -0.006057
1.475000 3.214983 -0.006057
1.480000 3.104118 -0.006057
1.485000 3.008682 -0.006057
1.490000 2.905907 -0.006057
1.495000 2.830030 -0.006057
1.500000 2.747381 -0.006057
1.505000 2.672692 -0.006057
1.510000 2.600829 -0.006057
1.515000 2.538360 -0.006057
1.520000 2.480464 -0.006057
1.525000 2.414616 -0.006057
1.530000 2.359754 -0.006057
1.535000 2.310646 -0.006057
1.540000 2.269275 -0.006057
1.545000 2.217585 -0.006057
1.550000 2.180099 -0.006057
1.555000 2.139808 -0.006057
1.560000 2.089359 -0.006057
1.565000 2.057113 -0.006057
1.570000 2.022921 -0.006057
1.575000 1.984983 -0.006057
1.580000 1.961647 -0.006057
1.585000 1.920659 -0.006057
1.590000 1.889401 -0.006057
1.595000 1.854773 -0.006057
1.600000 1.838217 -0.006057
1.605000 1.810085 -0.006057
1.610000 1.788090 -0.006057
1.615000 1.771763 -0.006057
1.620000 1.756372 -0.006057
1.625000 1.729834 -0.006057
1.630000 1.714366 -0.006057
1.635000 1.691811 -0.006057
1.640000 1.664805 -0.006057
1.645000 1.652363 -0.006057
1.650000 1.625580 -0.006057
1.655000 1.615812 -0.006057
1.660000 1.582631 -0.006057
1.665000 1.584799 -0.006057
1.670000 1.561869 -0.006057
1.675000 1.545267 -0.006057
1.680000 1.535246 -0.006057
1.685000 1.515389 -0.006057
1.690000 1.502342 -0.006057
1.695000 1.489072 -0.006057
1.700000 1.481166 -0.006057
1.705000 1.465008 -0.006057
1.710000 1.455171 -0.006057
1.715000 1.444499 -0.006057
1.720000 1.434241 -0.006057
1.725000 1.413456 -0.006057
1.730000 1.405550 -0.006057
1.735000 1.385508 -0.006057
1.740000 1.387400 -0.006057
1.745000 1.370783 -0.006057
1.750000 1.366401 -0.006057
1.755000 1.357453 -0.006057
1.760000 1.345080 -0.006057
1.765000 1.338966 -0.006057
1.770000 1.332738 -0.006057
1.775000 1.320686 -0.006057
1.780000 1.305885 -0.006057
1.785000 1.308674 -0.006057
1.790000 1.293673 -0.006057
1.795000 1.281055 -0.006057
1.800000 1.270904 -0.006057
1.805000 1.276366 -0.006057
1.810000 1.259374 -0.006057
1.815000 1.260385 -0.006057
1.820000 1.237953 -0.006057
1.825000 1.227917 -0.006057
1.830000 1.234460 -0.006057
1.835000 1.219643 -0.006057
1.840000 1.218616 -0.006057
1.845000 1.205531 -0.006057
1.850000 1.198329 -0.006057
1.855000 1.191036 -0.006057
1.860000 1.190208 -0.006057
1.865000 1.181766 -0.006057
1.870000 1.177475 -0.006057
1.875000 1.162161 -0.006057
1.880000 1.164788 -0.006057
1.885000 1.154408 -0.006057
1.890000 1.147512 -0.006057
1.895000 1.145069 -0.006057
1.900000 1.139606 -0.006057
1.905000 1.133990 -0.006057
1.910000 1.123939 -0.006057
1.915000 1.121495 -0.006057
1.920000 1.117841 -0.006057
1.925000 1.111183 -0.006057
1.930000 1.105583 -0.006057
1.935000 1.102020 -0.006057
1.940000 1.091333 -0.006057
1.945000 1.090980 -0.006057
1.950000 1.087747 -0.006057
1.955000 1.084100 -0.006057
1.960000 1.070326 -0.006057
1.965000 1.065369 -0.006057
1.970000 1.065568 -0.006057
1.975000 1.066081 -0.006057
1.980000 1.068341 -0.006057
1.985000 1.047150 -0.006057
1.990000 1.053019 -0.006057
1.995000 1.043144 -0.006057
2.000000 1.051640 -0.006057
2.005000 1.045802 -0.006057
2.010000 1.034433 -0.006057
2.015000 1.040876 -0.006057
2.020000 1.026082 -0.006057
2.025000 1.023677 -0.006057
2.030000 1.023270 -0.006057
2.035000 1.015747 -0.006057
2.040000 1.017249 -0.006057
2.045000 1.015962 -0.006057
2.050000 1.002876 -0.006057
2.055000 1.004983 -0.006057
2.060000 0.989630 -0.006057
2.065000 0.997399 -0.006057
2.070000 0.985692 -0.006057
2.075000 0.986229 -0.006057
2.080000 0.981149 -0.006057
2.085000 0.976277 -0.006057
2.090000 0.980299 -0.006057
2.095000 0.963904 -0.006057
2.100000 0.963007 -0.006057
2.105000 0.952312 -0.006057
2.110000 0.950336 -0.006057
2.115000 0.954128 -0.006057
2.120000 0.954634 -0.006057
2.125000 0.947532 -0.006057
2.130000 0.945754 -0.006057
2.135000 0.939939 -0.006057
2.140000 0.943111 -0.006057
2.145000 0.932071 -0.006057
2.150000 0.925391 -0.006057
2.155000 0.920534 -0.006057
2.160000 0.927115 -0.006057
2.165000 0.925398 -0.006057
2.170000 0.910444 -0.006057
2.175000 0.909348 -0.006057
2.180000 0.911011 -0.006057
2.185000 0.871080 -0.006057
2.190000 0.926931 -0.006057
2.195000 0.901005 -0.006057
2.200000 0.902744 -0.006057
2.205000 0.876650 -0.006057
2.210000 0.892769 -0.006057
2.215000 0.901848 -0.006057
2.220000 0.902308 -0.006057
2.225000 0.872498 -0.006057
2.230000 0.868905 -0.006057
2.235000 0.884541 -0.006057
2.240000 0.889981 -0.006057
2.245000 0.869157 -0.006057
2.250000 0.873363 -0.006057
2.255000 0.858861 -0.006057
2.260000 0.867388 -0.006057
2.265000 0.862132 -0.006057
2.270000 0.868345 -0.006057
2.275000 0.866913 -0.006057
2.280000 0.852671 -0.006057
2.285000 0.856019 -0.006057
2.290000 0.845002 -0.006057
2.295000 0.850012 -0.006057
2.300000 0.839317 -0.006057
2.305000 0.842650 -0.006057
2.310000 0.830920 -0.006057
2.315000 0.839225 -0.006057
2.320000 0.834107 -0.006057
2.325000 0.833678 -0.006057
2.330000 0.827917 -0.006057
2.335000 0.823129 -0.006057
2.340000 0.835793 -0.006057
2.345000 0.819015 -0.006057
2.350000 0.819712 -0.006057
2.355000 0.812572 -0.006057
2.360000 0.826033 -0.006057
2.365000 0.813330 -0.006057
2.370000 0.819827 -0.006057
2.375000 0.807676 -0.006057
2.380000 0.810886 -0.006057
2.385000 0.808167 -0.006057
2.390000 0.802191 -0.006057
2.395000 0.805370 -0.006057
2.400000 0.803738 -0.006057
2.405000 0.804068 -0.006057
2.410000 0.803378 -0.006057
2.415000 0.792829 -0.006057
2.420000 0.790201 -0.006057
2.425000 0.796200 -0.006057
2.430000 0.796261 -0.006057
