0.000000 -62.161263 -0.006057
0.005000 0.871027 -0.006057
0.010000 2.072298 -0.006057
0.015000 2.129404 -0.006057
0.020000 2.121329 -0.006057
0.025000 2.130975 -0.006057
0.030000 2.127351 -0.006057
0.035000 2.136476 -0.006057
0.040000 2.127389 -0.006057
0.045000 2.136705 -0.006057
0.050000 2.129374 -0.006057
0.055000 2.127604 -0.006057
0.060000 2.122425 -0.006057
0.065000 2.125995 -0.006057
0.070000 2.123260 -0.006057
0.075000 2.113745 -0.006057
0.080000 2.122739 -0.006057
0.085000 2.126815 -0.006057
0.090000 2.126501 -0.006057
0.095000 2.130745 -0.006057
0.100000 2.129665 -0.006057
0.105000 2.128232 -0.006057
0.110000 2.128799 -0.006057
0.115000 2.119674 -0.006057
0.120000 2.132890 -0.006057
0.125000 2.124103 -0.006057
0.130000 2.128891 -0.006057
0.135000 2.121145 -0.006057
0.140000 2.126079 -0.006057
0.145000 2.124769 -0.006057
0.150000 2.121322 -0.006057
0.155000 2.118862 -0.006057
0.160000 2.123658 -0.006057
0.165000 2.127052 -0.006057
0.170000 2.126010 -0.006057
0.175000 2.132262 -0.006057
0.180000 2.125826 -0.006057
0.185000 2.128837 -0.006057
0.190000 2.127282 -0.006057
0.195000 2.120931 -0.006057
0.200000 2.134338 -0.006057
0.205000 2.127244 -0.006057
0.210000 2.122042 -0.006057
0.215000 2.121804 -0.006057
0.220000 2.127887 -0.006057
0.225000 2.117867 -0.006057
0.230000 2.128033 -0.006057
0.235000 2.125114 -0.006057
0.240000 2.127788 -0.006057
0.245000 2.124455 -0.006057
0.250000 2.127765 -0.006057
0.255000 2.119514 -0.006057
0.260000 2.123229 -0.006057
0.265000 2.123390 -0.006057
0.270000 2.122571 -0.006057
0.275000 2.117077 -0.006057
0.280000 2.126370 -0.006057
0.285000 2.127918 -0.006057
0.290000 2.119805 -0.006057
0.295000 2.133649 -0.006057
0.300000 2.127198 -0.006057
0.305000 2.127895 -0.006057
0.310000 2.127803 -0.006057
0.315000 2.127757 -0.006057
0.320000 2.126455 -0.006057
0.325000 2.130224 -0.006057
0.330000 2.128822 -0.006057
0.335000 2.130982 -0.006057
0.340000 2.131473 -0.006057
0.345000 2.137556 -0.006057
0.350000 2.128684 -0.006057
0.355000 2.127711 -0.006057
0.360000 2.134560 -0.006057
0.365000 2.125643 -0.006057
0.370000 2.127236 -0.006057
0.375000 2.118096 -0.006057
0.380000 2.128585 -0.006057
0.385000 2.126830 -0.006057
0.390000 2.128700 -0.006057
0.395000 2.126723 -0.006057
0.400000 2.128370 -0.006057
0.405000 2.124087 -0.006057
0.410000 2.127297 -0.006057
0.415000 2.121758 -0.006057
0.420000 2.125382 -0.006057
0.425000 2.130684 -0.006057
0.430000 2.126355 -0.006057
0.435000 2.130975 -0.006057
0.440000 2.125505 -0.006057
0.445000 2.134461 -0.006057
0.450000 2.121705 -0.006057
0.455000 2.133051 -0.006057
0.460000 2.125283 -0.006057
0.465000 2.127949 -0.006057
0.470000 2.124876 -0.006057
0.475000 2.130408 -0.006057
0.480000 2.132622 -0.006057
0.485000 2.124187 -0.006057
0.490000 2.129971 -0.006057
0.495000 2.126370 -0.006057
0.500000 2.134667 -0.006057
0.505000 2.128554 -0.006057
0.510000 2.138659 -0.006057
0.515000 2.119590 -0.006057
0.520000 2.123252 -0.006057
0.525000 2.122754 -0.006057
0.530000 2.126309 -0.006057
0.535000 2.126171 -0.006057
0.540000 2.122471 -0.006057
0.545000 2.124923 -0.006057
0.550000 2.120533 -0.006057
0.555000 2.126861 -0.006057
0.560000 2.135380 -0.006057
0.565000 2.133166 -0.006057
0.570000 2.127045 -0.006057
0.575000 2.126125 -0.006057
0.580000 2.126776 -0.006057
0.585000 2.129504 -0.006057
0.590000 2.126447 -0.006057
0.595000 2.123413 -0.006057
0.600000 2.121498 -0.006057
0.605000 2.132147 -0.006057
0.610000 2.120893 -0.006057
0.615000 2.123367 -0.006057
0.620000 2.118096 -0.006057
0.625000 2.121176 -0.006057
0.630000 2.129128 -0.006057
0.635000 2.132162 -0.006057
0.640000 2.126608 -0.006057
0.645000 2.133810 0.089948
0.650000 2.127995 2.394073
0.655000 2.123520 2.298068
0.660000 2.128117 -0.006057
0.665000 2.129956 -0.006057
0.670000 2.144727 -0.006057
0.675000 2.332848 -0.006057
0.680000 3.201737 -0.006057
0.685000 5.065151 -0.006057
0.690000 7.525925 -0.006057
0.695000 10.257332 -0.006057
0.700000 13.141587 -0.006057
0.705000 16.095484 -0.006057
0.710000 19.009649 -0.006057
0.715000 21.879961 -0.006057
0.720000 24.622108 -0.006057
0.725000 27.189543 -0.006057
0.730000 29.577528 -0.006057
0.735000 31.775675 -0.006057
0.740000 33.732204 -0.006057
0.745000 35.469170 -0.006057
0.750000 36.902874 -0.006057
0.755000 38.000145 -0.006057
0.760000 38.680843 -0.006057
0.765000 38.862919 -0.006057
0.770000 38.576988 -0.006057
0.775000 38.021992 -0.006057
0.780000 37.329266 -0.006057
0.785000 36.448811 -0.006057
0.790000 35.312511 -0.006057
0.795000 33.975800 -0.006057
0.800000 32.523907 -0.006057
0.805000 31.043585 -0.006057
0.810000 29.638182 -0.006057
0.815000 28.372349 -0.006057
0.820000 27.271984 -0.006057
0.825000 26.332521 -0.006057
0.830000 25.512871 -0.006057
0.835000 24.807112 -0.006057
0.840000 24.175781 -0.006057
0.845000 23.649349 -0.006057
0.850000 23.160004 -0.006057
0.855000 22.726181 -0.006057
0.860000 22.343065 -0.006057
0.865000 21.997591 -0.006057
0.870000 21.679888 -0.006057
0.875000 21.402544 -0.006057
0.880000 21.134939 -0.006057
0.885000 20.890738 -0.006057
0.890000 20.680689 -0.006057
0.895000 20.474358 -0.006057
0.900000 20.289240 -0.006057
0.905000 20.114794 -0.006057
0.910000 19.952967 -0.006057
0.915000 19.802094 -0.006057
0.920000 19.664522 -0.006057
0.925000 19.529730 -0.006057
0.930000 19.410744 -0.006057
0.935000 19.291029 -0.006057
0.940000 19.170250 -0.006057
0.945000 19.079395 -0.006057
0.950000 18.968424 -0.006057
0.955000 18.874481 -0.006057
0.960000 18.771362 -0.006057
0.965000 18.685427 -0.006057
0.970000 18.597345 -0.006057
0.975000 18.517515 -0.006057
0.980000 18.440941 -0.006057
0.985000 18.366858 -0.006057
0.990000 18.283733 -0.006057
0.995000 18.203743 -0.006057
1.000000 18.139219 -0.006057
1.005000 18.077532 -0.006057
1.010000 18.003525 -0.006057
1.015000 17.932283 -0.006057
1.020000 17.866611 -0.006057
1.025000 17.797153 -0.006057
1.030000 17.746077 -0.006057
1.035000 17.687515 -0.006057
1.040000 17.622217 -0.006057
1.045000 17.571684 -0.006057
1.050000 17.517519 -0.006057
1.055000 17.465708 -0.006057
1.060000 17.411949 -0.006057
1.065000 17.360771 -0.006057
1.070000 17.312973 -0.006057
1.075000 17.258678 -0.006057
1.080000 17.213507 -0.006057
1.085000 17.171364 -0.006057
1.090000 17.125496 -0.006057
1.095000 17.078701 -0.006057
1.100000 17.031040 -0.006057
1.105000 16.996849 -0.006057
1.110000 16.954773 -0.006057
1.115000 16.922895 -0.006057
1.120000 16.883562 -0.006057
1.125000 16.842926 -0.006057
1.130000 16.808367 -0.006057
1.135000 16.774719 -0.006057
1.140000 16.732866 -0.006057
1.145000 16.703300 -0.006057
1.150000 16.678089 -0.006057
1.155000 16.645176 -0.006057
1.160000 16.611160 -0.006057
1.165000 16.590551 -0.006057
1.170000 16.556429 -0.006057
1.175000 16.531981 -0.006057
1.180000 16.507128 -0.006057
1.185000 16.482597 -0.006057
1.190000 16.448008 -0.006057
1.195000 16.415110 -0.006057
1.200000 16.389751 -0.006057
1.205000 16.370352 -0.006057
1.210000 16.353252 -0.006057
1.215000 16.322010 -0.006057
1.220000 16.311707 -0.006057
1.225000 16.282877 -0.006057
1.230000 16.256109 -0.006057
1.235000 16.234749 -0.006057
1.240000 16.207811 -0.006057
1.245000 16.193792 -0.006057
1.250000 16.169008 -0.006057
1.255000 16.160044 -0.006057
1.260000 16.135252 -0.006057
1.265000 16.112001 -0.006057
1.270000 16.087761 -0.006057
1.275000 16.075741 -0.006057
1.280000 16.059553 -0.006057
1.285000 16.040092 -0.006057
1.290000 16.023544 -0.006057
1.295000 16.003448 -0.006057
1.300000 15.980044 -0.006057
1.305000 15.962769 -0.006057
1.310000 15.949093 -0.006057
1.315000 15.924937 -0.006057
1.320000 15.916120 -0.006057
1.325000 15.900161 -0.006057
1.330000 15.888447 -0.006057
1.335000 15.871570 -0.006057
1.340000 15.852853 -0.006057
1.345000 15.834842 -0.006057
1.350000 15.818186 -0.006057
1.355000 15.798589 -0.006057
1.360000 15.784385 -0.006057
1.365000 15.775827 -0.006057
1.370000 15.756552 -0.006057
1.375000 15.740754 -0.006057
1.380000 15.727316 -0.006057
1.385000 15.717564 -0.006057
1.390000 15.691875 -0.006057
1.395000 15.679073 -0.006057
1.400000 15.665904 -0.006057
1.405000 15.653899 -0.006057
1.410000 15.643962 -0.006057
1.415000 15.631957 -0.006057
1.420000 15.618634 -0.006057
1.425000 15.599902 -0.006057
1.430000 15.583385 -0.006057
1.435000 15.570813 -0.006057
1.440000 15.559314 -0.006057
1.445000 15.554195 -0.006057
1.450000 15.549583 -0.006057
1.455000 15.529795 -0.006057
1.460000 15.514319 -0.006057
1.465000 15.504957 -0.006057
1.470000 15.488624 -0.006057
1.475000 15.477514 -0.006057
1.480000 15.461066 -0.006057
1.485000 15.459557 -0.006057
1.490000 15.434320 -0.006057
1.495000 15.429594 -0.006057
1.500000 15.414862 -0.006057
1.505000 15.406120 -0.006057
1.510000 15.396390 -0.006057
1.515000 15.377973 -0.006057
1.520000 15.367951 -0.006057
1.525000 15.356123 -0.006057
1.530000 15.342156 -0.006057
1.535000 15.335254 -0.006057
1.540000 15.321555 -0.006057
1.545000 15.314821 -0.006057
1.550000 15.297101 -0.006057
1.555000 15.293179 -0.006057
1.560000 15.281655 -0.006057
1.565000 15.269183 -0.006057
1.570000 15.260886 -0.006057
1.575000 15.250329 -0.006057
1.580000 15.240078 -0.006057
1.585000 15.229452 -0.006057
1.590000 15.218842 -0.006057
1.595000 15.206530 -0.006057
1.600000 15.192173 -0.006057
1.605000 15.184473 -0.006057
1.610000 15.175916 -0.006057
1.615000 15.170094 -0.006057
1.620000 15.148527 -0.006057
1.625000 15.137533 -0.006057
1.630000 15.125766 -0.006057
1.635000 15.115568 -0.006057
1.640000 15.101180 -0.006057
1.645000 15.097909 -0.006057
1.650000 15.076642 -0.006057
1.655000 15.071072 -0.006057
1.660000 15.062607 -0.006057
1.665000 15.047522 -0.006057
1.670000 15.033057 -0.006057
1.675000 15.022431 -0.006057
1.680000 15.011774 -0.006057
1.685000 15.002934 -0.006057
1.690000 14.991510 -0.006057
1.695000 14.976211 -0.006057
1.700000 14.967078 -0.006057
1.705000 14.960505 -0.006057
1.710000 14.949113 -0.006057
1.715000 14.934189 -0.006057
1.720000 14.937269 -0.006057
1.725000 14.918928 -0.006057
1.730000 14.913228 -0.006057
1.735000 14.891048 -0.006057
1.740000 14.883709 -0.006057
1.745000 14.877672 -0.006057
1.750000 14.865139 -0.006057
1.755000 14.850138 -0.006057
1.760000 14.839236 -0.006057
1.765000 14.831629 -0.006057
1.770000 14.815846 -0.006057
1.775000 14.802087 -0.006057
1.780000 14.791598 -0.006057
1.785000 14.790189 -0.006057
1.790000 14.774284 -0.006057
1.795000 14.763467 -0.006057
1.800000 14.740176 -0.006057
1.805000 14.748144 -0.006057
1.810000 14.734185 -0.006057
1.815000 14.720081 -0.006057
1.820000 14.703771 -0.006057
1.825000 14.691443 -0.006057
1.830000 14.689268 -0.006057
1.835000 14.675469 -0.006057
1.840000 14.653880 -0.006057
1.845000 14.648962 -0.006057
1.850000 14.640137 -0.006057
1.855000 14.631578 -0.006057
1.860000 14.618922 -0.006057
1.865000 14.597363 -0.006057
