0.000000 -62.557728 -0.006057
0.005000 -0.288299 -0.006057
0.010000 0.911922 -0.006057
0.015000 0.959522 -0.006057
0.020000 0.963490 -0.006057
0.025000 0.953492 -0.006057
0.030000 0.958671 -0.006057
0.035000 0.962961 -0.006057
0.040000 0.955990 -0.006057
0.045000 0.949792 -0.006057
0.050000 0.956733 -0.006057
0.055000 0.956082 -0.006057
0.060000 0.958847 -0.006057
0.065000 0.962847 -0.006057
0.070000 0.956066 -0.006057
0.075000 0.964624 -0.006057
0.080000 0.949562 -0.006057
0.085000 0.959820 -0.006057
0.090000 0.964126 -0.006057
0.095000 0.958173 -0.006057
0.100000 0.957093 -0.006057
0.105000 0.963865 -0.006057
0.110000 0.966861 -0.006057
0.115000 0.965834 -0.006057
0.120000 0.959974 -0.006057
0.125000 0.959269 -0.006057
0.130000 0.958135 -0.006057
0.135000 0.961483 -0.006057
0.140000 0.968792 -0.006057
0.145000 0.956151 -0.006057
0.150000 0.957139 -0.006057
0.155000 0.961429 -0.006057
0.160000 0.961314 -0.006057
0.165000 0.957790 -0.006057
0.170000 0.962892 -0.006057
0.175000 0.960249 -0.006057
0.180000 0.959598 -0.006057
0.185000 0.952642 -0.006057
0.190000 0.963092 -0.006057
0.195000 0.970860 -0.006057
0.200000 0.971105 -0.006057
0.205000 0.960878 -0.006057
0.210000 0.951814 -0.006057
0.215000 0.964164 -0.006057
0.220000 0.962165 -0.006057
0.225000 0.964969 -0.006057
0.230000 0.968416 -0.006057
0.235000 0.965490 -0.006057
0.240000 0.962341 -0.006057
0.245000 0.966976 -0.006057
0.250000 0.963582 -0.006057
0.255000 0.963237 -0.006057
0.260000 0.961582 -0.006057
0.265000 0.962977 -0.006057
0.270000 0.967665 -0.006057
0.275000 0.962287 -0.006057
0.280000 0.964524 -0.006057
0.285000 0.962226 -0.006057
0.290000 0.964724 -0.006057
0.295000 0.960349 -0.006057
0.300000 0.958755 -0.006057
0.305000 0.959246 -0.006057
0.310000 0.961544 -0.006057
0.315000 0.961981 -0.006057
0.320000 0.957583 -0.006057
0.325000 0.961651 -0.006057
0.330000 0.955875 -0.006057
0.335000 0.964348 -0.006057
0.340000 0.956304 -0.006057
0.345000 0.959077 -0.006057
0.350000 0.955492 -0.006057
0.355000 0.968830 -0.006057
0.360000 0.959307 -0.006057
0.365000 0.959039 -0.006057
0.370000 0.956940 -0.006057
0.375000 0.957208 -0.006057
0.380000 0.957599 -0.006057
0.385000 0.961192 -0.006057
0.390000 0.957599 -0.006057
0.395000 0.954059 -0.006057
0.400000 0.960648 -0.006057
0.405000 0.960954 -0.006057
0.410000 0.964111 -0.006057
0.415000 0.958334 -0.006057
0.420000 0.967604 -0.006057
0.425000 0.957721 -0.006057
0.430000 0.956917 -0.006057
0.435000 0.962272 -0.006057
0.440000 0.966807 -0.006057
0.445000 0.954994 -0.006057
0.450000 0.955361 -0.006057
0.455000 0.964095 -0.006057
0.460000 0.965336 -0.006057
0.465000 0.964808 -0.006057
0.470000 0.962847 -0.006057
0.475000 0.967045 -0.006057
0.480000 0.964195 -0.006057
0.485000 0.967497 -0.006057
0.490000 0.961038 -0.006057
0.495000 0.962640 -0.006057
0.500000 0.965850 -0.006057
0.505000 0.965528 -0.006057
0.510000 0.964593 -0.006057
0.515000 0.970309 -0.006057
0.520000 0.972086 -0.006057
0.525000 0.965620 -0.006057
0.530000 0.969749 -0.006057
0.535000 0.966080 -0.006057
0.540000 0.968761 -0.006057
0.545000 0.972239 -0.006057
0.550000 0.969198 -0.006057
0.555000 0.968631 -0.006057
0.560000 0.972990 -0.006057
0.565000 0.965589 -0.006057
0.570000 0.965321 -0.006057
0.575000 0.971986 -0.006057
0.580000 0.963827 -0.006057
0.585000 0.968562 -0.006057
0.590000 0.967528 -0.006057
0.595000 0.970952 -0.006057
0.600000 0.968807 -0.006057
0.605000 0.972729 -0.006057
0.610000 0.968884 -0.006057
0.615000 0.982252 -0.006057
0.620000 0.972109 -0.006057
0.625000 0.969205 -0.006057
0.630000 0.959675 -0.006057
0.635000 0.963436 -0.006057
0.640000 0.976292 -0.006057
0.645000 0.967344 0.113954
0.650000 0.964938 2.994223
0.655000 0.969642 2.874212
0.660000 0.966210 -0.006057
0.665000 0.974208 -0.006057
0.670000 1.083771 -0.006057
0.675000 1.350987 -0.006057
0.680000 1.814697 -0.006057
0.685000 2.342302 -0.006057
0.690000 2.928959 -0.006057
0.695000 3.483463 -0.006057
0.700000 4.009229 -0.006057
0.705000 4.495133 -0.006057
0.710000 4.939407 -0.006057
0.715000 5.332259 -0.006057
0.720000 5.682645 -0.006057
0.725000 5.980934 -0.006057
0.730000 6.218432 -0.006057
0.735000 6.406706 -0.006057
0.740000 6.549082 -0.006057
0.745000 6.641400 -0.006057
0.750000 6.687949 -0.006057
0.755000 6.695656 -0.006057
0.760000 6.654301 -0.006057
0.765000 6.577712 -0.006057
0.770000 6.484199 -0.006057
0.775000 6.337403 -0.006057
0.780000 6.183336 -0.006057
0.785000 5.999260 -0.006057
0.790000 5.781490 -0.006057
0.795000 5.546727 -0.006057
0.800000 5.305598 -0.006057
0.805000 5.043416 -0.006057
0.810000 4.777733 -0.006057
0.815000 4.516830 -0.006057
0.820000 4.264600 -0.006057
0.825000 4.019717 -0.006057
0.830000 3.789053 -0.006057
0.835000 3.573857 -0.006057
0.840000 3.370651 -0.006057
0.845000 3.183074 -0.006057
0.850000 3.013807 -0.006057
0.855000 2.853381 -0.006057
0.860000 2.703229 -0.006057
0.865000 2.566408 -0.006057
0.870000 2.435439 -0.006057
0.875000 2.330549 -0.006057
0.880000 2.215141 -0.006057
0.885000 2.120854 -0.006057
0.890000 2.028039 -0.006057
0.895000 1.954430 -0.006057
0.900000 1.864855 -0.006057
0.905000 1.796011 -0.006057
0.910000 1.725352 -0.006057
0.915000 1.669004 -0.006057
0.920000 1.611476 -0.006057
0.925000 1.564765 -0.006057
0.930000 1.518162 -0.006057
0.935000 1.467629 -0.006057
0.940000 1.426036 -0.006057
0.945000 1.394280 -0.006057
0.950000 1.355208 -0.006057
0.955000 1.334362 -0.006057
0.960000 1.303579 -0.006057
0.965000 1.282281 -0.006057
0.970000 1.258746 -0.006057
0.975000 1.234260 -0.006057
0.980000 1.214862 -0.006057
0.985000 1.195050 -0.006057
0.990000 1.176840 -0.006057
0.995000 1.170519 -0.006057
1.000000 1.148202 -0.006057
1.005000 1.149167 -0.006057
1.010000 1.130742 -0.006057
1.015000 1.117335 -0.006057
1.020000 1.099584 -0.006057
1.025000 1.094558 -0.006057
1.030000 1.087586 -0.006057
1.035000 1.081320 -0.006057
1.040000 1.075183 -0.006057
1.045000 1.064779 -0.006057
1.050000 1.057194 -0.006057
1.055000 1.046561 -0.006057
1.060000 1.044982 -0.006057
1.065000 1.037543 -0.006057
1.070000 1.026802 -0.006057
1.075000 1.026940 -0.006057
1.080000 1.028848 -0.006057
1.085000 1.016536 -0.006057
1.090000 1.019409 -0.006057
1.095000 1.005221 -0.006057
1.100000 1.007297 -0.006057
1.105000 1.000042 -0.006057
1.110000 0.996678 -0.006057
1.115000 0.998540 -0.006057
1.120000 0.996801 -0.006057
1.125000 0.997245 -0.006057
1.130000 0.989163 -0.006057
1.135000 0.985018 -0.006057
1.140000 0.988672 -0.006057
1.145000 0.991668 -0.006057
1.150000 0.981341 -0.006057
1.155000 0.980199 -0.006057
1.160000 0.977181 -0.006057
1.165000 0.968807 -0.006057
1.170000 0.958112 -0.006057
1.175000 0.966792 -0.006057
1.180000 0.962517 -0.006057
1.185000 0.963145 -0.006057
1.190000 0.964769 -0.006057
1.195000 0.960602 -0.006057
1.200000 0.957790 -0.006057
1.205000 0.953431 -0.006057
1.210000 0.955262 -0.006057
1.215000 0.951845 -0.006057
1.220000 0.951232 -0.006057
1.225000 0.941387 -0.006057
1.230000 0.946704 -0.006057
1.235000 0.947271 -0.006057
1.240000 0.946467 -0.006057
1.245000 0.944031 -0.006057
1.250000 0.941794 -0.006057
1.255000 0.943586 -0.006057
1.260000 0.934983 -0.006057
1.265000 0.937649 -0.006057
1.270000 0.926785 -0.006057
1.275000 0.938522 -0.006057
1.280000 0.939265 -0.006057
1.285000 0.936722 -0.006057
1.290000 0.932500 -0.006057
1.295000 0.934806 -0.006057
1.300000 0.927873 -0.006057
1.305000 0.930011 -0.006057
1.310000 0.926640 -0.006057
1.315000 0.937450 -0.006057
1.320000 0.931987 -0.006057
1.325000 0.929781 -0.006057
1.330000 0.929007 -0.006057
1.335000 0.921736 -0.006057
1.340000 0.931175 -0.006057
1.345000 0.927337 -0.006057
1.350000 0.924019 -0.006057
1.355000 0.922342 -0.006057
1.360000 0.930600 -0.006057
1.365000 0.924778 -0.006057
1.370000 0.926977 -0.006057
1.375000 0.918772 -0.006057
1.380000 0.923460 -0.006057
1.385000 0.925084 -0.006057
1.390000 0.919270 -0.006057
1.395000 0.922181 -0.006057
1.400000 0.924916 -0.006057
1.405000 0.933427 -0.006057
1.410000 0.921468 -0.006057
1.415000 0.923001 -0.006057
1.420000 0.916603 -0.006057
1.425000 0.922878 -0.006057
1.430000 0.918427 -0.006057
1.435000 0.926823 -0.006057
1.440000 0.934362 -0.006057
1.445000 0.930233 -0.006057
1.450000 0.932922 -0.006057
1.455000 0.927390 -0.006057
1.460000 0.933948 -0.006057
1.465000 0.927628 -0.006057
1.470000 0.923499 -0.006057
1.475000 0.925314 -0.006057
1.480000 0.938645 -0.006057
1.485000 0.928670 -0.006057
1.490000 0.930861 -0.006057
1.495000 0.920794 -0.006057
1.500000 0.926257 -0.006057
1.505000 0.927758 -0.006057
1.510000 0.926073 -0.006057
1.515000 0.931489 -0.006057
1.520000 0.938744 -0.006057
1.525000 0.941732 -0.006057
1.530000 0.933849 -0.006057
1.535000 0.938591 -0.006057
1.540000 0.944597 -0.006057
1.545000 0.941303 -0.006057
1.550000 0.934638 -0.006057
1.555000 0.936216 -0.006057
1.560000 0.940476 -0.006057
1.565000 0.938331 -0.006057
1.570000 0.936975 -0.006057
1.575000 0.936316 -0.006057
1.580000 0.935856 -0.006057
1.585000 0.941564 -0.006057
1.590000 0.928754 -0.006057
1.595000 0.926686 -0.006057
1.600000 0.933205 -0.006057
1.605000 0.929413 -0.006057
1.610000 0.933841 -0.006057
1.615000 0.925307 -0.006057
1.620000 0.924280 -0.006057
1.625000 0.913945 -0.006057
1.630000 0.924180 -0.006057
1.635000 0.915286 -0.006057
1.640000 0.915600 -0.006057
1.645000 0.917324 -0.006057
1.650000 0.919783 -0.006057
1.655000 0.913991 -0.006057
1.660000 0.923782 -0.006057
1.665000 0.923805 -0.006057
1.670000 0.911547 -0.006057
1.675000 0.908605 -0.006057
1.680000 0.900132 -0.006057
1.685000 0.911838 -0.006057
1.690000 0.907004 -0.006057
1.695000 0.912390 -0.006057
1.700000 0.904215 -0.006057
1.705000 0.910076 -0.006057
1.710000 0.911003 -0.006057
1.715000 0.908858 -0.006057
1.720000 0.902124 -0.006057
1.725000 0.902177 -0.006057
1.730000 0.897535 -0.006057
1.735000 0.905403 -0.006057
1.740000 0.908191 -0.006057
1.745000 0.902698 -0.006057
1.750000 0.905387 -0.006057
1.755000 0.905763 -0.006057
1.760000 0.905977 -0.006057
1.765000 0.904361 -0.006057
1.770000 0.895435 -0.006057
1.775000 0.894807 -0.006057
1.780000 0.900469 -0.006057
1.785000 0.893490 -0.006057
1.790000 0.895489 -0.006057
1.795000 0.887606 -0.006057
1.800000 0.898531 -0.006057
1.805000 0.892356 -0.006057
1.810000 0.890218 -0.006057
1.815000 0.894593 -0.006057
1.820000 0.888870 -0.006057
1.825000 0.889636 -0.006057
1.830000 0.887644 -0.006057
1.835000 0.889919 -0.006057
1.840000 0.891605 -0.006057
1.845000 0.898937 -0.006057
1.850000 0.881806 -0.006057
1.855000 0.891337 -0.006057
1.860000 0.898592 -0.006057
1.865000 0.895696 -0.006057
1.870000 0.890923 -0.006057
1.875000 0.879493 -0.006057
1.880000 0.891804 -0.006057
1.885000 0.890463 -0.006057
1.890000 0.888027 -0.006057
1.895000 0.881369 -0.006057
1.900000 0.886043 -0.006057
1.905000 0.884549 -0.006057
1.910000 0.881285 -0.006057
1.915000 0.879921 -0.006057
1.920000 0.881354 -0.006057
1.925000 0.876597 -0.006057
1.930000 0.881630 -0.006057
1.935000 0.880619 -0.006057
1.940000 0.883476 -0.006057
1.945000 0.886089 -0.006057
1.950000 0.878581 -0.006057
1.955000 0.887659 -0.006057
1.960000 0.874574 -0.006057
1.965000 0.891314 -0.006057
