0.000000 -63.265476 -0.006057
0.005000 -2.316467 -0.006057
0.010000 -1.148285 -0.006057
0.015000 -1.098081 -0.006057
0.020000 -1.101881 -0.006057
0.025000 -1.107443 -0.006057
0.030000 -1.100456 -0.006057
0.035000 -1.106363 -0.006057
0.040000 -1.103919 -0.006057
0.045000 -1.112737 -0.006057
0.050000 -1.104241 -0.006057
0.055000 -1.100349 -0.006057
0.060000 -1.097453 -0.006057
0.065000 -1.100954 -0.006057
0.070000 -1.102793 -0.006057
0.075000 -1.096810 -0.006057
0.080000 -1.099506 -0.006057
0.085000 -1.098710 -0.006057
0.090000 -1.102119 -0.006057
0.095000 -1.098618 -0.006057
0.100000 -1.102387 -0.006057
0.105000 -1.098418 -0.006057
0.110000 -1.103322 -0.006057
0.115000 -1.094350 -0.006057
0.120000 -1.100227 -0.006057
0.125000 -1.098894 -0.006057
0.130000 -1.096626 -0.006057
0.135000 -1.102425 -0.006057
0.140000 -1.096174 -0.006057
0.145000 -1.097499 -0.006057
0.150000 -1.096787 -0.006057
0.155000 -1.102280 -0.006057
0.160000 -1.106325 -0.006057
0.165000 -1.097859 -0.006057
0.170000 -1.108439 -0.006057
0.175000 -1.100939 -0.006057
0.180000 -1.102356 -0.006057
0.185000 -1.102402 -0.006057
0.190000 -1.100112 -0.006057
0.195000 -1.099805 -0.006057
0.200000 -1.099185 -0.006057
0.205000 -1.093094 -0.006057
0.210000 -1.102847 -0.006057
0.215000 -1.091592 -0.006057
0.220000 -1.099100 -0.006057
0.225000 -1.099093 -0.006057
0.230000 -1.093515 -0.006057
0.235000 -1.104157 -0.006057
0.240000 -1.105406 -0.006057
0.245000 -1.109474 -0.006057
0.250000 -1.102900 -0.006057
0.255000 -1.110462 -0.006057
0.260000 -1.106608 -0.006057
0.265000 -1.106585 -0.006057
0.270000 -1.100364 -0.006057
0.275000 -1.098924 -0.006057
0.280000 -1.097867 -0.006057
0.285000 -1.109818 -0.006057
0.290000 -1.096748 -0.006057
0.295000 -1.101085 -0.006057
0.300000 -1.103375 -0.006057
0.305000 -1.105988 -0.006057
0.310000 -1.105421 -0.006057
0.315000 -1.099744 -0.006057
0.320000 -1.102379 -0.006057
0.325000 -1.103168 -0.006057
0.330000 -1.107168 -0.006057
0.335000 -1.102303 -0.006057
0.340000 -1.105107 -0.006057
0.345000 -1.112170 -0.006057
0.350000 -1.100908 -0.006057
0.355000 -1.099238 -0.006057
0.360000 -1.108064 -0.006057
0.365000 -1.101843 -0.006057
0.370000 -1.103981 -0.006057
0.375000 -1.106018 -0.006057
0.380000 -1.101475 -0.006057
0.385000 -1.113994 -0.006057
0.390000 -1.106470 -0.006057
0.395000 -1.108186 -0.006057
0.400000 -1.106509 -0.006057
0.405000 -1.104417 -0.006057
0.410000 -1.098388 -0.006057
0.415000 -1.097867 -0.006057
0.420000 -1.109175 -0.006057
0.425000 -1.112454 -0.006057
0.430000 -1.107696 -0.006057
0.435000 -1.105773 -0.006057
0.440000 -1.108501 -0.006057
0.445000 -1.100885 -0.006057
0.450000 -1.101567 -0.006057
0.455000 -1.098081 -0.006057
0.460000 -1.108930 -0.006057
0.465000 -1.108248 -0.006057
0.470000 -1.095829 -0.006057
0.475000 -1.093561 -0.006057
0.480000 -1.104134 -0.006057
0.485000 -1.098242 -0.006057
0.490000 -1.099729 -0.006057
0.495000 -1.100004 -0.006057
0.500000 -1.093561 -0.006057
0.505000 -1.103276 -0.006057
0.510000 -1.097553 -0.006057
0.515000 -1.098756 -0.006057
0.520000 -1.102257 -0.006057
0.525000 -1.104908 -0.006057
0.530000 -1.099844 -0.006057
0.535000 -1.102418 -0.006057
0.540000 -1.101184 -0.006057
0.545000 -1.097783 -0.006057
0.550000 -1.102464 -0.006057
0.555000 -1.101008 -0.006057
0.560000 -1.101652 -0.006057
0.565000 -1.103835 -0.006057
0.570000 -1.110270 -0.006057
0.575000 -1.105980 -0.006057
0.580000 -1.106348 -0.006057
0.585000 -1.102548 -0.006057
0.590000 -1.098832 -0.006057
0.595000 -1.099844 -0.006057
0.600000 -1.102341 -0.006057
0.605000 -1.105360 -0.006057
0.610000 -1.106026 -0.006057
0.615000 -1.101697 -0.006057
0.620000 -1.095998 -0.006057
0.625000 -1.101422 -0.006057
0.630000 -1.102464 -0.006057
0.635000 -1.099200 -0.006057
0.640000 -1.102004 -0.006057
0.645000 -1.103168 0.113954
0.650000 -1.095714 2.994223
0.655000 -1.099001 2.874212
0.660000 -1.099667 -0.006057
0.665000 -1.105605 -0.006057
0.670000 -1.041534 -0.006057
0.675000 -0.892263 -0.006057
0.680000 -0.617348 -0.006057
0.685000 -0.284598 -0.006057
0.690000 0.080114 -0.006057 0.5Hz
0.695000 0.455598 -0.006057
0.700000 0.811108 -0.006057
0.705000 1.155043 -0.006057
0.710000 1.467590 -0.006057
0.715000 1.763796 -0.006057
0.720000 2.026438 -0.006057
0.725000 2.263047 -0.006057
0.730000 2.446854 -0.006057
0.735000 2.633980 -0.006057
0.740000 2.772609 -0.006057
0.745000 2.883390 -0.006057
0.750000 2.974007 -0.006057
0.755000 3.033198 -0.006057
0.760000 3.063237 -0.006057
0.765000 3.073948 -0.006057
0.770000 3.062287 -0.006057
0.775000 3.033880 -0.006057
0.780000 2.982703 -0.006057
0.785000 2.910258 -0.006057
0.790000 2.825962 -0.006057
0.795000 2.716713 -0.006057
0.800000 2.597849 -0.006057
0.805000 2.454921 -0.006057
0.810000 2.306363 -0.006057
0.815000 2.155935 -0.006057
0.820000 1.993686 -0.006057
0.825000 1.825338 -0.006057
0.830000 1.669057 -0.006057
0.835000 1.509903 -0.006057
0.840000 1.353737 -0.006057
0.845000 1.200022 -0.006057
0.850000 1.047963 -0.006057
0.855000 0.921369 -0.006057
0.860000 0.790806 -0.006057
0.865000 0.669905 -0.006057
0.870000 0.548605 -0.006057
0.875000 0.440827 -0.006057
0.880000 0.336121 -0.006057
0.885000 0.235039 -0.006057
0.890000 0.150045 -0.006057
0.895000 0.061382 -0.006057
0.900000 -0.018249 -0.006057
0.905000 -0.095137 -0.006057
0.910000 -0.156373 -0.006057
0.915000 -0.225316 -0.006057
0.920000 -0.280791 -0.006057
0.925000 -0.339139 -0.006057
0.930000 -0.379528 -0.006057
0.935000 -0.423527 -0.006057
0.940000 -0.467234 -0.006057
0.945000 -0.508321 -0.006057
0.950000 -0.541425 -0.006057
0.955000 -0.567136 -0.006057
0.960000 -0.610269 -0.006057
0.965000 -0.630724 -0.006057
0.970000 -0.661737 -0.006057
0.975000 -0.684820 -0.006057
0.980000 -0.698810 -0.006057
0.985000 -0.724704 -0.006057
0.990000 -0.742417 -0.006057
0.995000 -0.752530 -0.006057
1.000000 -0.773729 -0.006057
1.005000 -0.791380 -0.006057
1.010000 -0.804128 -0.006057
1.015000 -0.803607 -0.006057
1.020000 -0.824883 -0.006057
1.025000 -0.831739 -0.006057
1.030000 -0.841814 -0.006057
1.035000 -0.861871 -0.006057
1.040000 -0.853896 -0.006057
1.045000 -0.874129 -0.006057
1.050000 -0.871240 -0.006057
1.055000 -0.886670 -0.006057
1.060000 -0.887176 -0.006057
1.065000 -0.897258 -0.006057
1.070000 -0.896162 -0.006057
1.075000 -0.910826 -0.006057
1.080000 -0.908328 -0.006057
1.085000 -0.914894 -0.006057
1.090000 -0.913055 -0.006057
1.095000 -0.910282 -0.006057
1.100000 -0.924448 -0.006057
1.105000 -0.930569 -0.006057
1.110000 -0.934461 -0.006057
1.115000 -0.933220 -0.006057
1.120000 -0.933787 -0.006057
1.125000 -0.937885 -0.006057
1.130000 -0.949209 -0.006057
1.135000 -0.950067 -0.006057
1.140000 -0.956901 -0.006057
1.145000 -0.950381 -0.006057
1.150000 -0.958954 -0.006057
1.155000 -0.954771 -0.006057
1.160000 -0.961252 -0.006057
1.165000 -0.967350 -0.006057
1.170000 -0.959559 -0.006057
1.175000 -0.963964 -0.006057
1.180000 -0.964853 -0.006057
1.185000 -0.969296 -0.006057
1.190000 -0.967879 -0.006057
1.195000 -0.972545 -0.006057
1.200000 -0.969925 -0.006057
1.205000 -0.970476 -0.006057
1.210000 -0.970997 -0.006057
1.215000 -0.967910 -0.006057
1.220000 -0.978965 -0.006057
1.225000 -0.976774 -0.006057
1.230000 -0.978827 -0.006057
1.235000 -0.978589 -0.006057
1.240000 -0.980781 -0.006057
1.245000 -0.980888 -0.006057
1.250000 -0.987476 -0.006057
1.255000 -0.978842 -0.006057
1.260000 -0.989108 -0.006057
1.265000 -0.989277 -0.006057
1.270000 -0.990426 -0.006057
1.275000 -0.986503 -0.006057
1.280000 -0.988779 -0.006057
1.285000 -0.992410 -0.006057
1.290000 -0.994149 -0.006057
1.295000 -0.996777 -0.006057
1.300000 -0.991537 -0.006057
1.305000 -0.997436 -0.006057
1.310000 -0.997038 -0.006057
1.315000 -0.991047 -0.006057
1.320000 -0.992449 -0.006057
1.325000 -1.006185 -0.006057
1.330000 -0.994670 -0.006057
1.335000 -1.001366 -0.006057
1.340000 -0.996992 -0.006057
1.345000 -1.006055 -0.006057
1.350000 -1.000761 -0.006057
1.355000 -1.001006 -0.006057
1.360000 -1.002914 -0.006057
1.365000 -0.998938 -0.006057
1.370000 -1.014873 -0.006057
1.375000 -1.001259 -0.006057
1.380000 -1.009050 -0.006057
1.385000 -1.010069 -0.006057
1.390000 -1.003680 -0.006057
1.395000 -0.997903 -0.006057
1.400000 -1.010307 -0.006057
1.405000 -1.006629 -0.006057
1.410000 -1.014298 -0.006057
1.415000 -1.010008 -0.006057
1.420000 -1.021829 -0.006057
1.425000 -1.010138 -0.006057
1.430000 -1.008537 -0.006057
1.435000 -1.014321 -0.006057
1.440000 -1.018849 -0.006057
1.445000 -1.021607 -0.006057
1.450000 -1.014023 -0.006057
1.455000 -1.019730 -0.006057
1.460000 -1.013180 -0.006057
1.465000 -1.022074 -0.006057
1.470000 -1.020044 -0.006057
1.475000 -1.021462 -0.006057
1.480000 -1.022933 -0.006057
1.485000 -1.025461 -0.006057
1.490000 -1.015854 -0.006057
1.495000 -1.018435 -0.006057
1.500000 -1.021814 -0.006057
1.505000 -1.024036 -0.006057
1.510000 -1.022266 -0.006057
1.515000 -1.021737 -0.006057
1.520000 -1.021584 -0.006057
1.525000 -1.019768 -0.006057
1.530000 -1.035757 -0.006057
1.535000 -1.021569 -0.006057
1.540000 -1.025767 -0.006057
1.545000 -1.027813 -0.006057
1.550000 -1.026824 -0.006057
1.555000 -1.024741 -0.006057
1.560000 -1.028610 -0.006057
1.565000 -1.030609 -0.006057
1.570000 -1.034899 -0.006057
1.575000 -1.026932 -0.006057
1.580000 -1.031253 -0.006057
1.585000 -1.032739 -0.006057
1.590000 -1.028311 -0.006057
1.595000 -1.037152 -0.006057
1.600000 -1.022266 -0.006057
1.605000 -1.031436 -0.006057
1.610000 -1.031720 -0.006057
1.615000 -1.028786 -0.006057
1.620000 -1.028035 -0.006057
1.625000 -1.027422 -0.006057
1.630000 -1.034662 -0.006057
1.635000 -1.036815 -0.006057
1.640000 -1.034509 -0.006057
1.645000 -1.037313 -0.006057
1.650000 -1.033359 -0.006057
1.655000 -1.027629 -0.006057
1.660000 -1.037167 -0.006057
1.665000 -1.023913 -0.006057
1.670000 -1.037251 -0.006057
1.675000 -1.025055 -0.006057
1.680000 -1.029544 -0.006057
1.685000 -1.037343 -0.006057
1.690000 -1.032892 -0.006057
1.695000 -1.039596 -0.006057
1.700000 -1.033482 -0.006057
1.705000 -1.039818 -0.006057
1.710000 -1.038232 -0.006057
1.715000 -1.029774 -0.006057
1.720000 -1.028847 -0.006057
1.725000 -1.037443 -0.006057
1.730000 -1.032341 -0.006057
1.735000 -1.042239 -0.006057
1.740000 -1.039603 -0.006057
1.745000 -1.040002 -0.006057
1.750000 -1.031843 -0.006057
1.755000 -1.034984 -0.006057
1.760000 -1.036033 -0.006057
1.765000 -1.039435 -0.006057
1.770000 -1.046698 -0.006057
1.775000 -1.039642 -0.006057
1.780000 -1.041143 -0.006057
1.785000 -1.042737 -0.006057
1.790000 -1.046904 -0.006057
1.795000 -1.040829 -0.006057
1.800000 -1.045342 -0.006057
1.805000 -1.047265 -0.006057
1.810000 -1.045487 -0.006057
1.815000 -1.040515 -0.006057
1.820000 -1.037159 -0.006057
1.825000 -1.043097 -0.006057
1.830000 -1.046154 -0.006057
1.835000 -1.049050 -0.006057
1.840000 -1.045771 -0.006057
1.845000 -1.046859 -0.006057
1.850000 -1.046560 -0.006057
1.855000 -1.042905 -0.006057
1.860000 -1.036041 -0.006057
1.865000 -1.050436 -0.006057
1.870000 -1.040438 -0.006057
1.875000 -1.050184 -0.006057
1.880000 -1.037918 -0.006057
1.885000 -1.041036 -0.006057
1.890000 -1.041304 -0.006057
1.895000 -1.040438 -0.006057
1.900000 -1.042001 -0.006057
1.905000 -1.048230 -0.006057
1.910000 -1.045931 -0.006057
1.915000 -1.050015 -0.006057
1.920000 -1.052145 -0.006057
1.925000 -1.044644 -0.006057
1.930000 -1.044874 -0.006057
1.935000 -1.039297 -0.006057
1.940000 -1.047732 -0.006057
1.945000 -1.040883 -0.006057
1.950000 -1.045985 -0.006057
1.955000 -1.044943 -0.006057
1.960000 -1.049486 -0.006057
1.965000 -1.042147 -0.006057
1.970000 -1.051808 -0.006057
1.975000 -1.049218 -0.006057
1.980000 -1.044169 -0.006057
1.985000 -1.053409 -0.006057
1.990000 -1.052995 -0.006057
1.995000 -1.050681 -0.006057
2.000000 -1.043825 -0.006057
2.005000 -1.044185 -0.006057
2.010000 -1.052329 -0.006057
2.015000 -1.048130 -0.006057
2.020000 -1.044415 -0.006057
2.025000 -1.055937 -0.006057
2.030000 -1.045150 -0.006057
2.035000 -1.049088 -0.006057
2.040000 -1.047770 -0.006057
2.045000 -1.048513 -0.006057
2.050000 -1.057753 -0.006057
2.055000 -1.046805 -0.006057
2.060000 -1.059423 -0.006057
2.065000 -1.044598 -0.006057
2.070000 -1.054918 -0.006057
2.075000 -1.051923 -0.006057
2.080000 -1.047747 -0.006057
2.085000 -1.049624 -0.006057
2.090000 -1.048023 -0.006057
2.095000 -1.050766 -0.006057
2.100000 -1.051984 -0.006057
2.105000 -1.050796 -0.006057
2.110000 -1.047617 -0.006057
2.115000 -1.051187 -0.006057
2.120000 -1.044752 -0.006057
2.125000 -1.051716 -0.006057
2.130000 -1.047356 -0.006057
2.135000 -1.050704 -0.006057
2.140000 -1.049019 -0.006057
2.145000 -1.056895 -0.006057
