0.000000 -62.256767 -0.006057
0.005000 0.601467 -0.006057
0.010000 1.813425 -0.006057
0.015000 1.864127 -0.006057
0.020000 1.856029 -0.006057
0.025000 1.851946 -0.006057
0.030000 1.852965 -0.006057
0.035000 1.854528 -0.006057
0.040000 1.859944 -0.006057
0.045000 1.861292 -0.006057
0.050000 1.857538 -0.006057
0.055000 1.861561 -0.006057
0.060000 1.856451 -0.006057
0.065000 1.857738 -0.006057
0.070000 1.859262 -0.006057
0.075000 1.854558 -0.006057
0.080000 1.858550 -0.006057
0.085000 1.851670 -0.006057
0.090000 1.852199 -0.006057
0.095000 1.853907 -0.006057
0.100000 1.860978 -0.006057
0.105000 1.860557 -0.006057
0.110000 1.857148 -0.006057
0.115000 1.861070 -0.006057
0.120000 1.854972 -0.006057
0.125000 1.855094 -0.006057
0.130000 1.854359 -0.006057
0.135000 1.857554 -0.006057
0.140000 1.855217 -0.006057
0.145000 1.866387 -0.006057
0.150000 1.861584 -0.006057
0.155000 1.861193 -0.006057
0.160000 1.862733 -0.006057
0.165000 1.857508 -0.006057
0.170000 1.860182 -0.006057
0.175000 1.854459 -0.006057
0.180000 1.857822 -0.006057
0.185000 1.858136 -0.006057
0.190000 1.863981 -0.006057
0.195000 1.863660 -0.006057
0.200000 1.861300 -0.006057
0.205000 1.859308 -0.006057
0.210000 1.860986 -0.006057
0.215000 1.861538 -0.006057
0.220000 1.859209 -0.006057
0.225000 1.865445 -0.006057
0.230000 1.862985 -0.006057
0.235000 1.864242 -0.006057
0.240000 1.853731 -0.006057
0.245000 1.863560 -0.006057
0.250000 1.858511 -0.006057
0.255000 1.863560 -0.006057
0.260000 1.858910 -0.006057
0.265000 1.857048 -0.006057
0.270000 1.862181 -0.006057
0.275000 1.856182 -0.006057
0.280000 1.858075 -0.006057
0.285000 1.860358 -0.006057
0.290000 1.852743 -0.006057
0.295000 1.860565 -0.006057
0.300000 1.849042 -0.006057
0.305000 1.853823 -0.006057
0.310000 1.862878 -0.006057
0.315000 1.858029 -0.006057
0.320000 1.855424 -0.006057
0.325000 1.848230 -0.006057
0.330000 1.858082 -0.006057
0.335000 1.860917 -0.006057
0.340000 1.857745 -0.006057
0.345000 1.860189 -0.006057
0.350000 1.857140 -0.006057
0.355000 1.851861 -0.006057
0.360000 1.852873 -0.006057
0.365000 1.858343 -0.006057
0.370000 1.855861 -0.006057
0.375000 1.859599 -0.006057
0.380000 1.850636 -0.006057
0.385000 1.856052 -0.006057
0.390000 1.861116 -0.006057
0.395000 1.867827 -0.006057
0.400000 1.856052 -0.006057
0.405000 1.865858 -0.006057
0.410000 1.862832 -0.006057
0.415000 1.867023 -0.006057
0.420000 1.858488 -0.006057
0.425000 1.861024 -0.006057
0.430000 1.863185 -0.006057
0.435000 1.861898 -0.006057
0.440000 1.865935 -0.006057
0.445000 1.864702 -0.006057
0.450000 1.865897 -0.006057
0.455000 1.848874 -0.006057
0.460000 1.858619 -0.006057
0.465000 1.857592 -0.006057
0.470000 1.857944 -0.006057
0.475000 1.862595 -0.006057
0.480000 1.861200 -0.006057
0.485000 1.853187 -0.006057
0.490000 1.852221 -0.006057
0.495000 1.865881 -0.006057
0.500000 1.862587 -0.006057
0.505000 1.866517 -0.006057
0.510000 1.857891 -0.006057
0.515000 1.863629 -0.006057
0.520000 1.858910 -0.006057
0.525000 1.866065 -0.006057
0.530000 1.868126 -0.006057
0.535000 1.864541 -0.006057
0.540000 1.858871 -0.006057
0.545000 1.863943 -0.006057
0.550000 1.866196 -0.006057
0.555000 1.866617 -0.006057
0.560000 1.873972 -0.006057
0.565000 1.865529 -0.006057
0.570000 1.871298 -0.006057
0.575000 1.863790 -0.006057
0.580000 1.868402 -0.006057
0.585000 1.865399 -0.006057
0.590000 1.859737 -0.006057
0.595000 1.867873 -0.006057
0.600000 1.865537 -0.006057
0.605000 1.857569 -0.006057
0.610000 1.861836 -0.006057
0.615000 1.864495 -0.006057
0.620000 1.871750 -0.006057
0.625000 1.864457 -0.006057
0.630000 1.874860 -0.006057
0.635000 1.871681 -0.006057
0.640000 1.867038 -0.006057
0.645000 1.871811 0.137942
0.650000 1.858986 3.593906
0.655000 1.868486 3.449908
0.660000 1.863545 -0.006057
0.665000 1.882690 -0.006057
0.670000 2.034765 -0.006057
0.675000 2.857626 -0.006057
0.680000 5.239344 -0.006057
0.685000 8.741959 -0.006057
0.690000 12.648987 -0.006057
0.695000 16.660460 -0.006057
0.700000 20.821863 -0.006057
0.705000 24.939190 -0.006057
0.710000 28.931541 -0.006057
0.715000 32.818893 -0.006057
0.720000 36.468575 -0.006057
0.725000 39.896832 -0.006057
0.730000 43.133156 -0.006057
0.735000 46.072689 -0.006057
0.740000 48.755001 -0.006057
0.745000 51.184696 -0.006057
0.750000 53.366211 -0.006057
0.755000 55.248585 -0.006057
0.760000 56.879795 -0.006057
0.765000 58.195686 -0.006057
0.770000 59.205650 -0.006057
0.775000 59.937832 -0.006057
0.780000 60.397396 -0.006057
0.785000 60.644577 -0.006057
0.790000 60.648224 -0.006057
0.795000 60.440529 -0.006057
0.800000 60.072578 -0.006057
0.805000 59.572834 -0.006057
0.810000 59.019650 -0.006057
0.815000 58.466080 -0.006057
0.820000 57.935158 -0.006057
0.825000 57.447521 -0.006057
0.830000 56.986763 -0.006057
0.835000 56.554714 -0.006057
0.840000 56.144703 -0.006057
0.845000 55.753475 -0.006057
0.850000 55.386349 -0.006057
0.855000 55.033581 -0.006057
0.860000 54.707199 -0.006057
0.865000 54.386562 -0.006057
0.870000 54.090809 -0.006057
0.875000 53.809704 -0.006057
0.880000 53.551167 -0.006057
0.885000 53.302223 -0.006057
0.890000 53.078854 -0.006057
0.895000 52.861488 -0.006057
0.900000 52.663692 -0.006057
0.905000 52.472530 -0.006057
0.910000 52.297886 -0.006057
0.915000 52.131298 -0.006057
0.920000 51.979485 -0.006057
0.925000 51.831318 -0.006057
0.930000 51.687992 -0.006057
0.935000 51.568031 -0.006057
0.940000 51.436947 -0.006057
0.945000 51.315441 -0.006057
0.950000 51.219723 -0.006057
0.955000 51.120464 -0.006057
0.960000 51.023563 -0.006057
0.965000 50.927937 -0.006057
0.970000 50.836369 -0.006057
0.975000 50.763943 -0.006057
0.980000 50.678379 -0.006057
0.985000 50.601017 -0.006057
0.990000 50.528236 -0.006057
0.995000 50.463989 -0.006057
1.000000 50.404537 -0.006057
1.005000 50.344749 -0.006057
1.010000 50.294647 -0.006057
1.015000 50.224758 -0.006057
1.020000 50.176830 -0.006057
1.025000 50.110531 -0.006057
1.030000 50.066479 -0.006057
1.035000 50.029186 -0.006057
1.040000 49.977749 -0.006057
1.045000 49.926140 -0.006057
1.050000 49.881031 -0.006057
1.055000 49.838451 -0.006057
1.060000 49.795746 -0.006057
1.065000 49.752186 -0.006057
1.070000 49.706524 -0.006057
1.075000 49.677444 -0.006057
1.080000 49.631016 -0.006057
1.085000 49.604675 -0.006057
1.090000 49.561558 -0.006057
1.095000 49.532677 -0.006057
1.100000 49.502308 -0.006057
1.105000 49.461720 -0.006057
1.110000 49.436054 -0.006057
1.115000 49.408367 -0.006057
1.120000 49.371593 -0.006057
1.125000 49.341484 -0.006057
1.130000 49.299500 -0.006057
1.135000 49.261593 -0.006057
1.140000 49.238472 -0.006057
1.145000 49.206661 -0.006057
1.150000 49.173260 -0.006057
1.155000 49.148575 -0.006057
1.160000 49.124672 -0.006057
1.165000 49.085907 -0.006057
1.170000 49.061035 -0.006057
1.175000 49.024830 -0.006057
1.180000 49.000237 -0.006057
1.185000 48.959663 -0.006057
1.190000 48.932575 -0.006057
1.195000 48.907093 -0.006057
1.200000 48.877243 -0.006057
1.205000 48.844776 -0.006057
1.210000 48.816982 -0.006057
1.215000 48.785587 -0.006057
1.220000 48.764656 -0.006057
1.225000 48.733013 -0.006057
1.230000 48.704929 -0.006057
1.235000 48.674911 -0.006057
1.240000 48.629280 -0.006057
1.245000 48.602974 -0.006057
1.250000 48.575146 -0.006057
1.255000 48.547352 -0.006057
1.260000 48.507622 -0.006057
1.265000 48.473804 -0.006057
1.270000 48.447021 -0.006057
1.275000 48.422428 -0.006057
1.280000 48.391415 -0.006057
1.285000 48.354763 -0.006057
1.290000 48.321560 -0.006057
1.295000 48.285614 -0.006057
1.300000 48.258907 -0.006057
1.305000 48.219681 -0.006057
1.310000 48.189266 -0.006057
1.315000 48.156921 -0.006057
1.320000 48.125111 -0.006057
1.325000 48.080032 -0.006057
1.330000 48.045361 -0.006057
1.335000 48.020996 -0.006057
1.340000 47.987164 -0.006057
1.345000 47.949257 -0.006057
1.350000 47.919472 -0.006057
1.355000 47.887737 -0.006057
1.360000 47.842903 -0.006057
1.365000 47.807724 -0.006057
1.370000 47.773800 -0.006057
1.375000 47.734314 -0.006057
1.380000 47.701569 -0.006057
1.385000 47.663494 -0.006057
1.390000 47.618370 -0.006057
1.395000 47.585152 -0.006057
1.400000 47.537849 -0.006057
1.405000 47.503113 -0.006057
1.410000 47.471581 -0.006057
1.415000 47.429184 -0.006057
1.420000 47.385269 -0.006057
1.425000 47.339302 -0.006057
1.430000 47.295418 -0.006057
1.435000 47.260040 -0.006057
1.440000 47.211220 -0.006057
1.445000 47.164333 -0.006057
1.450000 47.128067 -0.006057
1.455000 47.088367 -0.006057
1.460000 47.046291 -0.006057
1.465000 46.986702 -0.006057
1.470000 46.951981 -0.006057
1.475000 46.912941 -0.006057
1.480000 46.865578 -0.006057
1.485000 46.816486 -0.006057
1.490000 46.761002 -0.006057
1.495000 46.717350 -0.006057
1.500000 46.671074 -0.006057
1.505000 46.626823 -0.006057
1.510000 46.573181 -0.006057
1.515000 46.523720 -0.006057
1.520000 46.474213 -0.006057
1.525000 46.424767 -0.006057
1.530000 46.387840 -0.006057
1.535000 46.340172 -0.006057
1.540000 46.285042 -0.006057
1.545000 46.237881 -0.006057
1.550000 46.188526 -0.006057
1.555000 46.126438 -0.006057
1.560000 46.079815 -0.006057
1.565000 46.037186 -0.006057
1.570000 45.981522 -0.006057
1.575000 45.930206 -0.006057
1.580000 45.882137 -0.006057
1.585000 45.827438 -0.006057
1.590000 45.774757 -0.006057
1.595000 45.731812 -0.006057
1.600000 45.674873 -0.006057
1.605000 45.621059 -0.006057
1.610000 45.568932 -0.006057
1.615000 45.517036 -0.006057
1.620000 45.464771 -0.006057
1.625000 45.410820 -0.006057
1.630000 45.361389 -0.006057
1.635000 45.309326 -0.006057
1.640000 45.247543 -0.006057
1.645000 45.201561 -0.006057
1.650000 45.142006 -0.006057
1.655000 45.098888 -0.006057
1.660000 45.038944 -0.006057
1.665000 44.974087 -0.006057
1.670000 44.932640 -0.006057
1.675000 44.879192 -0.006057
1.680000 44.828293 -0.006057
1.685000 44.766296 -0.006057
1.690000 44.704933 -0.006057
1.695000 44.648590 -0.006057
1.700000 44.601154 -0.006057
1.705000 44.541916 -0.006057
1.710000 44.488091 -0.006057
1.715000 44.427120 -0.006057
1.720000 44.373123 -0.006057
1.725000 44.308571 -0.006057
1.730000 44.254681 -0.006057
1.735000 44.194908 -0.006057
1.740000 44.144176 -0.006057
1.745000 44.080818 -0.006057
1.750000 44.022488 -0.006057
1.755000 43.960079 -0.006057
1.760000 43.901009 -0.006057
1.765000 43.841343 -0.006057
1.770000 43.779045 -0.006057
1.775000 43.719147 -0.006057
1.780000 43.657337 -0.006057
1.785000 43.600491 -0.006057
1.790000 43.534222 -0.006057
1.795000 43.486111 -0.006057
1.800000 43.424591 -0.006057
1.805000 43.368603 -0.006057
1.810000 43.309486 -0.006057
1.815000 43.252811 -0.006057
1.820000 43.195797 -0.006057
1.825000 43.123135 -0.006057
1.830000 43.078671 -0.006057
1.835000 43.017719 -0.006057
1.840000 42.963936 -0.006057
1.845000 42.915470 -0.006057
1.850000 42.851395 -0.006057
1.855000 42.789551 -0.006057
1.860000 42.736122 -0.006057
1.865000 42.682034 -0.006057
1.870000 42.617237 -0.006057
1.875000 42.562595 -0.006057
1.880000 42.508385 -0.006057
1.885000 42.449547 -0.006057
1.890000 42.390465 -0.006057
1.895000 42.336254 -0.006057
1.900000 42.273247 -0.006057
1.905000 42.220997 -0.006057
1.910000 42.163647 -0.006057
1.915000 42.106415 -0.006057
1.920000 42.045265 -0.006057
1.925000 41.993229 -0.006057
1.930000 41.927544 -0.006057
1.935000 41.870651 -0.006057
1.940000 41.809330 -0.006057
1.945000 41.751549 -0.006057
1.950000 41.696007 -0.006057
1.955000 41.637794 -0.006057
1.960000 41.581898 -0.006057
1.965000 41.523506 -0.006057
1.970000 41.466106 -0.006057
1.975000 41.397480 -0.006057
1.980000 41.332939 -0.006057
1.985000 41.276371 -0.006057
1.990000 41.216797 -0.006057
1.995000 41.150589 -0.006057
2.000000 41.093666 -0.006057
2.005000 41.042290 -0.006057
2.010000 40.980984 -0.006057
2.015000 40.926392 -0.006057
2.020000 40.866524 -0.006057
2.025000 40.805130 -0.006057
2.030000 40.733711 -0.006057
2.035000 40.689060 -0.006057
2.040000 40.633244 -0.006057
2.045000 40.571507 -0.006057
2.050000 40.512043 -0.006057
2.055000 40.464020 -0.006057
2.060000 40.407345 -0.006057
2.065000 40.346359 -0.006057
2.070000 40.292088 -0.006057
2.075000 40.241066 -0.006057
2.080000 40.198559 -0.006057
2.085000 40.134682 -0.006057
2.090000 40.067936 -0.006057
2.095000 40.024940 -0.006057
2.100000 39.971298 -0.006057
2.105000 39.911816 -0.006057
2.110000 39.859535 -0.006057
2.115000 39.798153 -0.006057
2.120000 39.753735 -0.006057
2.125000 39.698112 -0.006057
2.130000 39.636440 -0.006057
2.135000 39.588131 -0.006057
2.140000 39.536064 -0.006057
2.145000 39.475113 -0.006057
