0.000000 -63.018173 -0.006057
0.005000 -1.619894 -0.006057
0.010000 -0.429142 -0.006057
0.015000 -0.388239 -0.006057
0.020000 -0.384401 -0.006057
0.025000 -0.384133 -0.006057
0.030000 -0.386079 -0.006057
0.035000 -0.384991 -0.006057
0.040000 -0.385328 -0.006057
0.045000 -0.385765 -0.006057
0.050000 -0.381574 -0.006057
0.055000 -0.384646 -0.006057
0.060000 -0.394253 -0.006057
0.065000 -0.384753 -0.006057
0.070000 -0.380869 -0.006057
0.075000 -0.387810 -0.006057
0.080000 -0.383765 -0.006057
0.085000 -0.394721 -0.006057
0.090000 -0.392277 -0.006057
0.095000 -0.389205 -0.006057
0.100000 -0.390331 -0.006057
0.105000 -0.394567 -0.006057
0.110000 -0.393303 -0.006057
0.115000 -0.387190 -0.006057
0.120000 -0.389059 -0.006057
0.125000 -0.397042 -0.006057
0.130000 -0.387274 -0.006057
0.135000 -0.386600 -0.006057
0.140000 -0.390530 -0.006057
0.145000 -0.396942 -0.006057
0.150000 -0.397961 -0.006057
0.155000 -0.394177 -0.006057
0.160000 -0.387657 -0.006057
0.165000 -0.385497 -0.006057
0.170000 -0.384003 -0.006057
0.175000 -0.392392 -0.006057
0.180000 -0.394100 -0.006057
0.185000 -0.384501 -0.006057
0.190000 -0.390047 -0.006057
0.195000 -0.385619 -0.006057
0.200000 -0.387688 -0.006057
0.205000 -0.389327 -0.006057
0.210000 -0.388247 -0.006057
0.215000 -0.388952 -0.006057
0.220000 -0.397448 -0.006057
0.225000 -0.394207 -0.006057
0.230000 -0.393633 -0.006057
0.235000 -0.392936 -0.006057
0.240000 -0.387136 -0.006057
0.245000 -0.385428 -0.006057
0.250000 -0.383482 -0.006057
0.255000 -0.388132 -0.006057
0.260000 -0.384983 -0.006057
0.265000 -0.390875 -0.006057
0.270000 -0.384623 -0.006057
0.275000 -0.385259 -0.006057
0.280000 -0.381367 -0.006057
0.285000 -0.382853 -0.006057
0.290000 -0.381995 -0.006057
0.295000 -0.384041 -0.006057
0.300000 -0.382769 -0.006057
0.305000 -0.390132 -0.006057
0.310000 -0.383650 -0.006057
0.315000 -0.378272 -0.006057
0.320000 -0.388745 -0.006057
0.325000 -0.381819 -0.006057
0.330000 -0.392936 -0.006057
0.335000 -0.386584 -0.006057
0.340000 -0.392576 -0.006057
0.345000 -0.387933 -0.006057
0.350000 -0.391855 -0.006057
0.355000 -0.389565 -0.006057
0.360000 -0.390561 -0.006057
0.365000 -0.385045 -0.006057
0.370000 -0.397333 -0.006057
0.375000 -0.391181 -0.006057
0.380000 -0.388101 -0.006057
0.385000 -0.388737 -0.006057
0.390000 -0.391986 -0.006057
0.395000 -0.386876 -0.006057
0.400000 -0.390384 -0.006057
0.405000 -0.388898 -0.006057
0.410000 -0.385167 -0.006057
0.415000 -0.388147 -0.006057
0.420000 -0.400873 -0.006057
0.425000 -0.394422 -0.006057
0.430000 -0.389863 -0.006057
0.435000 -0.396705 -0.006057
0.440000 -0.391281 -0.006057
0.445000 -0.397563 -0.006057
0.450000 -0.387420 -0.006057
0.455000 -0.380754 -0.006057
0.460000 -0.390338 -0.006057
0.465000 -0.393663 -0.006057
0.470000 -0.393587 -0.006057
0.475000 -0.381720 -0.006057
0.480000 -0.388438 -0.006057
0.485000 -0.388431 -0.006057
0.490000 -0.390499 -0.006057
0.495000 -0.380256 -0.006057
0.500000 -0.381842 -0.006057
0.505000 -0.381344 -0.006057
0.510000 -0.388553 -0.006057
0.515000 -0.391158 -0.006057
0.520000 -0.384102 -0.006057
0.525000 -0.390944 -0.006057
0.530000 -0.388163 -0.006057
0.535000 -0.401593 -0.006057
0.540000 -0.393579 -0.006057
0.545000 -0.398911 -0.006057
0.550000 -0.387772 -0.006057
0.555000 -0.395793 -0.006057
0.560000 -0.394813 -0.006057
0.565000 -0.396000 -0.006057
0.570000 -0.400114 -0.006057
0.575000 -0.393993 -0.006057
0.580000 -0.399869 -0.006057
0.585000 -0.394981 -0.006057
0.590000 -0.396169 -0.006057
0.595000 -0.396077 -0.006057
0.600000 -0.401876 -0.006057
0.605000 -0.382264 -0.006057
0.610000 -0.390070 -0.006057
0.615000 -0.398275 -0.006057
0.620000 -0.393740 -0.006057
0.625000 -0.390721 -0.006057
0.630000 -0.390446 -0.006057
0.635000 -0.389917 -0.006057
0.640000 -0.393840 -0.006057
0.645000 -0.401171 0.145938
0.650000 -0.395211 3.793800
0.655000 -0.396896 3.641806
0.660000 -0.396529 -0.006057
0.665000 -0.376916 -0.006057
0.670000 -0.210415 -0.006057
0.675000 0.359411 -0.006057
0.680000 1.610012 -0.006057
0.685000 3.564419 -0.006057
0.690000 5.912949 -0.006057
0.695000 8.429512 -0.006057
0.700000 11.030579 -0.006057
0.705000 13.691655 -0.006057
0.710000 16.277239 -0.006057
0.715000 18.778961 -0.006057
0.720000 21.133804 -0.006057
0.725000 23.374411 -0.006057
0.730000 25.412294 -0.006057
0.735000 27.274122 -0.006057
0.740000 28.924110 -0.006057
0.745000 30.335497 -0.006057
0.750000 31.498486 -0.006057
0.755000 32.369949 -0.006057
0.760000 32.926514 -0.006057
0.765000 33.163406 -0.006057
0.770000 33.102627 -0.006057
0.775000 32.736935 -0.006057
0.780000 32.142979 -0.006057
0.785000 31.313406 -0.006057
0.790000 30.264479 -0.006057
0.795000 29.061100 -0.006057
0.800000 27.794878 -0.006057
0.805000 26.532938 -0.006057
0.810000 25.341236 -0.006057
0.815000 24.259779 -0.006057
0.820000 23.272219 -0.006057
0.825000 22.393131 -0.006057
0.830000 21.620476 -0.006057
0.835000 20.940136 -0.006057
0.840000 20.333599 -0.006057
0.845000 19.794325 -0.006057
0.850000 19.318350 -0.006057
0.855000 18.902981 -0.006057
0.860000 18.531168 -0.006057
0.865000 18.207888 -0.006057
0.870000 17.892345 -0.006057
0.875000 17.632898 -0.006057
0.880000 17.387686 -0.006057
0.885000 17.172482 -0.006057
0.890000 16.970041 -0.006057
0.895000 16.794470 -0.006057
0.900000 16.644041 -0.006057
0.905000 16.495874 -0.006057
0.910000 16.371862 -0.006057
0.915000 16.244173 -0.006057
0.920000 16.137926 -0.006057
0.925000 16.040024 -0.006057
0.930000 15.948196 -0.006057
0.935000 15.857136 -0.006057
0.940000 15.783841 -0.006057
0.945000 15.712914 -0.006057
0.950000 15.644093 -0.006057
0.955000 15.586028 -0.006057
0.960000 15.527542 -0.006057
0.965000 15.467984 -0.006057
0.970000 15.415206 -0.006057
0.975000 15.363577 -0.006057
0.980000 15.325378 -0.006057
0.985000 15.282682 -0.006057
0.990000 15.237527 -0.006057
0.995000 15.195919 -0.006057
1.000000 15.164217 -0.006057
1.005000 15.139226 -0.006057
1.010000 15.102521 -0.006057
1.015000 15.070842 -0.006057
1.020000 15.044373 -0.006057
1.025000 15.008917 -0.006057
1.030000 14.985335 -0.006057
1.035000 14.960360 -0.006057
1.040000 14.948286 -0.006057
1.045000 14.914761 -0.006057
1.050000 14.896213 -0.006057
1.055000 14.878048 -0.006057
1.060000 14.862020 -0.006057
1.065000 14.835007 -0.006057
1.070000 14.816145 -0.006057
1.075000 14.803749 -0.006057
1.080000 14.793974 -0.006057
1.085000 14.773464 -0.006057
1.090000 14.768408 -0.006057
1.095000 14.744083 -0.006057
1.100000 14.734859 -0.006057
1.105000 14.714005 -0.006057
1.110000 14.698844 -0.006057
1.115000 14.689436 -0.006057
1.120000 14.678282 -0.006057
1.125000 14.669433 -0.006057
1.130000 14.656685 -0.006057
1.135000 14.654831 -0.006057
1.140000 14.636420 -0.006057
1.145000 14.630598 -0.006057
1.150000 14.611123 -0.006057
1.155000 14.605592 -0.006057
1.160000 14.583796 -0.006057
1.165000 14.577491 -0.006057
1.170000 14.574211 -0.006057
1.175000 14.567025 -0.006057
1.180000 14.558836 -0.006057
1.185000 14.536465 -0.006057
1.190000 14.534818 -0.006057
1.195000 14.520123 -0.006057
1.200000 14.505199 -0.006057
1.205000 14.497868 -0.006057
1.210000 14.494734 -0.006057
1.215000 14.489487 -0.006057
1.220000 14.484575 -0.006057
1.225000 14.471291 -0.006057
1.230000 14.459439 -0.006057
1.235000 14.444867 -0.006057
1.240000 14.440753 -0.006057
1.245000 14.435053 -0.006057
1.250000 14.421409 -0.006057
1.255000 14.417617 -0.006057
1.260000 14.409334 -0.006057
1.265000 14.395598 -0.006057
1.270000 14.378054 -0.006057
1.275000 14.374454 -0.006057
1.280000 14.366754 -0.006057
1.285000 14.359261 -0.006057
1.290000 14.348290 -0.006057
1.295000 14.339265 -0.006057
1.300000 14.332478 -0.006057
1.305000 14.325330 -0.006057
1.310000 14.309257 -0.006057
1.315000 14.304529 -0.006057
1.320000 14.296684 -0.006057
1.325000 14.284158 -0.006057
1.330000 14.281293 -0.006057
1.335000 14.257681 -0.006057
1.340000 14.251146 -0.006057
1.345000 14.239738 -0.006057
1.350000 14.233425 -0.006057
1.355000 14.214947 -0.006057
1.360000 14.212104 -0.006057
1.365000 14.201723 -0.006057
1.370000 14.186654 -0.006057
1.375000 14.180655 -0.006057
1.380000 14.166053 -0.006057
1.385000 14.157028 -0.006057
1.390000 14.143368 -0.006057
1.395000 14.139928 -0.006057
1.400000 14.121702 -0.006057
1.405000 14.113865 -0.006057
1.410000 14.095509 -0.006057
1.415000 14.092751 -0.006057
1.420000 14.074317 -0.006057
1.425000 14.058880 -0.006057
1.430000 14.044385 -0.006057
1.435000 14.035398 -0.006057
1.440000 14.026948 -0.006057
1.445000 14.017226 -0.006057
1.450000 13.998701 -0.006057
1.455000 13.984421 -0.006057
1.460000 13.973381 -0.006057
1.465000 13.956932 -0.006057
1.470000 13.947999 -0.006057
1.475000 13.928586 -0.006057
1.480000 13.915301 -0.006057
1.485000 13.896394 -0.006057
1.490000 13.894869 -0.006057
1.495000 13.875164 -0.006057
1.500000 13.866223 -0.006057
1.505000 13.844987 -0.006057
1.510000 13.824562 -0.006057
1.515000 13.814334 -0.006057
1.520000 13.801317 -0.006057
1.525000 13.786463 -0.006057
1.530000 13.769248 -0.006057
1.535000 13.748808 -0.006057
1.540000 13.736420 -0.006057
1.545000 13.721395 -0.006057
1.550000 13.695677 -0.006057
1.555000 13.687104 -0.006057
1.560000 13.676693 -0.006057
1.565000 13.652905 -0.006057
1.570000 13.639253 -0.006057
1.575000 13.620881 -0.006057
1.580000 13.605957 -0.006057
1.585000 13.585432 -0.006057
1.590000 13.566234 -0.006057
1.595000 13.541756 -0.006057
1.600000 13.529705 -0.006057
1.605000 13.511862 -0.006057
1.610000 13.502545 -0.006057
1.615000 13.483676 -0.006057
1.620000 13.462837 -0.006057
1.625000 13.441915 -0.006057
1.630000 13.425427 -0.006057
1.635000 13.404360 -0.006057
1.640000 13.395556 -0.006057
1.645000 13.375384 -0.006057
1.650000 13.347099 -0.006057
1.655000 13.340120 -0.006057
1.660000 13.317857 -0.006057
1.665000 13.293709 -0.006057
1.670000 13.272862 -0.006057
1.675000 13.259424 -0.006057
1.680000 13.248255 -0.006057
1.685000 13.223279 -0.006057
1.690000 13.205443 -0.006057
1.695000 13.187011 -0.006057
1.700000 13.176400 -0.006057
1.705000 13.164793 -0.006057
1.710000 13.144269 -0.006057
1.715000 13.114750 -0.006057
1.720000 13.103083 -0.006057
1.725000 13.079631 -0.006057
1.730000 13.068109 -0.006057
1.735000 13.046075 -0.006057
1.740000 13.030499 -0.006057
1.745000 13.006275 -0.006057
1.750000 12.994431 -0.006057
1.755000 12.981261 -0.006057
1.760000 12.955206 -0.006057
1.765000 12.943101 -0.006057
1.770000 12.927112 -0.006057
1.775000 12.904626 -0.006057
