0.000000 -62.254814 -0.006057
0.005000 0.589822 -0.006057
0.010000 1.810261 -0.006057
0.015000 1.859048 -0.006057
0.020000 1.849877 -0.006057
0.025000 1.860764 -0.006057
0.030000 1.855623 -0.006057
0.035000 1.856895 -0.006057
0.040000 1.851233 -0.006057
0.045000 1.854765 -0.006057
0.050000 1.851639 -0.006057
0.055000 1.853424 -0.006057
0.060000 1.842867 -0.006057
0.065000 1.845212 -0.006057
0.070000 1.846238 -0.006057
0.075000 1.854719 -0.006057
0.080000 1.852566 -0.006057
0.085000 1.847931 -0.006057
0.090000 1.855324 -0.006057
0.095000 1.851164 -0.006057
0.100000 1.860074 -0.006057
0.105000 1.850858 -0.006057
0.110000 1.850544 -0.006057
0.115000 1.853777 -0.006057
0.120000 1.854160 -0.006057
0.125000 1.841749 -0.006057
0.130000 1.854734 -0.006057
0.135000 1.849341 -0.006057
0.140000 1.853240 -0.006057
0.145000 1.855393 -0.006057
0.150000 1.850314 -0.006057
0.155000 1.850758 -0.006057
0.160000 1.857929 -0.006057
0.165000 1.847847 -0.006057
0.170000 1.858435 -0.006057
0.175000 1.853187 -0.006057
0.180000 1.849395 -0.006057
0.185000 1.854137 -0.006057
0.190000 1.854252 -0.006057
0.195000 1.864280 -0.006057
0.200000 1.850459 -0.006057
0.205000 1.857883 -0.006057
0.210000 1.848920 -0.006057
0.215000 1.855983 -0.006057
0.220000 1.855907 -0.006057
0.225000 1.846231 -0.006057
0.230000 1.853432 -0.006057
0.235000 1.857623 -0.006057
0.240000 1.854719 -0.006057
0.245000 1.851808 -0.006057
0.250000 1.856542 -0.006057
0.255000 1.851501 -0.006057
0.260000 1.863614 -0.006057
0.265000 1.855600 -0.006057
0.270000 1.853371 -0.006057
0.275000 1.854106 -0.006057
0.280000 1.852306 -0.006057
0.285000 1.854757 -0.006057
0.290000 1.854267 -0.006057
0.295000 1.858067 -0.006057
0.300000 1.864449 -0.006057
0.305000 1.856228 -0.006057
0.310000 1.851524 -0.006057
0.315000 1.862894 -0.006057
0.320000 1.853095 -0.006057
0.325000 1.862419 -0.006057
0.330000 1.853126 -0.006057
0.335000 1.860633 -0.006057
0.340000 1.862625 -0.006057
0.345000 1.854796 -0.006057
0.350000 1.858726 -0.006057
0.355000 1.857914 -0.006057
0.360000 1.851823 -0.006057
0.365000 1.847824 -0.006057
0.370000 1.859890 -0.006057
0.375000 1.859055 -0.006057
0.380000 1.859553 -0.006057
0.385000 1.852942 -0.006057
0.390000 1.855501 -0.006057
0.395000 1.851310 -0.006057
0.400000 1.856726 -0.006057
0.405000 1.854596 -0.006057
0.410000 1.853754 -0.006057
0.415000 1.862166 -0.006057
0.420000 1.862005 -0.006057
0.425000 1.852145 -0.006057
0.430000 1.852421 -0.006057
0.435000 1.854137 -0.006057
0.440000 1.852413 -0.006057
0.445000 1.851195 -0.006057
0.450000 1.856941 -0.006057
0.455000 1.850628 -0.006057
0.460000 1.858695 -0.006057
0.465000 1.862265 -0.006057
0.470000 1.859584 -0.006057
0.475000 1.848460 -0.006057
0.480000 1.855738 -0.006057
0.485000 1.857569 -0.006057
0.490000 1.852651 -0.006057
0.495000 1.865705 -0.006057
0.500000 1.860465 -0.006057
0.505000 1.856519 -0.006057
0.510000 1.854711 -0.006057
0.515000 1.849502 -0.006057
0.520000 1.852727 -0.006057
0.525000 1.848552 -0.006057
0.530000 1.859186 -0.006057
0.535000 1.850245 -0.006057
0.540000 1.856749 -0.006057
0.545000 1.851310 -0.006057
0.550000 1.852084 -0.006057
0.555000 1.854213 -0.006057
0.560000 1.857492 -0.006057
0.565000 1.848169 -0.006057
0.570000 1.847816 -0.006057
0.575000 1.849962 -0.006057
0.580000 1.852153 -0.006057
0.585000 1.845725 -0.006057
0.590000 1.856665 -0.006057
0.595000 1.851486 -0.006057
0.600000 1.849057 -0.006057
0.605000 1.853409 -0.006057
0.610000 1.853991 -0.006057
0.615000 1.850345 -0.006057
0.620000 1.850980 -0.006057
0.625000 1.855018 -0.006057
0.630000 1.844706 -0.006057
0.635000 1.845319 -0.006057
0.640000 1.838117 -0.006057
0.645000 1.845832 0.113954
0.650000 1.846621 2.994223
0.655000 1.853233 2.874212
0.660000 1.854144 -0.006057
0.665000 1.855715 -0.006057
0.670000 1.889432 -0.006057
0.675000 1.962290 -0.006057
0.680000 2.112419 -0.006057
0.685000 2.283793 -0.006057
0.690000 2.476687 -0.006057
0.695000 2.684597 -0.006057
0.700000 2.872236 -0.006057
0.705000 3.050589 -0.006057
0.710000 3.206341 -0.006057
0.715000 3.352931 -0.006057
0.720000 3.474859 -0.006057
0.725000 3.584545 -0.006057
0.730000 3.670450 -0.006057
0.735000 3.756255 -0.006057
0.740000 3.811968 -0.006057
0.745000 3.863474 -0.006057
0.750000 3.899122 -0.006057
0.755000 3.922442 -0.006057
0.760000 3.935022 -0.006057
0.765000 3.936899 -0.006057
0.770000 3.933452 -0.006057
0.775000 3.906775 -0.006057
0.780000 3.884481 -0.006057
0.785000 3.838361 -0.006057
0.790000 3.795220 -0.006057
0.795000 3.741584 -0.006057
0.800000 3.678839 -0.006057
0.805000 3.616484 -0.006057
0.810000 3.545120 -0.006057
0.815000 3.459039 -0.006057
0.820000 3.389774 -0.006057
0.825000 3.300045 -0.006057
0.830000 3.216668 -0.006057
0.835000 3.139260 -0.006057
0.840000 3.052236 -0.006057
0.845000 2.979033 -0.006057
0.850000 2.901563 -0.006057
0.855000 2.847842 -0.006057
0.860000 2.771291 -0.006057
0.865000 2.710936 -0.006057
0.870000 2.648796 -0.006057
0.875000 2.592471 -0.006057
0.880000 2.545837 -0.006057
0.885000 2.500728 -0.006057
0.890000 2.450769 -0.006057
0.895000 2.416240 -0.006057
0.900000 2.371292 -0.006057
0.905000 2.324957 -0.006057
0.910000 2.295285 -0.006057
0.915000 2.267038 -0.006057
0.920000 2.240538 -0.006057
0.925000 2.210414 -0.006057
0.930000 2.185645 -0.006057
0.935000 2.175915 -0.006057
0.940000 2.147600 -0.006057
0.945000 2.124133 -0.006057
0.950000 2.104681 -0.006057
0.955000 2.094730 -0.006057
0.960000 2.081920 -0.006057
0.965000 2.057649 -0.006057
0.970000 2.040879 -0.006057
0.975000 2.034382 -0.006057
0.980000 2.024622 -0.006057
0.985000 2.006304 -0.006057
0.990000 2.001531 -0.006057
0.995000 1.995195 -0.006057
1.000000 1.983205 -0.006057
1.005000 1.978992 -0.006057
1.010000 1.966895 -0.006057
1.015000 1.961363 -0.006057
1.020000 1.948454 -0.006057
1.025000 1.938993 -0.006057
1.030000 1.943237 -0.006057
1.035000 1.932863 -0.006057
1.040000 1.925340 -0.006057
1.045000 1.929692 -0.006057
1.050000 1.919747 -0.006057
1.055000 1.919387 -0.006057
1.060000 1.907865 -0.006057
1.065000 1.902586 -0.006057
1.070000 1.901475 -0.006057
1.075000 1.892320 -0.006057
1.080000 1.893998 -0.006057
1.085000 1.886069 -0.006057
1.090000 1.887647 -0.006057
1.095000 1.880959 -0.006057
1.100000 1.888068 -0.006057
1.105000 1.888337 -0.006057
1.110000 1.870762 -0.006057
1.115000 1.875550 -0.006057
1.120000 1.868862 -0.006057
1.125000 1.872700 -0.006057
1.130000 1.859362 -0.006057
1.135000 1.862534 -0.006057
1.140000 1.867406 -0.006057
1.145000 1.870624 -0.006057
1.150000 1.852857 -0.006057
1.155000 1.863292 -0.006057
1.160000 1.854313 -0.006057
1.165000 1.858626 -0.006057
1.170000 1.855294 -0.006057
1.175000 1.855409 -0.006057
1.180000 1.856052 -0.006057
1.185000 1.848904 -0.006057
1.190000 1.852244 -0.006057
1.195000 1.855761 -0.006057
1.200000 1.847188 -0.006057
1.205000 1.847265 -0.006057
1.210000 1.849234 -0.006057
1.215000 1.846146 -0.006057
1.220000 1.850283 -0.006057
1.225000 1.840492 -0.006057
1.230000 1.846223 -0.006057
1.235000 1.841036 -0.006057
1.240000 1.833881 -0.006057
1.245000 1.840492 -0.006057
1.250000 1.836033 -0.006057
1.255000 1.840515 -0.006057
1.260000 1.840331 -0.006057
1.265000 1.836669 -0.006057
1.270000 1.843986 -0.006057
1.275000 1.839366 -0.006057
1.280000 1.839833 -0.006057
1.285000 1.835076 -0.006057
1.290000 1.826572 -0.006057
1.295000 1.830893 -0.006057
1.300000 1.835382 -0.006057
1.305000 1.829215 -0.006057
1.310000 1.829889 -0.006057
1.315000 1.830012 -0.006057
1.320000 1.834034 -0.006057
1.325000 1.823860 -0.006057
1.330000 1.832831 -0.006057
1.335000 1.832571 -0.006057
1.340000 1.827545 -0.006057
1.345000 1.824940 -0.006057
1.350000 1.820489 -0.006057
1.355000 1.824595 -0.006057
1.360000 1.823806 -0.006057
1.365000 1.824986 -0.006057
1.370000 1.819661 -0.006057
1.375000 1.817777 -0.006057
1.380000 1.824181 -0.006057
1.385000 1.818773 -0.006057
1.390000 1.819983 -0.006057
1.395000 1.818505 -0.006057
1.400000 1.819952 -0.006057
1.405000 1.823224 -0.006057
1.410000 1.817309 -0.006057
1.415000 1.824496 -0.006057
1.420000 1.825767 -0.006057
1.425000 1.813372 -0.006057
1.430000 1.822473 -0.006057
1.435000 1.823844 -0.006057
1.440000 1.818298 -0.006057
1.445000 1.812996 -0.006057
1.450000 1.818673 -0.006057
1.455000 1.810223 -0.006057
1.460000 1.812575 -0.006057
1.465000 1.812567 -0.006057
1.470000 1.802791 -0.006057
1.475000 1.809955 -0.006057
1.480000 1.817984 -0.006057
1.485000 1.813417 -0.006057
1.490000 1.817386 -0.006057
1.495000 1.816551 -0.006057
1.500000 1.817570 -0.006057
1.505000 1.817769 -0.006057
1.510000 1.809771 -0.006057
1.515000 1.810813 -0.006057
1.520000 1.809641 -0.006057
1.525000 1.811548 -0.006057
1.530000 1.804860 -0.006057
1.535000 1.807587 -0.006057
1.540000 1.806997 -0.006057
1.545000 1.806178 -0.006057
1.550000 1.810368 -0.006057
1.555000 1.815984 -0.006057
1.560000 1.803672 -0.006057
1.565000 1.806132 -0.006057
1.570000 1.808729 -0.006057
1.575000 1.807365 -0.006057
1.580000 1.811893 -0.006057
1.585000 1.805756 -0.006057
1.590000 1.809809 -0.006057
1.595000 1.810951 -0.006057
1.600000 1.805933 -0.006057
1.605000 1.809503 -0.006057
1.610000 1.805856 -0.006057
1.615000 1.802332 -0.006057
1.620000 1.809104 -0.006057
1.625000 1.802768 -0.006057
1.630000 1.803389 -0.006057
1.635000 1.806859 -0.006057
1.640000 1.808951 -0.006057
1.645000 1.808009 -0.006057
1.650000 1.803734 -0.006057
1.655000 1.806990 -0.006057
1.660000 1.810506 -0.006057
1.665000 1.805618 -0.006057
1.670000 1.799834 -0.006057
1.675000 1.810108 -0.006057
1.680000 1.806453 -0.006057
1.685000 1.814299 -0.006057
1.690000 1.802477 -0.006057
1.695000 1.814268 -0.006057
1.700000 1.800991 -0.006057
1.705000 1.810744 -0.006057
1.710000 1.802347 -0.006057
1.715000 1.805887 -0.006057
1.720000 1.810514 -0.006057
1.725000 1.801596 -0.006057
1.730000 1.801795 -0.006057
1.735000 1.808215 -0.006057
1.740000 1.813310 -0.006057
1.745000 1.794157 -0.006057
1.750000 1.795843 -0.006057
1.755000 1.803649 -0.006057
1.760000 1.798386 -0.006057
1.765000 1.794831 -0.006057
1.770000 1.807626 -0.006057
1.775000 1.805848 -0.006057
1.780000 1.806170 -0.006057
1.785000 1.801428 -0.006057
1.790000 1.798026 -0.006057
1.795000 1.807128 -0.006057
1.800000 1.800976 -0.006057
1.805000 1.805243 -0.006057
1.810000 1.794249 -0.006057
1.815000 1.800003 -0.006057
1.820000 1.803159 -0.006057
1.825000 1.799214 -0.006057
1.830000 1.801320 -0.006057
1.835000 1.807587 -0.006057
1.840000 1.800018 -0.006057
1.845000 1.804262 -0.006057
1.850000 1.795843 -0.006057
1.855000 1.810476 -0.006057
1.860000 1.806461 -0.006057
1.865000 1.795460 -0.006057
1.870000 1.801818 -0.006057
1.875000 1.803711 -0.006057
1.880000 1.806017 -0.006057
1.885000 1.795812 -0.006057
1.890000 1.795444 -0.006057
1.895000 1.801895 -0.006057
1.900000 1.807403 -0.006057
1.905000 1.800447 -0.006057
1.910000 1.799888 -0.006057
1.915000 1.807334 -0.006057
1.920000 1.803466 -0.006057
1.925000 1.790855 -0.006057
1.930000 1.795207 -0.006057
1.935000 1.800233 -0.006057
1.940000 1.806614 -0.006057
1.945000 1.803718 -0.006057
1.950000 1.799750 -0.006057
1.955000 1.803443 -0.006057
1.960000 1.793253 -0.006057
1.965000 1.800271 -0.006057
1.970000 1.799972 -0.006057
1.975000 1.797773 -0.006057
1.980000 1.805297 -0.006057
1.985000 1.803220 -0.006057
1.990000 1.804377 -0.006057
1.995000 1.801474 -0.006057
2.000000 1.796731 -0.006057
2.005000 1.798049 -0.006057
2.010000 1.800324 -0.006057
2.015000 1.797390 -0.006057
2.020000 1.807365 -0.006057
2.025000 1.796348 -0.006057
2.030000 1.808622 -0.006057
2.035000 1.799344 -0.006057
2.040000 1.802676 -0.006057
2.045000 1.796302 -0.006057
2.050000 1.799466 -0.006057
