0.000000 -62.786079 -0.006057
0.005000 -0.948787 -0.006057
0.010000 0.241804 -0.006057
0.015000 0.287917 -0.006057
0.020000 0.284132 -0.006057
0.025000 0.283596 -0.006057
0.030000 0.279351 -0.006057
0.035000 0.292521 -0.006057
0.040000 0.280684 -0.006057
0.045000 0.284821 -0.006057
0.050000 0.281366 -0.006057
0.055000 0.286515 -0.006057
0.060000 0.288208 -0.006057
0.065000 0.290100 -0.006057
0.070000 0.279305 -0.006057
0.075000 0.287556 -0.006057
0.080000 0.287028 -0.006057
0.085000 0.292743 -0.006057
0.090000 0.280638 -0.006057
0.095000 0.281021 -0.006057
0.100000 0.283963 -0.006057
0.105000 0.271131 -0.006057
0.110000 0.284722 -0.006057
0.115000 0.279298 -0.006057
0.120000 0.280186 -0.006057
0.125000 0.279842 -0.006057
0.130000 0.280110 -0.006057
0.135000 0.278332 -0.006057
0.140000 0.286461 -0.006057
0.145000 0.285725 -0.006057
0.150000 0.296129 -0.006057
0.155000 0.284645 -0.006057
0.160000 0.297171 -0.006057
0.165000 0.295562 -0.006057
0.170000 0.284752 -0.006057
0.175000 0.292812 -0.006057
0.180000 0.288407 -0.006057
0.185000 0.286200 -0.006057
0.190000 0.280792 -0.006057
0.195000 0.293954 -0.006057
0.200000 0.285940 -0.006057
0.205000 0.288721 -0.006057
0.210000 0.289326 -0.006057
0.215000 0.296321 -0.006057
0.220000 0.291655 -0.006057
0.225000 0.289035 -0.006057
0.230000 0.294360 -0.006057
0.235000 0.295072 -0.006057
0.240000 0.294589 -0.006057
0.245000 0.290322 -0.006057
0.250000 0.293800 -0.006057
0.255000 0.294612 -0.006057
0.260000 0.292015 -0.006057
0.265000 0.287097 -0.006057
0.270000 0.295371 -0.006057
0.275000 0.291831 -0.006057
0.280000 0.296903 -0.006057
0.285000 0.296941 -0.006057
0.290000 0.299631 -0.006057
0.295000 0.299033 -0.006057
0.300000 0.295785 -0.006057
0.305000 0.291448 -0.006057
0.310000 0.297953 -0.006057
0.315000 0.301630 -0.006057
0.320000 0.294023 -0.006057
0.325000 0.293601 -0.006057
0.330000 0.289119 -0.006057
0.335000 0.300443 -0.006057
0.340000 0.295693 -0.006057
0.345000 0.294758 -0.006057
0.350000 0.293272 -0.006057
0.355000 0.294160 -0.006057
0.360000 0.291341 -0.006057
0.365000 0.293601 -0.006057
0.370000 0.296443 -0.006057
0.375000 0.305170 -0.006057
0.380000 0.298818 -0.006057
0.385000 0.297968 -0.006057
0.390000 0.302051 -0.006057
0.395000 0.300220 -0.006057
0.400000 0.298711 -0.006057
0.405000 0.298688 -0.006057
0.410000 0.301109 -0.006057
0.415000 0.293954 -0.006057
0.420000 0.292965 -0.006057
0.425000 0.300542 -0.006057
0.430000 0.298129 -0.006057
0.435000 0.300611 -0.006057
0.440000 0.308349 -0.006057
0.445000 0.301132 -0.006057
0.450000 0.295432 -0.006057
0.455000 0.300205 -0.006057
0.460000 0.303109 -0.006057
0.465000 0.294666 -0.006057
0.470000 0.297462 -0.006057
0.475000 0.303239 -0.006057
0.480000 0.295991 -0.006057
0.485000 0.301385 -0.006057
0.490000 0.294222 -0.006057
0.495000 0.300044 -0.006057
0.500000 0.296229 -0.006057
0.505000 0.291747 -0.006057
0.510000 0.295716 -0.006057
0.515000 0.295363 -0.006057
0.520000 0.303905 -0.006057
0.525000 0.293463 -0.006057
0.530000 0.299025 -0.006057
0.535000 0.295746 -0.006057
0.540000 0.300994 -0.006057
0.545000 0.295041 -0.006057
0.550000 0.298658 -0.006057
0.555000 0.291517 -0.006057
0.560000 0.295057 -0.006057
0.565000 0.285626 -0.006057
0.570000 0.296206 -0.006057
0.575000 0.293195 -0.006057
0.580000 0.296482 -0.006057
0.585000 0.298236 -0.006057
0.590000 0.292092 -0.006057
0.595000 0.295294 -0.006057
0.600000 0.298014 -0.006057
0.605000 0.293593 -0.006057
0.610000 0.297370 -0.006057
0.615000 0.297845 -0.006057
0.620000 0.295271 -0.006057
0.625000 0.300128 -0.006057
0.630000 0.285565 -0.006057
0.635000 0.295034 -0.006057
0.640000 0.292797 -0.006057
0.645000 0.281765 0.137951
0.650000 0.298244 2.394073
0.655000 0.294459 2.250066
0.660000 0.300941 -0.006057
0.665000 0.293172 -0.006057
0.670000 0.315267 -0.006057
0.675000 0.368964 -0.006057
0.680000 0.465350 -0.006057
0.685000 0.574109 -0.006057
0.690000 0.703085 -0.006057
0.695000 0.829151 -0.006057
0.700000 0.950680 -0.006057
0.705000 1.066648 -0.006057
0.710000 1.177223 -0.006057
0.715000 1.273264 -0.006057
0.720000 1.359567 -0.006057
0.725000 1.433751 -0.006057
0.730000 1.500725 -0.006057
0.735000 1.554897 -0.006057
0.740000 1.593740 -0.006057
0.745000 1.623933 -0.006057
0.750000 1.644963 -0.006057
0.755000 1.661319 -0.006057
0.760000 1.673777 -0.006057
0.765000 1.670666 -0.006057
0.770000 1.666146 -0.006057
0.775000 1.645637 -0.006057
0.780000 1.626652 -0.006057
0.785000 1.594475 -0.006057
0.790000 1.558261 -0.006057
0.795000 1.526398 -0.006057
0.800000 1.502525 -0.006057
0.805000 1.455554 -0.006057
0.810000 1.412430 -0.006057
0.815000 1.373710 -0.006057
0.820000 1.337786 -0.006057
0.825000 1.276359 -0.006057
0.830000 1.217766 -0.006057
0.835000 1.168604 -0.006057
0.840000 1.124421 -0.006057
0.845000 1.076340 -0.006057
0.850000 1.022405 -0.006057
0.855000 0.978659 -0.006057
0.860000 0.938170 -0.006057
0.865000 0.895397 -0.006057
0.870000 0.853521 -0.006057
0.875000 0.821114 -0.006057
0.880000 0.788462 -0.006057
0.885000 0.755442 -0.006057
0.890000 0.721557 -0.006057
0.895000 0.696167 -0.006057
0.900000 0.672716 -0.006057
0.905000 0.643221 -0.006057
0.910000 0.626711 -0.006057
0.915000 0.602356 -0.006057
0.920000 0.585126 -0.006057
0.925000 0.564471 -0.006057
0.930000 0.545808 -0.006057
0.935000 0.541648 -0.006057
0.940000 0.514344 -0.006057
0.945000 0.490962 -0.006057
0.950000 0.484687 -0.006057
0.955000 0.470384 -0.006057
0.960000 0.463902 -0.006057
0.965000 0.448610 -0.006057
0.970000 0.430423 -0.006057
0.975000 0.426539 -0.006057
0.980000 0.417621 -0.006057
0.985000 0.402888 -0.006057
0.990000 0.389657 -0.006057
0.995000 0.387305 -0.006057
1.000000 0.375752 -0.006057
1.005000 0.376089 -0.006057
1.010000 0.368214 -0.006057
1.015000 0.364038 -0.006057
1.020000 0.351007 -0.006057
1.025000 0.358017 -0.006057
1.030000 0.347107 -0.006057
1.035000 0.350440 -0.006057
1.040000 0.342112 -0.006057
1.045000 0.333501 -0.006057
1.050000 0.340878 -0.006057
1.055000 0.332106 -0.006057
1.060000 0.340304 -0.006057
1.065000 0.331080 -0.006057
1.070000 0.333685 -0.006057
1.075000 0.327762 -0.006057
1.080000 0.328804 -0.006057
1.085000 0.323005 -0.006057
1.090000 0.320653 -0.006057
1.095000 0.310824 -0.006057
1.100000 0.327219 -0.006057
1.105000 0.317803 -0.006057
1.110000 0.316600 -0.006057
1.115000 0.317121 -0.006057
1.120000 0.316148 -0.006057
1.125000 0.316393 -0.006057
1.130000 0.296428 -0.006057
1.135000 0.307422 -0.006057
1.140000 0.302795 -0.006057
1.145000 0.306893 -0.006057
1.150000 0.297455 -0.006057
1.155000 0.299408 -0.006057
1.160000 0.296160 -0.006057
1.165000 0.300504 -0.006057
1.170000 0.295716 -0.006057
1.175000 0.295654 -0.006057
1.180000 0.294459 -0.006057
1.185000 0.293095 -0.006057
1.190000 0.300581 -0.006057
1.195000 0.295938 -0.006057
1.200000 0.305254 -0.006057
1.205000 0.286583 -0.006057
1.210000 0.288070 -0.006057
1.215000 0.284431 -0.006057
1.220000 0.291104 -0.006057
1.225000 0.290016 -0.006057
1.230000 0.290238 -0.006057
1.235000 0.287380 -0.006057
1.240000 0.287258 -0.006057
1.245000 0.285588 -0.006057
1.250000 0.293256 -0.006057
1.255000 0.283887 -0.006057
1.260000 0.293601 -0.006057
1.265000 0.292927 -0.006057
1.270000 0.274831 -0.006057
1.275000 0.291372 -0.006057
1.280000 0.287051 -0.006057
1.285000 0.291012 -0.006057
1.290000 0.289487 -0.006057
1.295000 0.284760 -0.006057
1.300000 0.280301 -0.006057
1.305000 0.274050 -0.006057
1.310000 0.285335 -0.006057
1.315000 0.279941 -0.006057
1.320000 0.282247 -0.006057
1.325000 0.280278 -0.006057
1.330000 0.282339 -0.006057
1.335000 0.278876 -0.006057
1.340000 0.280983 -0.006057
1.345000 0.281152 -0.006057
1.350000 0.277559 -0.006057
1.355000 0.271453 -0.006057
1.360000 0.277513 -0.006057
1.365000 0.277421 -0.006057
1.370000 0.267982 -0.006057
1.375000 0.270901 -0.006057
1.380000 0.271261 -0.006057
1.385000 0.275329 -0.006057
1.390000 0.273153 -0.006057
1.395000 0.273981 -0.006057
1.400000 0.279834 -0.006057
1.405000 0.271177 -0.006057
1.410000 0.272196 -0.006057
1.415000 0.279443 -0.006057
1.420000 0.270686 -0.006057
1.425000 0.273682 -0.006057
1.430000 0.265615 -0.006057
1.435000 0.276478 -0.006057
1.440000 0.270503 -0.006057
1.445000 0.275299 -0.006057
1.450000 0.273284 -0.006057
1.455000 0.274663 -0.006057
1.460000 0.269369 -0.006057
1.465000 0.272563 -0.006057
1.470000 0.275590 -0.006057
1.475000 0.277681 -0.006057
1.480000 0.273552 -0.006057
1.485000 0.278516 -0.006057
1.490000 0.281504 -0.006057
1.495000 0.270579 -0.006057
1.500000 0.281320 -0.006057
1.505000 0.267790 -0.006057
1.510000 0.267936 -0.006057
1.515000 0.264282 -0.006057
1.520000 0.274479 -0.006057
1.525000 0.269330 -0.006057
1.530000 0.266618 -0.006057
1.535000 0.271859 -0.006057
1.540000 0.266465 -0.006057
1.545000 0.274747 -0.006057
1.550000 0.272709 -0.006057
1.555000 0.278509 -0.006057
1.560000 0.276463 -0.006057
1.565000 0.274778 -0.006057
1.570000 0.272357 -0.006057
1.575000 0.273222 -0.006057
1.580000 0.268380 -0.006057
1.585000 0.271705 -0.006057
1.590000 0.266818 -0.006057
1.595000 0.263217 -0.006057
1.600000 0.270464 -0.006057
1.605000 0.263753 -0.006057
1.610000 0.266028 -0.006057
1.615000 0.274647 -0.006057
1.620000 0.277819 -0.006057
1.625000 0.275276 -0.006057
1.630000 0.275773 -0.006057
1.635000 0.275138 -0.006057
1.640000 0.276203 -0.006057
1.645000 0.274479 -0.006057
1.650000 0.279535 -0.006057
1.655000 0.277214 -0.006057
1.660000 0.274448 -0.006057
1.665000 0.272717 -0.006057
1.670000 0.275061 -0.006057
1.675000 0.264956 -0.006057
1.680000 0.254422 -0.006057
1.685000 0.271077 -0.006057
1.690000 0.262780 -0.006057
1.695000 0.260344 -0.006057
1.700000 0.265668 -0.006057
1.705000 0.264588 -0.006057
1.710000 0.268541 -0.006057
1.715000 0.264634 -0.006057
1.720000 0.263699 -0.006057
1.725000 0.265975 -0.006057
1.730000 0.263385 -0.006057
1.735000 0.264358 -0.006057
1.740000 0.269369 -0.006057
1.745000 0.261953 -0.006057
1.750000 0.265086 -0.006057
1.755000 0.260512 -0.006057
1.760000 0.263669 -0.006057
1.765000 0.259869 -0.006057
1.770000 0.266427 -0.006057
1.775000 0.264044 -0.006057
1.780000 0.269920 -0.006057
1.785000 0.271131 -0.006057
1.790000 0.273268 -0.006057
1.795000 0.261087 -0.006057
1.800000 0.269614 -0.006057
1.805000 0.273207 -0.006057
1.810000 0.267316 -0.006057
1.815000 0.266841 -0.006057
1.820000 0.264236 -0.006057
1.825000 0.264956 -0.006057
1.830000 0.259700 -0.006057
1.835000 0.272203 -0.006057
1.840000 0.268273 -0.006057
1.845000 0.271682 -0.006057
1.850000 0.268066 -0.006057
1.855000 0.272349 -0.006057
1.860000 0.273651 -0.006057
1.865000 0.275751 -0.006057
1.870000 0.278631 -0.006057
1.875000 0.265730 -0.006057
1.880000 0.271981 -0.006057
1.885000 0.272533 -0.006057
1.890000 0.270089 -0.006057
1.895000 0.267614 -0.006057
1.900000 0.274839 -0.006057
1.905000 0.272947 -0.006057
1.910000 0.276501 -0.006057
1.915000 0.278309 -0.006057
1.920000 0.274195 -0.006057
1.925000 0.276586 -0.006057
1.930000 0.273590 -0.006057
1.935000 0.276379 -0.006057
1.940000 0.277919 -0.006057
1.945000 0.271782 -0.006057
1.950000 0.269392 -0.006057
1.955000 0.277490 -0.006057
1.960000 0.277444 -0.006057
1.965000 0.271047 -0.006057
1.970000 0.267024 -0.006057
1.975000 0.269361 -0.006057
1.980000 0.274280 -0.006057
1.985000 0.280646 -0.006057
1.990000 0.272165 -0.006057
1.995000 0.277666 -0.006057
2.000000 0.274571 -0.006057
2.005000 0.266526 -0.006057
2.010000 0.271537 -0.006057
2.015000 0.263554 -0.006057
2.020000 0.280807 -0.006057
2.025000 0.278830 -0.006057
2.030000 0.278692 -0.006057
2.035000 0.270449 -0.006057
2.040000 0.280677 -0.006057
2.045000 0.269468 -0.006057
2.050000 0.275023 -0.006057
2.055000 0.276984 -0.006057
2.060000 0.275184 -0.006057
2.065000 0.278555 -0.006057
2.070000 0.278256 -0.006057
2.075000 0.288269 -0.006057
2.080000 0.277988 -0.006057
2.085000 0.285097 -0.006057
2.090000 0.290016 -0.006057
2.095000 0.280769 -0.006057
2.100000 0.275567 -0.006057
2.105000 0.278409 -0.006057
2.110000 0.276463 -0.006057
2.115000 0.280133 -0.006057
2.120000 0.282569 -0.006057
2.125000 0.282048 -0.006057
2.130000 0.272916 -0.006057
2.135000 0.274701 -0.006057
2.140000 0.280301 -0.006057
2.145000 0.281404 -0.006057
