0.000000 -62.558685 -0.006057
0.005000 -0.295562 -0.006057
0.010000 0.899649 -0.006057
0.015000 0.943962 -0.006057
0.020000 0.940951 -0.006057
0.025000 0.946444 -0.006057
0.030000 0.945417 -0.006057
0.035000 0.947394 -0.006057
0.040000 0.950918 -0.006057
0.045000 0.945831 -0.006057
0.050000 0.954542 -0.006057
0.055000 0.946651 -0.006057
0.060000 0.942606 -0.006057
0.065000 0.952312 -0.006057
0.070000 0.949363 -0.006057
0.075000 0.953975 -0.006057
0.080000 0.951707 -0.006057
0.085000 0.943027 -0.006057
0.090000 0.953653 -0.006057
0.095000 0.942429 -0.006057
0.100000 0.943716 -0.006057
0.105000 0.947110 -0.006057
0.110000 0.948826 -0.006057
0.115000 0.948244 -0.006057
0.120000 0.945494 -0.006057
0.125000 0.940338 -0.006057
0.130000 0.945846 -0.006057
0.135000 0.955101 -0.006057
0.140000 0.947968 -0.006057
0.145000 0.953331 -0.006057
0.150000 0.953891 -0.006057
0.155000 0.940736 -0.006057
0.160000 0.949462 -0.006057
0.165000 0.950366 -0.006057
0.170000 0.944582 -0.006057
0.175000 0.950029 -0.006057
0.180000 0.942912 -0.006057
0.185000 0.952036 -0.006057
0.190000 0.945839 -0.006057
0.195000 0.948788 -0.006057
0.200000 0.951201 -0.006057
0.205000 0.942092 -0.006057
0.210000 0.947968 -0.006057
0.215000 0.948941 -0.006057
0.220000 0.947976 -0.006057
0.225000 0.944023 -0.006057
0.230000 0.944490 -0.006057
0.235000 0.946919 -0.006057
0.240000 0.947562 -0.006057
0.245000 0.940974 -0.006057
0.250000 0.950022 -0.006057
0.255000 0.944950 -0.006057
0.260000 0.942851 -0.006057
0.265000 0.945195 -0.006057
0.270000 0.943586 -0.006057
0.275000 0.947662 -0.006057
0.280000 0.940077 -0.006057
0.285000 0.943180 -0.006057
0.290000 0.945379 -0.006057
0.295000 0.947830 -0.006057
0.300000 0.940514 -0.006057
0.305000 0.948183 -0.006057
0.310000 0.940782 -0.006057
0.315000 0.940177 -0.006057
0.320000 0.933420 -0.006057
0.325000 0.946068 -0.006057
0.330000 0.948290 -0.006057
0.335000 0.953584 -0.006057
0.340000 0.944398 -0.006057
0.345000 0.935848 -0.006057
0.350000 0.946972 -0.006057
0.355000 0.949386 -0.006057
0.360000 0.952381 -0.006057
0.365000 0.940560 -0.006057
0.370000 0.950772 -0.006057
0.375000 0.949914 -0.006057
0.380000 0.947371 -0.006057
0.385000 0.944950 -0.006057
0.390000 0.950182 -0.006057
0.395000 0.946091 -0.006057
0.400000 0.947808 -0.006057
0.405000 0.944996 -0.006057
0.410000 0.952749 -0.006057
0.415000 0.955722 -0.006057
0.420000 0.947302 -0.006057
0.425000 0.950374 -0.006057
0.430000 0.942138 -0.006057
0.435000 0.950765 -0.006057
0.440000 0.947141 -0.006057
0.445000 0.942468 -0.006057
0.450000 0.947915 -0.006057
0.455000 0.955254 -0.006057
0.460000 0.948681 -0.006057
0.465000 0.941158 -0.006057
0.470000 0.944352 -0.006057
0.475000 0.955844 -0.006057
0.480000 0.957553 -0.006057
0.485000 0.951822 -0.006057
0.490000 0.946605 -0.006057
0.495000 0.948727 -0.006057
0.500000 0.947654 -0.006057
0.505000 0.944260 -0.006057
0.510000 0.953086 -0.006057
0.515000 0.948336 -0.006057
0.520000 0.943448 -0.006057
0.525000 0.939166 -0.006057
0.530000 0.942682 -0.006057
0.535000 0.946528 -0.006057
0.540000 0.946582 -0.006057
0.545000 0.946704 -0.006057
0.550000 0.951500 -0.006057
0.555000 0.946459 -0.006057
0.560000 0.948895 -0.006057
0.565000 0.956993 -0.006057
0.570000 0.945808 -0.006057
0.575000 0.944360 -0.006057
0.580000 0.944375 -0.006057
0.585000 0.947348 -0.006057
0.590000 0.952634 -0.006057
0.595000 0.950290 -0.006057
0.600000 0.940813 -0.006057
0.605000 0.942399 -0.006057
0.610000 0.947746 -0.006057
0.615000 0.944873 -0.006057
0.620000 0.950857 -0.006057
0.625000 0.943487 -0.006057
0.630000 0.940974 -0.006057
0.635000 0.945302 -0.006057
0.640000 0.949018 -0.006057
0.645000 0.945310 0.089948
0.650000 0.948306 2.394073
0.655000 0.941426 2.298068
0.660000 0.947953 -0.006057
0.665000 0.941587 -0.006057
0.670000 0.950550 -0.006057
0.675000 0.960349 -0.006057
0.680000 0.985807 -0.006057
0.685000 0.994886 -0.006057
0.690000 1.017004 -0.006057
0.695000 1.030028 -0.006057
0.700000 1.040332 -0.006057
0.705000 1.070578 -0.006057
0.710000 1.076470 -0.006057
0.715000 1.099576 -0.006057
0.720000 1.095041 -0.006057
0.725000 1.112960 -0.006057
0.730000 1.118829 -0.006057
0.735000 1.130275 -0.006057
0.740000 1.126582 -0.006057
0.745000 1.130926 -0.006057
0.750000 1.143720 -0.006057
0.755000 1.133607 -0.006057
0.760000 1.138779 -0.006057
0.765000 1.138204 -0.006057
0.770000 1.138932 -0.006057
0.775000 1.141276 -0.006057
0.780000 1.131983 -0.006057
0.785000 1.128934 -0.006057
0.790000 1.128229 -0.006057
0.795000 1.127792 -0.006057
0.800000 1.125287 -0.006057
0.805000 1.113627 -0.006057
0.810000 1.113749 -0.006057
0.815000 1.109429 -0.006057
0.820000 1.101576 -0.006057
0.825000 1.099155 -0.006057
0.830000 1.091233 -0.006057
0.835000 1.086545 -0.006057
0.840000 1.073214 -0.006057
0.845000 1.067123 -0.006057
0.850000 1.062435 -0.006057
0.855000 1.065078 -0.006057
0.860000 1.047656 -0.006057
0.865000 1.050307 -0.006057
0.870000 1.039865 -0.006057
0.875000 1.041918 -0.006057
0.880000 1.027201 -0.006057
0.885000 1.028963 -0.006057
0.890000 1.022305 -0.006057
0.895000 1.017402 -0.006057
0.900000 1.011219 -0.006057
0.905000 1.000195 -0.006057
0.910000 1.006370 -0.006057
0.915000 1.003949 -0.006057
0.920000 1.005634 -0.006057
0.925000 0.984673 -0.006057
0.930000 0.986688 -0.006057
0.935000 0.987868 -0.006057
0.940000 0.978652 -0.006057
0.945000 0.980123 -0.006057
0.950000 0.980728 -0.006057
0.955000 0.978981 -0.006057
0.960000 0.971994 -0.006057
0.965000 0.966562 -0.006057
0.970000 0.960640 -0.006057
0.975000 0.970125 -0.006057
0.980000 0.969558 -0.006057
0.985000 0.962571 -0.006057
0.990000 0.956051 -0.006057
0.995000 0.955959 -0.006057
1.000000 0.948191 -0.006057
1.005000 0.947624 -0.006057
1.010000 0.952772 -0.006057
1.015000 0.954863 -0.006057
1.020000 0.955836 -0.006057
1.025000 0.951355 -0.006057
1.030000 0.946766 -0.006057
1.035000 0.951309 -0.006057
1.040000 0.954503 -0.006057
1.045000 0.945088 -0.006057
1.050000 0.941717 -0.006057
1.055000 0.942154 -0.006057
1.060000 0.941357 -0.006057
1.065000 0.939633 -0.006057
1.070000 0.948206 -0.006057
1.075000 0.940200 -0.006057
1.080000 0.946566 -0.006057
1.085000 0.940246 -0.006057
1.090000 0.944260 -0.006057
1.095000 0.936063 -0.006057
1.100000 0.941265 -0.006057
1.105000 0.941564 -0.006057
1.110000 0.932623 -0.006057
1.115000 0.932163 -0.006057
1.120000 0.939985 -0.006057
1.125000 0.940476 -0.006057
1.130000 0.924303 -0.006057
1.135000 0.935243 -0.006057
1.140000 0.940836 -0.006057
1.145000 0.923912 -0.006057
1.150000 0.933037 -0.006057
1.155000 0.930532 -0.006057
1.160000 0.940583 -0.006057
1.165000 0.931987 -0.006057
1.170000 0.929329 -0.006057
1.175000 0.928103 -0.006057
1.180000 0.931305 -0.006057
1.185000 0.923567 -0.006057
1.190000 0.923560 -0.006057
1.195000 0.928264 -0.006057
1.200000 0.938629 -0.006057
1.205000 0.923767 -0.006057
1.210000 0.930493 -0.006057
1.215000 0.924510 -0.006057
1.220000 0.924311 -0.006057
1.225000 0.926011 -0.006057
1.230000 0.926755 -0.006057
1.235000 0.927567 -0.006057
1.240000 0.930202 -0.006057
1.245000 0.933159 -0.006057
1.250000 0.925153 -0.006057
1.255000 0.918856 -0.006057
1.260000 0.916404 -0.006057
1.265000 0.919905 -0.006057
1.270000 0.915408 -0.006057
1.275000 0.925322 -0.006057
1.280000 0.917446 -0.006057
1.285000 0.920672 -0.006057
1.290000 0.920411 -0.006057
1.295000 0.922679 -0.006057
1.300000 0.923590 -0.006057
1.305000 0.914543 -0.006057
1.310000 0.923644 -0.006057
1.315000 0.924809 -0.006057
1.320000 0.921882 -0.006057
1.325000 0.908950 -0.006057
1.330000 0.920993 -0.006057
1.335000 0.918044 -0.006057
1.340000 0.918274 -0.006057
1.345000 0.915385 -0.006057
1.350000 0.919484 -0.006057
1.355000 0.917745 -0.006057
1.360000 0.918764 -0.006057
1.365000 0.912374 -0.006057
1.370000 0.914987 -0.006057
1.375000 0.913807 -0.006057
1.380000 0.912773 -0.006057
1.385000 0.917530 -0.006057
1.390000 0.920924 -0.006057
1.395000 0.919622 -0.006057
1.400000 0.915753 -0.006057
1.405000 0.913156 -0.006057
1.410000 0.914420 -0.006057
1.415000 0.914956 -0.006057
1.420000 0.910957 -0.006057
1.425000 0.911807 -0.006057
1.430000 0.919576 -0.006057
1.435000 0.918419 -0.006057
1.440000 0.917124 -0.006057
1.445000 0.911532 -0.006057
1.450000 0.918013 -0.006057
1.455000 0.912911 -0.006057
1.460000 0.913684 -0.006057
1.465000 0.910888 -0.006057
1.470000 0.918358 -0.006057
1.475000 0.916404 -0.006057
1.480000 0.915485 -0.006057
1.485000 0.910589 -0.006057
1.490000 0.919461 -0.006057
1.495000 0.912918 -0.006057
1.500000 0.913531 -0.006057
1.505000 0.907464 -0.006057
1.510000 0.906751 -0.006057
1.515000 0.916305 -0.006057
1.520000 0.917193 -0.006057
1.525000 0.917431 -0.006057
1.530000 0.907510 -0.006057
1.535000 0.912941 -0.006057
1.540000 0.908559 -0.006057
1.545000 0.906720 -0.006057
1.550000 0.914297 -0.006057
1.555000 0.908368 -0.006057
1.560000 0.910957 -0.006057
1.565000 0.909141 -0.006057
1.570000 0.911578 -0.006057
1.575000 0.911762 -0.006057
1.580000 0.905732 -0.006057
1.585000 0.908015 -0.006057
1.590000 0.913891 -0.006057
1.595000 0.919338 -0.006057
1.600000 0.919438 -0.006057
1.605000 0.909670 -0.006057
1.610000 0.911915 -0.006057
1.615000 0.908023 -0.006057
1.620000 0.915768 -0.006057
1.625000 0.909555 -0.006057
1.630000 0.912168 -0.006057
1.635000 0.911968 -0.006057
1.640000 0.916389 -0.006057
1.645000 0.908873 -0.006057
1.650000 0.907318 -0.006057
1.655000 0.912581 -0.006057
1.660000 0.901963 -0.006057
1.665000 0.911103 -0.006057
1.670000 0.910283 -0.006057
1.675000 0.917936 -0.006057
1.680000 0.901273 -0.006057
1.685000 0.913478 -0.006057
1.690000 0.908651 -0.006057
1.695000 0.913531 -0.006057
1.700000 0.915224 -0.006057
1.705000 0.901419 -0.006057
1.710000 0.907992 -0.006057
1.715000 0.906713 -0.006057
1.720000 0.909586 -0.006057
1.725000 0.905020 -0.006057
1.730000 0.910099 -0.006057
1.735000 0.912443 -0.006057
1.740000 0.909609 -0.006057
1.745000 0.906897 -0.006057
1.750000 0.906774 -0.006057
1.755000 0.904797 -0.006057
1.760000 0.908207 -0.006057
1.765000 0.901189 -0.006057
1.770000 0.901940 -0.006057
1.775000 0.911011 -0.006057
1.780000 0.908620 -0.006057
1.785000 0.913930 -0.006057
1.790000 0.913577 -0.006057
1.795000 0.902369 -0.006057
1.800000 0.902139 -0.006057
1.805000 0.904598 -0.006057
1.810000 0.904614 -0.006057
1.815000 0.908896 -0.006057
1.820000 0.911317 -0.006057
1.825000 0.910406 -0.006057
1.830000 0.902560 -0.006057
1.835000 0.911532 -0.006057
1.840000 0.911953 -0.006057
1.845000 0.906651 -0.006057
1.850000 0.906276 -0.006057
1.855000 0.906705 -0.006057
1.860000 0.904560 -0.006057
1.865000 0.905985 -0.006057
1.870000 0.899718 -0.006057
1.875000 0.908414 -0.006057
1.880000 0.900653 -0.006057
1.885000 0.906077 -0.006057
1.890000 0.907586 -0.006057
1.895000 0.901886 -0.006057
1.900000 0.898010 -0.006057
1.905000 0.902545 -0.006057
1.910000 0.906452 -0.006057
1.915000 0.901679 -0.006057
1.920000 0.905165 -0.006057
1.925000 0.904185 -0.006057
1.930000 0.897749 -0.006057
1.935000 0.902438 -0.006057
1.940000 0.901120 -0.006057
1.945000 0.899067 -0.006057
1.950000 0.901158 -0.006057
1.955000 0.901212 -0.006057
1.960000 0.906950 -0.006057
1.965000 0.900300 -0.006057
1.970000 0.901296 -0.006057
1.975000 0.916151 -0.006057
1.980000 0.900385 -0.006057
1.985000 0.899366 -0.006057
1.990000 0.904162 -0.006057
1.995000 0.905663 -0.006057
2.000000 0.902989 -0.006057
2.005000 0.900040 -0.006057
2.010000 0.904445 -0.006057
2.015000 0.901925 -0.006057
2.020000 0.891229 -0.006057
2.025000 0.903265 -0.006057
2.030000 0.895627 -0.006057
2.035000 0.899963 -0.006057
2.040000 0.898232 -0.006057
2.045000 0.902660 -0.006057
2.050000 0.894830 -0.006057
2.055000 0.902093 -0.006057
2.060000 0.907510 -0.006057
2.065000 0.907058 -0.006057
2.070000 0.903058 -0.006057
2.075000 0.903426 -0.006057
2.080000 0.894240 -0.006057
2.085000 0.898125 -0.006057
2.090000 0.899848 -0.006057
2.095000 0.902905 -0.006057
2.100000 0.900247 -0.006057
2.105000 0.896631 -0.006057
2.110000 0.893084 -0.006057
2.115000 0.894715 -0.006057
2.120000 0.903717 -0.006057
2.125000 0.897910 -0.006057
2.130000 0.900668 -0.006057
2.135000 0.896554 -0.006057
2.140000 0.906046 -0.006057
2.145000 0.902369 -0.006057
