0.000000 -62.769886 -0.006057
0.005000 -0.892140 -0.006057
0.010000 0.290958 -0.006057
0.015000 0.349084 -0.006057
0.020000 0.347559 -0.006057
0.025000 0.347046 -0.006057
0.030000 0.347444 -0.006057
0.035000 0.338940 -0.006057
0.040000 0.342434 -0.006057
0.045000 0.343529 -0.006057
0.050000 0.352393 -0.006057
0.055000 0.341338 -0.006057
0.060000 0.342242 -0.006057
0.065000 0.344311 -0.006057
0.070000 0.343537 -0.006057
0.075000 0.341009 -0.006057
0.080000 0.340358 -0.006057
0.085000 0.346142 -0.006057
0.090000 0.339821 -0.006057
0.095000 0.342771 -0.006057
0.100000 0.337523 -0.006057
0.105000 0.339254 -0.006057
0.110000 0.346126 -0.006057
0.115000 0.338182 -0.006057
0.120000 0.343744 -0.006057
0.125000 0.344717 -0.006057
0.130000 0.337691 -0.006057
0.135000 0.345667 -0.006057
0.140000 0.344157 -0.006057
0.145000 0.339653 -0.006057
0.150000 0.346961 -0.006057
0.155000 0.337875 -0.006057
0.160000 0.343246 -0.006057
0.165000 0.345115 -0.006057
0.170000 0.346487 -0.006057
0.175000 0.333393 -0.006057
0.180000 0.336266 -0.006057
0.185000 0.332987 -0.006057
0.190000 0.337975 -0.006057
0.195000 0.340036 -0.006057
0.200000 0.343606 -0.006057
0.205000 0.340794 -0.006057
0.210000 0.333792 -0.006057
0.215000 0.334543 -0.006057
0.220000 0.346984 -0.006057
0.225000 0.346647 -0.006057
0.230000 0.342342 -0.006057
0.235000 0.337929 -0.006057
0.240000 0.335010 -0.006057
0.245000 0.334397 -0.006057
0.250000 0.334711 -0.006057
0.255000 0.342495 -0.006057
0.260000 0.341706 -0.006057
0.265000 0.333256 -0.006057
0.270000 0.329364 -0.006057
0.275000 0.339017 -0.006057
0.280000 0.333677 -0.006057
0.285000 0.341208 -0.006057
0.290000 0.340534 -0.006057
0.295000 0.339837 -0.006057
0.300000 0.343100 -0.006057
0.305000 0.342150 -0.006057
0.310000 0.339929 -0.006057
0.315000 0.338235 -0.006057
0.320000 0.337615 -0.006057
0.325000 0.342648 -0.006057
0.330000 0.338772 -0.006057
0.335000 0.333692 -0.006057
0.340000 0.340013 -0.006057
0.345000 0.329525 -0.006057
0.350000 0.339607 -0.006057
0.355000 0.332053 -0.006057
0.360000 0.337270 -0.006057
0.365000 0.345621 -0.006057
0.370000 0.344694 -0.006057
0.375000 0.341254 -0.006057
0.380000 0.338174 -0.006057
0.385000 0.338526 -0.006057
0.390000 0.333899 -0.006057
0.395000 0.338243 -0.006057
0.400000 0.338067 -0.006057
0.405000 0.344012 -0.006057
0.410000 0.339247 -0.006057
0.415000 0.338488 -0.006057
0.420000 0.337906 -0.006057
0.425000 0.347735 -0.006057
0.430000 0.340541 -0.006057
0.435000 0.346226 -0.006057
0.440000 0.349199 -0.006057
0.445000 0.340970 -0.006057
0.450000 0.346080 -0.006057
0.455000 0.334175 -0.006057
0.460000 0.342725 -0.006057
0.465000 0.342955 -0.006057
0.470000 0.343146 -0.006057
0.475000 0.338350 -0.006057
0.480000 0.338726 -0.006057
0.485000 0.342395 -0.006057
0.490000 0.342403 -0.006057
0.495000 0.338029 -0.006057
0.500000 0.337929 -0.006057
0.505000 0.339515 -0.006057
0.510000 0.339515 -0.006057
0.515000 0.342733 -0.006057
0.520000 0.337714 -0.006057
0.525000 0.350792 -0.006057
0.530000 0.335975 -0.006057
0.535000 0.345889 -0.006057
0.540000 0.340993 -0.006057
0.545000 0.340840 -0.006057
0.550000 0.342978 -0.006057
0.555000 0.331624 -0.006057
0.560000 0.340618 -0.006057
0.565000 0.338067 -0.006057
0.570000 0.346571 -0.006057
0.575000 0.340603 -0.006057
0.580000 0.343828 -0.006057
0.585000 0.341139 -0.006057
0.590000 0.337546 -0.006057
0.595000 0.336611 -0.006057
0.600000 0.341522 -0.006057
0.605000 0.340312 -0.006057
0.610000 0.346778 -0.006057
0.615000 0.332558 -0.006057
0.620000 0.342311 -0.006057
0.625000 0.341599 -0.006057
0.630000 0.338320 -0.006057
0.635000 0.340442 -0.006057
0.640000 0.338320 -0.006057
0.645000 0.341599 0.113954
0.650000 0.336044 2.994223
0.655000 0.333225 2.874212
0.660000 0.338818 -0.006057
0.665000 0.348586 -0.006057
0.670000 0.387964 -0.006057
0.675000 0.583463 -0.006057
0.680000 0.910605 -0.006057
0.685000 1.349041 -0.006057
0.690000 1.793935 -0.006057
0.695000 2.240078 -0.006057
0.700000 2.692166 -0.006057
0.705000 3.122796 -0.006057
0.710000 3.527813 -0.006057
0.715000 3.888894 -0.006057
0.720000 4.234177 -0.006057
0.725000 4.544832 -0.006057
0.730000 4.810301 -0.006057
0.735000 5.040995 -0.006057
0.740000 5.249633 -0.006057
0.745000 5.413575 -0.006057
0.750000 5.554266 -0.006057
0.755000 5.649671 -0.006057
0.760000 5.721035 -0.006057
0.765000 5.750331 -0.006057
0.770000 5.752308 -0.006057
0.775000 5.738280 -0.006057
0.780000 5.688000 -0.006057
0.785000 5.627093 -0.006057
0.790000 5.551546 -0.006057
0.795000 5.445178 -0.006057
0.800000 5.316378 -0.006057
0.805000 5.175641 -0.006057
0.810000 5.013407 -0.006057
0.815000 4.843757 -0.006057
0.820000 4.649622 -0.006057
0.825000 4.442149 -0.006057
0.830000 4.228408 -0.006057
0.835000 4.005184 -0.006057
0.840000 3.810359 -0.006057
0.845000 3.603897 -0.006057
0.850000 3.423199 -0.006057
0.855000 3.238235 -0.006057
0.860000 3.079418 -0.006057
0.865000 2.913836 -0.006057
0.870000 2.774999 -0.006057
0.875000 2.624618 -0.006057
0.880000 2.489857 -0.006057
0.885000 2.363240 -0.006057
0.890000 2.241189 -0.006057
0.895000 2.123773 0.113954
0.900000 2.019159 2.994223
0.905000 1.919862 2.874212
0.910000 1.811180 -0.006057
0.915000 1.727964 -0.006057
0.920000 1.722609 -0.006057
0.925000 1.939490 -0.006057
0.930000 2.317311 -0.006057
0.935000 2.788361 -0.006057
0.940000 3.281804 -0.006057
0.945000 3.783606 -0.006057
0.950000 4.253667 -0.006057
0.955000 4.693758 -0.006057
0.960000 5.095290 -0.006057
0.965000 5.462086 -0.006057
0.970000 5.780754 -0.006057
0.975000 6.054788 -0.006057
0.980000 6.307754 -0.006057
0.985000 6.512837 -0.006057
0.990000 6.684295 -0.006057
0.995000 6.814758 -0.006057
1.000000 6.923938 -0.006057
1.005000 6.993517 -0.006057
1.010000 7.045169 -0.006057
1.015000 7.049283 -0.006057
1.020000 7.041246 -0.006057
1.025000 7.004365 -0.006057
1.030000 6.947128 -0.006057
1.035000 6.893599 -0.006057
1.040000 6.804162 -0.006057
1.045000 6.708864 -0.006057
1.050000 6.590230 -0.006057
1.055000 6.455140 -0.006057
1.060000 6.294845 -0.006057
1.065000 6.114316 -0.006057
1.070000 5.926731 -0.006057
1.075000 5.723448 -0.006057
1.080000 5.505403 -0.006057
1.085000 5.302886 -0.006057
1.090000 5.102967 -0.006057
1.095000 4.915428 -0.006057
1.100000 4.722924 -0.006057
1.105000 4.541101 -0.006057
1.110000 4.346659 -0.006057
1.115000 4.160622 -0.006057
1.120000 3.997385 -0.006057
1.125000 3.816894 -0.006057
1.130000 3.645129 -0.006057
1.135000 3.481563 -0.006057
1.140000 3.323067 -0.006057
1.145000 3.167606 0.113954
1.150000 3.017209 2.994223
1.155000 2.872802 2.874212
1.160000 2.731943 -0.006057
1.165000 2.598592 -0.006057
1.170000 2.543018 -0.006057
1.175000 2.714330 -0.006057
1.180000 3.050014 -0.006057
1.185000 3.458617 -0.006057
1.190000 3.876889 -0.006057
1.195000 4.292096 -0.006057
1.200000 4.687024 -0.006057
1.205000 5.055092 -0.006057
1.210000 5.384156 -0.006057
1.215000 5.682821 -0.006057
1.220000 5.946382 -0.006057
1.225000 6.185266 -0.006057
1.230000 6.373295 -0.006057
1.235000 6.533607 -0.006057
1.240000 6.665265 -0.006057
1.245000 6.774276 -0.006057
1.250000 6.845027 -0.006057
1.255000 6.894419 -0.006057
1.260000 6.927937 -0.006057
1.265000 6.921708 -0.006057
1.270000 6.911075 -0.006057
1.275000 6.881556 -0.006057
1.280000 6.824511 -0.006057
1.285000 6.760631 -0.006057
1.290000 6.692301 -0.006057
1.295000 6.592184 -0.006057
1.300000 6.484353 -0.006057
1.305000 6.356617 -0.006057
1.310000 6.206863 -0.006057
1.315000 6.041274 -0.006057
1.320000 5.863151 -0.006057
1.325000 5.696144 -0.006057
1.330000 5.504606 -0.006057
1.335000 5.340786 -0.006057
1.340000 5.157024 -0.006057
1.345000 4.994591 -0.006057
1.350000 4.828366 -0.006057
1.355000 4.658210 -0.006057
1.360000 4.499477 -0.006057
1.365000 4.336179 -0.006057
1.370000 4.175132 -0.006057
1.375000 4.017365 -0.006057
1.380000 3.862325 -0.006057
1.385000 3.716026 -0.006057
1.390000 3.568617 -0.006057
1.395000 3.419691 0.113954
1.400000 3.290982 2.994223
1.405000 3.149794 2.874212
1.410000 3.027436 -0.006057
1.415000 2.895710 -0.006057
1.420000 2.865141 -0.006057
1.425000 3.178454 -0.006057
1.430000 4.177599 -0.006057
1.435000 5.985991 -0.006057
1.440000 8.211114 -0.006057
1.445000 10.673443 -0.006057
1.450000 13.263309 -0.006057
1.455000 15.930966 -0.006057
1.460000 18.583961 -0.006057
1.465000 21.173803 -0.006057
1.470000 23.636646 -0.006057
1.475000 25.982088 -0.006057
1.480000 28.156878 -0.006057
1.485000 30.187620 -0.006057
1.490000 32.011478 -0.006057
1.495000 33.641144 -0.006057
1.500000 35.033615 -0.006057
1.505000 36.164288 -0.006057
1.510000 37.011879 -0.006057
1.515000 37.532227 -0.006057
1.520000 37.780281 -0.006057
1.525000 37.777817 -0.006057
1.530000 37.532455 -0.006057
1.535000 37.127640 -0.006057
1.540000 36.568310 -0.006057
1.545000 35.784092 -0.006057
1.550000 34.742962 -0.006057
1.555000 33.489895 -0.006057
1.560000 32.104389 -0.006057
1.565000 30.680222 -0.006057
1.570000 29.278978 -0.006057
1.575000 27.963217 -0.006057
1.580000 26.750278 -0.006057
1.585000 25.615868 -0.006057
1.590000 24.577482 -0.006057
1.595000 23.640331 -0.006057
1.600000 22.794073 -0.006057
1.605000 22.025455 -0.006057
1.610000 21.326523 -0.006057
1.615000 20.693499 -0.006057
1.620000 20.115835 -0.006057
1.625000 19.600229 -0.006057
1.630000 19.132626 -0.006057
1.635000 18.715986 -0.006057
1.640000 18.341606 -0.006057
1.645000 17.988216 0.113954
1.650000 17.680557 2.994223
1.655000 17.395010 2.874212
1.660000 17.139568 -0.006057
1.665000 16.891935 -0.006057
1.670000 16.663700 -0.006057
1.675000 16.451218 -0.006057
1.680000 16.287573 -0.006057
1.685000 16.207973 -0.006057
1.690000 16.171490 -0.006057
1.695000 16.166924 -0.006057
1.700000 16.196198 -0.006057
1.705000 16.223816 -0.006057
1.710000 16.265823 -0.006057
1.715000 16.300896 -0.006057
1.720000 16.337418 -0.006057
1.725000 16.371164 -0.006057
1.730000 16.385912 -0.006057
1.735000 16.393559 -0.006057
1.740000 16.397358 -0.006057
1.745000 16.391321 -0.006057
1.750000 16.382879 -0.006057
1.755000 16.365534 -0.006057
1.760000 16.340076 -0.006057
1.765000 16.319046 -0.006057
1.770000 16.271170 -0.006057
1.775000 16.229563 -0.006057
1.780000 16.185955 -0.006057
1.785000 16.137306 -0.006057
1.790000 16.085087 -0.006057
1.795000 16.027773 -0.006057
1.800000 15.970245 -0.006057
1.805000 15.904826 -0.006057
1.810000 15.836573 -0.006057
1.815000 15.757570 -0.006057
1.820000 15.697507 -0.006057
1.825000 15.631750 -0.006057
1.830000 15.558586 -0.006057
1.835000 15.479713 -0.006057
1.840000 15.422661 -0.006057
1.845000 15.348645 -0.006057
1.850000 15.285165 -0.006057
1.855000 15.208438 -0.006057
1.860000 15.145661 -0.006057
1.865000 15.082541 -0.006057
1.870000 15.010334 -0.006057
1.875000 14.949611 -0.006057
1.880000 14.869284 -0.006057
1.885000 14.811901 -0.006057
1.890000 14.749033 -0.006057
1.895000 14.680182 0.113954
1.900000 14.616838 2.994223
1.905000 14.549542 2.874212
1.910000 14.493845 -0.006057
1.915000 14.439896 -0.006057
1.920000 14.378131 -0.006057
1.925000 14.326624 -0.006057
1.930000 14.309241 -0.006057
1.935000 14.385393 -0.006057
1.940000 14.487394 -0.006057
1.945000 14.614846 -0.006057
1.950000 14.762073 -0.006057
1.955000 14.902150 -0.006057
1.960000 15.053374 -0.006057
1.965000 15.183646 -0.006057
1.970000 15.298924 -0.006057
1.975000 15.406242 -0.006057
1.980000 15.488753 -0.006057
1.985000 15.568422 -0.006057
1.990000 15.619454 -0.006057
1.995000 15.659239 -0.006057
2.000000 15.692657 -0.006057
2.005000 15.715940 -0.006057
2.010000 15.727753 -0.006057
2.015000 15.723248 -0.006057
2.020000 15.717678 -0.006057
2.025000 15.701329 -0.006057
2.030000 15.677043 -0.006057
2.035000 15.653776 -0.006057
2.040000 15.632662 -0.006057
2.045000 15.598532 -0.006057
2.050000 15.562325 -0.006057
2.055000 15.512840 -0.006057
2.060000 15.480441 -0.006057
2.065000 15.429556 -0.006057
2.070000 15.382508 -0.006057
2.075000 15.333522 -0.006057
2.080000 15.283073 -0.006057
2.085000 15.228533 -0.006057
2.090000 15.181922 -0.006057
2.095000 15.118909 -0.006057
2.100000 15.071041 -0.006057
2.105000 15.010663 -0.006057
2.110000 14.960919 -0.006057
2.115000 14.886222 -0.006057
2.120000 14.832824 -0.006057
2.125000 14.774100 -0.006057
2.130000 14.721054 -0.006057
2.135000 14.660852 -0.006057
2.140000 14.601110 -0.006057
2.145000 14.545267 0.113954
2.150000 14.485395 2.994223
2.155000 14.426963 2.874212
2.160000 14.375189 -0.006057
2.165000 14.316067 -0.006057
2.170000 14.247867 -0.006057
2.175000 14.194813 -0.006057
2.180000 14.181482 -0.006057
2.185000 14.238482 -0.006057
2.190000 14.321300 -0.006057
2.195000 14.438455 -0.006057
2.200000 14.568014 -0.006057
2.205000 14.678220 -0.006057
2.210000 14.810131 -0.006057
2.215000 14.911803 -0.006057
2.220000 15.003240 -0.006057
2.225000 15.075209 -0.006057
2.230000 15.148381 -0.006057
2.235000 15.194426 -0.006057
2.240000 15.230954 -0.006057
2.245000 15.259201 -0.006057
2.250000 15.289677 -0.006057
2.255000 15.297009 -0.006057
2.260000 15.309734 -0.006057
2.265000 15.309466 -0.006057
2.270000 15.305835 -0.006057
2.275000 15.303329 -0.006057
2.280000 15.291845 -0.006057
2.285000 15.280606 -0.006057
2.290000 15.255201 -0.006057
2.295000 15.230464 -0.006057
2.300000 15.206691 -0.006057
2.305000 15.176260 -0.006057
2.310000 15.140276 -0.006057
2.315000 15.100798 -0.006057
2.320000 15.066919 -0.006057
2.325000 15.036689 -0.006057
2.330000 14.992867 -0.006057
2.335000 14.948423 -0.006057
2.340000 14.910003 -0.006057
2.345000 14.860212 -0.006057
2.350000 14.816031 -0.006057
2.355000 14.767190 -0.006057
2.360000 14.720403 -0.006057
2.365000 14.682794 -0.006057
2.370000 14.625488 -0.006057
2.375000 14.581605 -0.006057
2.380000 14.522169 -0.006057
2.385000 14.478332 -0.006057
2.390000 14.432257 -0.006057
2.395000 14.372078 0.113954
2.400000 14.325980 2.994223
2.405000 14.265978 2.874212
2.410000 14.207025 -0.006057
2.415000 14.156246 -0.006057
2.420000 14.089831 -0.006057
2.425000 14.039674 -0.006057
2.430000 14.096497 -0.006057
2.435000 14.307410 -0.006057
2.440000 14.579153 -0.006057
2.445000 14.891777 -0.006057
2.450000 15.225323 -0.006057
2.455000 15.565619 -0.006057
2.460000 15.903792 -0.006057
2.465000 16.212103 -0.006057
2.470000 16.515432 -0.006057 4Hz
2.475000 16.790356 -0.006057
2.480000 17.020760 -0.006057
2.485000 17.233940 -0.006057
2.490000 17.425079 -0.006057
2.495000 17.562475 -0.006057
2.500000 17.685806 -0.006057
2.505000 17.753670 -0.006057
2.510000 17.800127 -0.006057
2.515000 17.798143 -0.006057
2.520000 17.755953 -0.006057
2.525000 17.689016 -0.006057
2.530000 17.583153 -0.006057
2.535000 17.441475 -0.006057
2.540000 17.276405 -0.006057
2.545000 17.094084 -0.006057
2.550000 16.884481 -0.006057
2.555000 16.659893 -0.006057
2.560000 16.418104 -0.006057
2.565000 16.160473 -0.006057
2.570000 15.896529 -0.006057
2.575000 15.608415 -0.006057
2.580000 15.318996 -0.006057
2.585000 15.017842 -0.006057
2.590000 14.707953 -0.006057
2.595000 14.392863 -0.006057
2.600000 14.072778 -0.006057
2.605000 13.750731 -0.006057
2.610000 13.432246 -0.006057
2.615000 13.110054 -0.006057
2.620000 12.786950 -0.006057
2.625000 12.466895 -0.006057
2.630000 12.166636 -0.006057
2.635000 11.843717 -0.006057
2.640000 11.548867 -0.006057
2.645000 11.235929 0.113954
2.650000 10.944313 2.994223
2.655000 10.645824 2.874212
2.660000 10.361793 -0.006057
2.665000 10.077622 -0.006057
2.670000 9.812668 -0.006057
2.675000 9.571048 -0.006057
2.680000 9.351117 -0.006057
2.685000 9.167494 -0.006057
2.690000 8.991125 -0.006057
2.695000 8.831656 -0.006057
2.700000 8.690644 -0.006057
2.705000 8.548682 -0.006057
2.710000 8.427972 -0.006057
2.715000 8.296138 -0.006057
2.720000 8.170027 -0.006057
2.725000 8.055131 -0.006057
2.730000 7.935080 -0.006057
2.735000 7.812822 -0.006057
2.740000 7.701015 -0.006057
2.745000 7.582986 -0.006057
2.750000 7.477361 -0.006057
2.755000 7.359524 -0.006057
2.760000 7.251079 -0.006057
2.765000 7.141754 -0.006057
2.770000 7.027425 -0.006057
2.775000 6.914445 -0.006057
2.780000 6.806330 -0.006057
2.785000 6.698583 -0.006057
2.790000 6.594720 -0.006057
2.795000 6.479511 -0.006057
2.800000 6.376023 -0.006057
2.805000 6.267104 -0.006057
2.810000 6.163018 -0.006057
2.815000 6.055593 -0.006057
2.820000 5.954005 -0.006057
2.825000 5.850487 -0.006057
2.830000 5.746018 -0.006057
2.835000 5.645840 -0.006057
2.840000 5.543035 -0.006057
2.845000 5.459665 -0.006057
2.850000 5.352584 -0.006057
2.855000 5.263515 -0.006057
2.860000 5.159935 -0.006057
2.865000 5.070721 -0.006057
2.870000 4.991496 -0.006057
2.875000 4.899071 -0.006057
2.880000 4.805972 -0.006057
2.885000 4.729743 -0.006057
2.890000 4.645370 -0.006057
2.895000 4.562376 0.113954
2.900000 4.484776 2.994223
2.905000 4.400311 2.874212
2.910000 4.321722 -0.006057
2.915000 4.244711 -0.006057
2.920000 4.188133 -0.006057
2.925000 4.169134 -0.006057
2.930000 4.185552 -0.006057
2.935000 4.219767 -0.006057
2.940000 4.268377 -0.006057
2.945000 4.314597 -0.006057
2.950000 4.370968 -0.006057
2.955000 4.416943 -0.006057
2.960000 4.470112 -0.006057
2.965000 4.507851 -0.006057
2.970000 4.551421 -0.006057
2.975000 4.581682 -0.006057
2.980000 4.605624 -0.006057
2.985000 4.637624 -0.006057
2.990000 4.652035 -0.006057
2.995000 4.669664 -0.006057
3.000000 4.670644 -0.006057
3.005000 4.680083 -0.006057
3.010000 4.681830 -0.006057
3.015000 4.676390 -0.006057
3.020000 4.670637 -0.006057
3.025000 4.659589 -0.006057
3.030000 4.652204 -0.006057
3.035000 4.626501 -0.006057
3.040000 4.611140 -0.006057
3.045000 4.583950 -0.006057
3.050000 4.572221 -0.006057
3.055000 4.534106 -0.006057
3.060000 4.515106 -0.006057
3.065000 4.483941 -0.006057
3.070000 4.455142 -0.006057
3.075000 4.416553 -0.006057
3.080000 4.374201 -0.006057
3.085000 4.336516 -0.006057
3.090000 4.290165 -0.006057
3.095000 4.260532 -0.006057
3.100000 4.217216 -0.006057
3.105000 4.174382 -0.006057
3.110000 4.126974 -0.006057
3.115000 4.091855 -0.006057
3.120000 4.042095 -0.006057
3.125000 4.005958 -0.006057
3.130000 3.964043 -0.006057
3.135000 3.917378 -0.006057
3.140000 3.878260 -0.006057
3.145000 3.840613 0.113954
3.150000 3.800208 2.994223
3.155000 3.754011 2.874212
3.160000 3.707936 -0.006057
3.165000 3.682172 -0.006057
3.170000 3.665171 -0.006057
3.175000 3.695096 -0.006057
3.180000 3.775424 -0.006057
3.185000 3.890288 -0.006057
3.190000 4.010975 -0.006057
3.195000 4.111483 -0.006057
3.200000 4.222854 -0.006057
3.205000 4.315478 -0.006057
3.210000 4.415618 -0.006057
3.215000 4.492023 -0.006057
3.220000 4.570098 -0.006057
3.225000 4.637594 -0.006057
3.230000 4.684159 -0.006057
3.235000 4.745816 -0.006057
3.240000 4.780591 -0.006057
3.245000 4.813519 -0.006057
3.250000 4.834740 -0.006057
3.255000 4.852269 -0.006057
3.260000 4.861585 -0.006057
3.265000 4.864588 -0.006057
3.270000 4.864090 -0.006057
3.275000 4.863600 -0.006057
3.280000 4.841528 -0.006057
3.285000 4.832664 -0.006057
3.290000 4.807611 -0.006057
3.295000 4.776155 -0.006057
3.300000 4.749746 -0.006057
3.305000 4.713317 -0.006057
3.310000 4.678727 -0.006057
3.315000 4.654142 -0.006057
3.320000 4.599847 -0.006057
3.325000 4.557343 -0.006057
3.330000 4.512678 -0.006057
3.335000 4.468970 -0.006057
3.340000 4.417319 -0.006057
3.345000 4.369053 -0.006057
3.350000 4.331498 -0.006057
3.355000 4.267787 -0.006057
3.360000 4.216074 -0.006057
3.365000 4.168758 -0.006057
3.370000 4.130245 -0.006057
3.375000 4.084017 -0.006057
3.380000 4.034005 -0.006057
3.385000 3.998319 -0.006057
3.390000 3.956205 -0.006057
3.395000 3.903925 0.113954
3.400000 3.869389 2.994223
3.405000 3.831634 2.874212
3.410000 3.799112 -0.006057
3.415000 3.753927 -0.006057
3.420000 3.735991 -0.006057
3.425000 3.897658 -0.006057
3.430000 4.558515 -0.006057
3.435000 5.970407 -0.006057
3.440000 7.866458 -0.006057
3.445000 10.017153 -0.006057
3.450000 12.339489 -0.006057
3.455000 14.752496 -0.006057
3.460000 17.224049 -0.006057
3.465000 19.645866 -0.006057
3.470000 22.022675 -0.006057
3.475000 24.290869 -0.006057
3.480000 26.429634 -0.006057
3.485000 28.425434 -0.006057
3.490000 30.255814 -0.006057
3.495000 31.896370 -0.006057
3.500000 33.341358 -0.006057
3.505000 34.557529 -0.006057
3.510000 35.529480 -0.006057
3.515000 36.237865 -0.006057
3.520000 36.692421 -0.006057
3.525000 36.925827 -0.006057
3.530000 36.921860 -0.006057
3.535000 36.739353 -0.006057
3.540000 36.404850 -0.006057
3.545000 35.947735 -0.006057
3.550000 35.338730 -0.006057
3.555000 34.519104 -0.006057
3.560000 33.511238 -0.006057
3.565000 32.398132 -0.006057
3.570000 31.237391 -0.006057
3.575000 30.046049 -0.006057
3.580000 28.885935 -0.006057
3.585000 27.778759 -0.006057
3.590000 26.723310 -0.006057
3.595000 25.731750 -0.006057
3.600000 24.814137 -0.006057
3.605000 23.957844 -0.006057
3.610000 23.175411 -0.006057
3.615000 22.455418 -0.006057
3.620000 21.781361 -0.006057
3.625000 21.167505 -0.006057
3.630000 20.591061 -0.006057
3.635000 20.071938 -0.006057
3.640000 19.602543 -0.006057
3.645000 19.170336 0.113954
3.650000 18.773521 2.994223
3.655000 18.402712 2.874212
3.660000 18.083838 -0.006057
3.665000 17.778898 -0.006057
3.670000 17.497808 -0.006057
3.675000 17.235065 -0.006057
3.680000 17.035713 -0.006057
3.685000 16.938478 -0.006057
3.690000 16.899521 -0.006057
3.695000 16.906139 -0.006057
3.700000 16.928902 -0.006057
3.705000 16.969254 -0.006057
3.710000 17.019403 -0.006057
3.715000 17.070534 -0.006057
3.720000 17.112564 -0.006057
3.725000 17.142986 -0.006057
3.730000 17.174122 -0.006057
3.735000 17.187046 -0.006057
3.740000 17.203043 -0.006057
3.745000 17.201992 -0.006057
3.750000 17.196730 -0.006057
3.755000 17.166613 -0.006057
3.760000 17.138781 -0.006057
3.765000 17.102175 -0.006057
3.770000 17.061523 -0.006057
3.775000 17.014769 -0.006057
3.780000 16.965528 -0.006057
3.785000 16.908001 -0.006057
3.790000 16.854197 -0.006057
3.795000 16.786648 -0.006057
3.800000 16.726583 -0.006057
3.805000 16.638992 -0.006057
3.810000 16.571108 -0.006057
3.815000 16.497873 -0.006057
3.820000 16.415806 -0.006057
3.825000 16.335962 -0.006057
3.830000 16.255817 -0.006057
3.835000 16.176094 -0.006057
3.840000 16.092518 -0.006057
3.845000 16.012651 -0.006057
3.850000 15.939977 -0.006057
3.855000 15.843046 -0.006057
3.860000 15.764772 -0.006057
3.865000 15.678476 -0.006057
3.870000 15.605579 -0.006057
3.875000 15.520218 -0.006057
3.880000 15.440159 -0.006057
3.885000 15.353848 -0.006057
3.890000 15.269950 -0.006057
3.895000 15.191123 0.113954
3.900000 15.108811 2.994223
3.905000 15.032161 2.874212
3.910000 14.964122 -0.006057
3.915000 14.882583 -0.006057
3.920000 14.800003 -0.006057
3.925000 14.736537 -0.006057
