0.000000 -62.790409 -0.006057
0.005000 -0.955506 -0.006057
0.010000 0.240685 -0.006057
0.015000 0.287212 -0.006057
0.020000 0.277421 -0.006057
0.025000 0.281803 -0.006057
0.030000 0.277038 -0.006057
0.035000 0.289449 -0.006057
0.040000 0.277735 -0.006057
0.045000 0.283335 -0.006057
0.050000 0.281887 -0.006057
0.055000 0.288989 -0.006057
0.060000 0.280186 -0.006057
0.065000 0.282155 -0.006057
0.070000 0.282891 -0.006057
0.075000 0.288506 -0.006057
0.080000 0.281519 -0.006057
0.085000 0.275069 -0.006057
0.090000 0.285817 -0.006057
0.095000 0.272916 -0.006057
0.100000 0.287089 -0.006057
0.105000 0.275651 -0.006057
0.110000 0.278585 -0.006057
0.115000 0.276478 -0.006057
0.120000 0.273153 -0.006057
0.125000 0.273207 -0.006057
0.130000 0.281542 -0.006057
0.135000 0.285649 -0.006057
0.140000 0.280891 -0.006057
0.145000 0.273360 -0.006057
0.150000 0.264711 -0.006057
0.155000 0.285572 -0.006057
0.160000 0.277681 -0.006057
0.165000 0.274310 -0.006057
0.170000 0.277214 -0.006057
0.175000 0.282883 -0.006057
0.180000 0.274961 -0.006057
0.185000 0.267093 -0.006057
0.190000 0.273529 -0.006057
0.195000 0.280707 -0.006057
0.200000 0.283473 -0.006057
0.205000 0.280071 -0.006057
0.210000 0.280002 -0.006057
0.215000 0.277451 -0.006057
0.220000 0.278486 -0.006057
0.225000 0.274111 -0.006057
0.230000 0.274080 -0.006057
0.235000 0.273513 -0.006057
0.240000 0.275536 -0.006057
0.245000 0.275084 -0.006057
0.250000 0.277221 -0.006057
0.255000 0.273766 -0.006057
0.260000 0.274854 -0.006057
0.265000 0.273705 -0.006057
0.270000 0.277505 -0.006057
0.275000 0.282209 -0.006057
0.280000 0.275835 -0.006057
0.285000 0.276892 -0.006057
0.290000 0.281435 -0.006057
0.295000 0.290307 -0.006057
0.300000 0.279895 -0.006057
0.305000 0.277076 -0.006057
0.310000 0.280799 -0.006057
0.315000 0.276578 -0.006057
0.320000 0.278922 -0.006057
0.325000 0.279934 -0.006057
0.330000 0.287802 -0.006057
0.335000 0.287112 -0.006057
0.340000 0.274617 -0.006057
0.345000 0.275988 -0.006057
0.350000 0.282423 -0.006057
0.355000 0.281742 -0.006057
0.360000 0.279030 -0.006057
0.365000 0.275214 -0.006057
0.370000 0.282316 -0.006057
0.375000 0.280799 -0.006057
0.380000 0.281627 -0.006057
0.385000 0.279911 -0.006057
0.390000 0.279091 -0.006057
0.395000 0.278133 -0.006057
0.400000 0.276065 -0.006057
0.405000 0.276517 -0.006057
0.410000 0.269905 -0.006057
0.415000 0.279857 -0.006057
0.420000 0.272257 -0.006057
0.425000 0.280569 -0.006057
0.430000 0.271721 -0.006057
0.435000 0.282906 -0.006057
0.440000 0.277045 -0.006057
0.445000 0.282232 -0.006057
0.450000 0.277750 -0.006057
0.455000 0.278179 -0.006057
0.460000 0.277842 -0.006057
0.465000 0.276938 -0.006057
0.470000 0.273621 -0.006057
0.475000 0.284798 -0.006057
0.480000 0.264672 -0.006057
0.485000 0.281129 -0.006057
0.490000 0.277612 -0.006057
0.495000 0.273238 -0.006057
0.500000 0.274601 -0.006057
0.505000 0.275153 -0.006057
0.510000 0.281833 -0.006057
0.515000 0.275766 -0.006057
0.520000 0.270717 -0.006057
0.525000 0.276946 -0.006057
0.530000 0.284208 -0.006057
0.535000 0.284630 -0.006057
0.540000 0.281757 -0.006057
0.545000 0.272012 -0.006057
0.550000 0.276363 -0.006057
0.555000 0.278838 -0.006057
0.560000 0.276524 -0.006057
0.565000 0.272992 -0.006057
0.570000 0.277712 -0.006057
0.575000 0.283986 -0.006057
0.580000 0.279405 -0.006057
0.585000 0.279704 -0.006057
0.590000 0.279321 -0.006057
0.595000 0.273008 -0.006057
0.600000 0.276088 -0.006057
0.605000 0.272962 -0.006057
0.610000 0.279359 -0.006057
0.615000 0.273513 -0.006057
0.620000 0.271184 -0.006057
0.625000 0.275620 -0.006057
0.630000 0.272809 -0.006057
0.635000 0.272441 -0.006057
0.640000 0.279436 -0.006057
0.645000 0.269461 0.089948
0.650000 0.273674 2.394073
0.655000 0.269721 2.298068
0.660000 0.269736 -0.006057
0.665000 0.276448 -0.006057
0.670000 0.299041 -0.006057
0.675000 0.570516 -0.006057
0.680000 1.568841 -0.006057
0.685000 3.602051 -0.006057
0.690000 6.285016 -0.006057
0.695000 9.137178 -0.006057
0.700000 12.142243 -0.006057
0.705000 15.125504 -0.006057
0.710000 18.071503 -0.006057
0.715000 20.881773 -0.006057
0.720000 23.573021 -0.006057
0.725000 26.049791 -0.006057
0.730000 28.343245 -0.006057
0.735000 30.399508 -0.006057
0.740000 32.218334 -0.006057
0.745000 33.768379 -0.006057
0.750000 34.977489 -0.006057
0.755000 35.773579 -0.006057
0.760000 36.015293 -0.006057
0.765000 35.716766 -0.006057
0.770000 35.101246 -0.006057
0.775000 34.304375 -0.006057
0.780000 33.286827 -0.006057
0.785000 32.018391 -0.006057
0.790000 30.601603 -0.006057
0.795000 29.134939 -0.006057
0.800000 27.731436 -0.006057
0.805000 26.476284 -0.006057
0.810000 25.424559 -0.006057
0.815000 24.547228 -0.006057
0.820000 23.828268 -0.006057
0.825000 23.218237 -0.006057
0.830000 22.699924 -0.006057
0.835000 22.268951 -0.006057
0.840000 21.895008 -0.006057
0.845000 21.567390 -0.006057
0.850000 21.277582 -0.006057
0.855000 21.025345 -0.006057
0.860000 20.785212 -0.006057
0.865000 20.586908 -0.006057
0.870000 20.396191 -0.006057
0.875000 20.220924 -0.006057
0.880000 20.066582 -0.006057
0.885000 19.930037 -0.006057
0.890000 19.793674 -0.006057
0.895000 19.670872 -0.006057
0.900000 19.567255 -0.006057
0.905000 19.466003 -0.006057
0.910000 19.384436 -0.006057
0.915000 19.297543 -0.006057
0.920000 19.217360 -0.006057
0.925000 19.142578 -0.006057
0.930000 19.078714 -0.006057
0.935000 19.017954 -0.006057
0.940000 18.963037 -0.006057
0.945000 18.904705 -0.006057
0.950000 18.861181 -0.006057
0.955000 18.812786 -0.006057
0.960000 18.773453 -0.006057
0.965000 18.734543 -0.006057
0.970000 18.683121 -0.006057
0.975000 18.655754 -0.006057
0.980000 18.617441 -0.006057
0.985000 18.587515 -0.006057
0.990000 18.552036 -0.006057
0.995000 18.529949 -0.006057
1.000000 18.504063 -0.006057
1.005000 18.483837 -0.006057
1.010000 18.459871 -0.006057
1.015000 18.427887 -0.006057
1.020000 18.402382 -0.006057
1.025000 18.382364 -0.006057
1.030000 18.359280 -0.006057
1.035000 18.340702 -0.006057
1.040000 18.317083 -0.006057
1.045000 18.293226 -0.006057
1.050000 18.288200 -0.006057
1.055000 18.260527 -0.006057
1.060000 18.247374 -0.006057
1.065000 18.231928 -0.006057
1.070000 18.212154 -0.006057
1.075000 18.194481 -0.006057
1.080000 18.177481 -0.006057
1.085000 18.172417 -0.006057
1.090000 18.160395 -0.006057
1.095000 18.152527 -0.006057
1.100000 18.141312 -0.006057
1.105000 18.131804 -0.006057
1.110000 18.113632 -0.006057
1.115000 18.115088 -0.006057
1.120000 18.092241 -0.006057
1.125000 18.093689 -0.006057
1.130000 18.081064 -0.006057
1.135000 18.075777 -0.006057
1.140000 18.064049 -0.006057
1.145000 18.046190 -0.006057
1.150000 18.047775 -0.006057
1.155000 18.042336 -0.006057
1.160000 18.030483 -0.006057
1.165000 18.029074 -0.006057
1.170000 18.017866 -0.006057
1.175000 18.013983 -0.006057
1.180000 18.005930 -0.006057
1.185000 17.997013 -0.006057
1.190000 17.993940 -0.006057
1.195000 17.987375 -0.006057
1.200000 17.988724 -0.006057
1.205000 17.985552 -0.006057
1.210000 17.983627 -0.006057
1.215000 17.975424 -0.006057
1.220000 17.976994 -0.006057
1.225000 17.964359 -0.006057
1.230000 17.973063 -0.006057
1.235000 17.968605 -0.006057
1.240000 17.966246 -0.006057
1.245000 17.960537 -0.006057
1.250000 17.950562 -0.006057
1.255000 17.954317 -0.006057
1.260000 17.948217 -0.006057
1.265000 17.955481 -0.006057
1.270000 17.941040 -0.006057
1.275000 17.943521 -0.006057
1.280000 17.940687 -0.006057
1.285000 17.936756 -0.006057
1.290000 17.940817 -0.006057
1.295000 17.936726 -0.006057
1.300000 17.933485 -0.006057
1.305000 17.932245 -0.006057
1.310000 17.930244 -0.006057
1.315000 17.923824 -0.006057
1.320000 17.921719 -0.006057
1.325000 17.925449 -0.006057
1.330000 17.925503 -0.006057
1.335000 17.925564 -0.006057
1.340000 17.926445 -0.006057
1.345000 17.919535 -0.006057
1.350000 17.914953 -0.006057
1.355000 17.916195 -0.006057
1.360000 17.910646 -0.006057
1.365000 17.908871 -0.006057
1.370000 17.909904 -0.006057
1.375000 17.908632 -0.006057
1.380000 17.906994 -0.006057
1.385000 17.902763 -0.006057
1.390000 17.905928 -0.006057
1.395000 17.902565 -0.006057
1.400000 17.897194 -0.006057
1.405000 17.893303 -0.006057
1.410000 17.895861 -0.006057
1.415000 17.893234 -0.006057
1.420000 17.890284 -0.006057
1.425000 17.886316 -0.006057
1.430000 17.883434 -0.006057
1.435000 17.875881 -0.006057
1.440000 17.882944 -0.006057
1.445000 17.871490 -0.006057
1.450000 17.888315 -0.006057
1.455000 17.875130 -0.006057
1.460000 17.872671 -0.006057
1.465000 17.870096 -0.006057
1.470000 17.859095 -0.006057
1.475000 17.865952 -0.006057
1.480000 17.852184 -0.006057
1.485000 17.846132 -0.006057
1.490000 17.845243 -0.006057
1.495000 17.842854 -0.006057
1.500000 17.841421 -0.006057
1.505000 17.840425 -0.006057
1.510000 17.831362 -0.006057
1.515000 17.834166 -0.006057
1.520000 17.819847 -0.006057
1.525000 17.812922 -0.006057
1.530000 17.821907 -0.006057
1.535000 17.820627 -0.006057
1.540000 17.807926 -0.006057
1.545000 17.806087 -0.006057
1.550000 17.806837 -0.006057
1.555000 17.791592 -0.006057
1.560000 17.792044 -0.006057
1.565000 17.782053 -0.006057
1.570000 17.779119 -0.006057
1.575000 17.777067 -0.006057
1.580000 17.773542 -0.006057
1.585000 17.764204 -0.006057
1.590000 17.763874 -0.006057
1.595000 17.752535 -0.006057
1.600000 17.755470 -0.006057
1.605000 17.754442 -0.006057
1.610000 17.742346 -0.006057
1.615000 17.731436 -0.006057
1.620000 17.726044 -0.006057
1.625000 17.724688 -0.006057
1.630000 17.726839 -0.006057
1.635000 17.715088 -0.006057
1.640000 17.702822 -0.006057
1.645000 17.691422 -0.006057
1.650000 17.689222 -0.006057
1.655000 17.678244 -0.006057
1.660000 17.675150 -0.006057
1.665000 17.668123 -0.006057
1.670000 17.650526 -0.006057
1.675000 17.652342 -0.006057
1.680000 17.640644 -0.006057
1.685000 17.640030 -0.006057
1.690000 17.632607 -0.006057
1.695000 17.624586 -0.006057
1.700000 17.632599 -0.006057
1.705000 17.618563 -0.006057
1.710000 17.606565 -0.006057
1.715000 17.595602 -0.006057
1.720000 17.592638 -0.006057
1.725000 17.581177 -0.006057
1.730000 17.575998 -0.006057
1.735000 17.571011 -0.006057
1.740000 17.569624 -0.006057
1.745000 17.549658 -0.006057
1.750000 17.546740 -0.006057
1.755000 17.535738 -0.006057
1.760000 17.537348 -0.006057
1.765000 17.523726 -0.006057
1.770000 17.509369 -0.006057
1.775000 17.506311 -0.006057
1.780000 17.491594 -0.006057
1.785000 17.494184 -0.006057
1.790000 17.481045 -0.006057
1.795000 17.474693 -0.006057
1.800000 17.465530 -0.006057
1.805000 17.454039 -0.006057
1.810000 17.443520 -0.006057
1.815000 17.436893 -0.006057
1.820000 17.425762 -0.006057
1.825000 17.416468 -0.006057
1.830000 17.407122 -0.006057
1.835000 17.399866 -0.006057
1.840000 17.394512 -0.006057
1.845000 17.385639 -0.006057
1.850000 17.374754 -0.006057
1.855000 17.360395 -0.006057
1.860000 17.352459 -0.006057
1.865000 17.333000 -0.006057
1.870000 17.333191 -0.006057
1.875000 17.321049 -0.006057
1.880000 17.305143 -0.006057
1.885000 17.301283 -0.006057
1.890000 17.290548 -0.006057
1.895000 17.273373 -0.006057
1.900000 17.266447 -0.006057
1.905000 17.263098 -0.006057
1.910000 17.247829 -0.006057
1.915000 17.237879 -0.006057
1.920000 17.214687 -0.006057
1.925000 17.210756 -0.006057
1.930000 17.199848 -0.006057
1.935000 17.191818 -0.006057
1.940000 17.173018 -0.006057
1.945000 17.157665 -0.006057
1.950000 17.154095 -0.006057
1.955000 17.140787 -0.006057
1.960000 17.127327 -0.006057
1.965000 17.107752 -0.006057
1.970000 17.104044 -0.006057
1.975000 17.093426 -0.006057
1.980000 17.074465 -0.006057
1.985000 17.067110 -0.006057
1.990000 17.060061 -0.006057
1.995000 17.039459 -0.006057
2.000000 17.025915 -0.006057
2.005000 17.000702 -0.006057
2.010000 16.996763 -0.006057
2.015000 16.984951 -0.006057
2.020000 16.964680 -0.006057
2.025000 16.945610 -0.006057
2.030000 16.925240 -0.006057
2.035000 16.923914 -0.006057
2.040000 16.902906 -0.006057
2.045000 16.879786 -0.006057
2.050000 16.868944 -0.006057
2.055000 16.859690 -0.006057
2.060000 16.842819 -0.006057
2.065000 16.826027 -0.006057
2.070000 16.810896 -0.006057
2.075000 16.793474 -0.006057
2.080000 16.774359 -0.006057
2.085000 16.755642 -0.006057
2.090000 16.736444 -0.006057
2.095000 16.723282 -0.006057
2.100000 16.699877 -0.006057
2.105000 16.675529 -0.006057
2.110000 16.665409 -0.006057
2.115000 16.649382 -0.006057
2.120000 16.632956 -0.006057
2.125000 16.596895 -0.006057
2.130000 16.583151 -0.006057
2.135000 16.561415 -0.006057
2.140000 16.542776 -0.006057
2.145000 16.521164 -0.006057
