0.000000 -62.498077 -0.006057
0.005000 -0.107961 -0.006057
0.010000 1.091532 -0.006057
0.015000 1.145291 -0.006057
0.020000 1.138181 -0.006057
0.025000 1.148800 -0.006057
0.030000 1.140947 -0.006057
0.035000 1.140771 -0.006057
0.040000 1.140502 -0.006057
0.045000 1.145651 -0.006057
0.050000 1.148784 -0.006057
0.055000 1.147842 -0.006057
0.060000 1.141452 -0.006057
0.065000 1.139307 -0.006057
0.070000 1.144547 -0.006057
0.075000 1.132221 -0.006057
0.080000 1.141146 -0.006057
0.085000 1.140426 -0.006057
0.090000 1.145137 -0.006057
0.095000 1.144846 -0.006057
0.100000 1.144471 -0.006057
0.105000 1.141115 -0.006057
0.110000 1.143605 -0.006057
0.115000 1.149803 -0.006057
0.120000 1.144448 -0.006057
0.125000 1.145360 -0.006057
0.130000 1.141184 -0.006057
0.135000 1.146241 -0.006057
0.140000 1.142065 -0.006057
0.145000 1.139131 -0.006057
0.150000 1.140541 -0.006057
0.155000 1.159586 -0.006057
0.160000 1.143123 -0.006057
0.165000 1.147872 -0.006057
0.170000 1.144570 -0.006057
0.175000 1.141966 -0.006057
0.180000 1.149052 -0.006057
0.185000 1.147842 -0.006057
0.190000 1.147926 -0.006057
0.195000 1.142900 -0.006057
0.200000 1.147221 -0.006057
0.205000 1.142563 -0.006057
0.210000 1.146394 -0.006057
0.215000 1.141805 -0.006057
0.220000 1.140020 -0.006057
0.225000 1.154683 -0.006057
0.230000 1.139315 -0.006057
0.235000 1.147934 -0.006057
0.240000 1.138342 -0.006057
0.245000 1.144111 -0.006057
0.250000 1.141429 -0.006057
0.255000 1.146685 -0.006057
0.260000 1.142701 -0.006057
0.265000 1.135109 -0.006057
0.270000 1.136350 -0.006057
0.275000 1.146356 -0.006057
0.280000 1.142418 -0.006057
0.285000 1.148386 -0.006057
0.290000 1.150531 -0.006057
0.295000 1.141881 -0.006057
0.300000 1.145061 -0.006057
0.305000 1.147980 -0.006057
0.310000 1.154070 -0.006057
0.315000 1.147083 -0.006057
0.320000 1.146915 -0.006057
0.325000 1.147872 -0.006057
0.330000 1.147398 -0.006057
0.335000 1.142211 -0.006057
0.340000 1.146785 -0.006057
0.345000 1.142326 -0.006057
0.350000 1.151466 -0.006057
0.355000 1.148256 -0.006057
0.360000 1.149443 -0.006057
0.365000 1.145743 -0.006057
0.370000 1.155350 -0.006057
0.375000 1.144992 -0.006057
0.380000 1.143107 -0.006057
0.385000 1.156254 -0.006057
0.390000 1.152370 -0.006057
0.395000 1.139039 -0.006057
0.400000 1.132481 -0.006057
0.405000 1.146210 -0.006057
0.410000 1.149910 -0.006057
0.415000 1.146463 -0.006057
0.420000 1.147198 -0.006057
0.425000 1.148478 -0.006057
0.430000 1.154354 -0.006057
0.435000 1.148692 -0.006057
0.440000 1.148868 -0.006057
0.445000 1.149880 -0.006057
0.450000 1.149320 -0.006057
0.455000 1.143337 -0.006057
0.460000 1.146003 -0.006057
0.465000 1.141927 -0.006057
0.470000 1.150217 -0.006057
0.475000 1.145130 -0.006057
0.480000 1.144708 -0.006057
0.485000 1.144164 -0.006057
0.490000 1.149612 -0.006057
0.495000 1.143100 -0.006057
0.500000 1.148010 -0.006057
0.505000 1.146654 -0.006057
0.510000 1.149956 -0.006057
0.515000 1.151481 -0.006057
0.520000 1.149206 -0.006057
0.525000 1.155327 -0.006057
0.530000 1.149106 -0.006057
0.535000 1.148999 -0.006057
0.540000 1.139292 -0.006057
0.545000 1.147597 -0.006057
0.550000 1.146248 -0.006057
0.555000 1.144701 -0.006057
0.560000 1.140043 -0.006057
0.565000 1.141858 -0.006057
0.570000 1.146899 -0.006057
0.575000 1.138495 -0.006057
0.580000 1.141767 -0.006057
0.585000 1.143835 -0.006057
0.590000 1.145375 -0.006057
0.595000 1.146003 -0.006057
0.600000 1.154369 -0.006057
0.605000 1.146340 -0.006057
0.610000 1.153718 -0.006057
0.615000 1.147528 -0.006057
0.620000 1.146034 -0.006057
0.625000 1.144502 -0.006057
0.630000 1.146064 -0.006057
0.635000 1.142931 -0.006057
0.640000 1.142096 -0.006057
0.645000 1.144724 0.049951
0.650000 1.149987 1.394136
0.655000 1.147512 1.338129
0.660000 1.144639 -0.006057
0.665000 1.135025 -0.006057
0.670000 1.171132 -0.006057
0.675000 1.595088 -0.006057
0.680000 3.200304 -0.006057
0.685000 6.142141 -0.006057
0.690000 9.561793 -0.006057
0.695000 13.166356 -0.006057
0.700000 16.751406 -0.006057
0.705000 20.350737 -0.006057
0.710000 23.759211 -0.006057
0.715000 26.908997 -0.006057
0.720000 29.793007 -0.006057
0.725000 32.417393 -0.006057
0.730000 34.705421 -0.006057
0.735000 36.661808 -0.006057
0.740000 38.253792 -0.006057
0.745000 39.342770 -0.006057
0.750000 39.715229 -0.006057
0.755000 39.301983 -0.006057
0.760000 38.335766 -0.006057
0.765000 36.917690 -0.006057
0.770000 35.021385 -0.006057
0.775000 32.897530 -0.006057
0.780000 30.833729 -0.006057
0.785000 29.025461 -0.006057
0.790000 27.477711 -0.006057
0.795000 26.154741 -0.006057
0.800000 24.944807 -0.006057
0.805000 23.864996 -0.006057
0.810000 22.874432 -0.006057
0.815000 22.017580 -0.006057
0.820000 21.268442 -0.006057
0.825000 20.596516 -0.006057
0.830000 20.029034 -0.006057
0.835000 19.485701 -0.006057
0.840000 19.002769 -0.006057
0.845000 18.558142 -0.006057
0.850000 18.175871 -0.006057
0.855000 17.867668 -0.006057
0.860000 17.576288 -0.006057
0.865000 17.328264 -0.006057
0.870000 17.100443 -0.006057
0.875000 16.887691 -0.006057
0.880000 16.696667 -0.006057
0.885000 16.519754 -0.006057
0.890000 16.385284 -0.006057
0.895000 16.253557 -0.006057
0.900000 16.122896 -0.006057
0.905000 16.025974 -0.006057
0.910000 15.921283 -0.006057
0.915000 15.827280 -0.006057
0.920000 15.732104 -0.006057
0.925000 15.652129 -0.006057
0.930000 15.581209 -0.006057
0.935000 15.513699 -0.006057
0.940000 15.436941 -0.006057
0.945000 15.381880 -0.006057
0.950000 15.319893 -0.006057
0.955000 15.265483 -0.006057
0.960000 15.202225 -0.006057
0.965000 15.154097 -0.006057
0.970000 15.116242 -0.006057
0.975000 15.061756 -0.006057
0.980000 15.013597 -0.006057
0.985000 14.970120 -0.006057
0.990000 14.922843 -0.006057
0.995000 14.878538 -0.006057
1.000000 14.834302 -0.006057
1.005000 14.804891 -0.006057
1.010000 14.768998 -0.006057
1.015000 14.731879 -0.006057
1.020000 14.700507 -0.006057
1.025000 14.668490 -0.006057
1.030000 14.646603 -0.006057
1.035000 14.615391 -0.006057
1.040000 14.581512 -0.006057
1.045000 14.548822 -0.006057
1.050000 14.529868 -0.006057
1.055000 14.500787 -0.006057
1.060000 14.470402 -0.006057
1.065000 14.450499 -0.006057
1.070000 14.435229 -0.006057
1.075000 14.416306 -0.006057
1.080000 14.383286 -0.006057
1.085000 14.366983 -0.006057
1.090000 14.349546 -0.006057
1.095000 14.328899 -0.006057
1.100000 14.301188 -0.006057
1.105000 14.285690 -0.006057
1.110000 14.273333 -0.006057
1.115000 14.255076 -0.006057
1.120000 14.227947 -0.006057
1.125000 14.211668 -0.006057
1.130000 14.197594 -0.006057
1.135000 14.177192 -0.006057
1.140000 14.158660 -0.006057
1.145000 14.141943 -0.006057
1.150000 14.127118 -0.006057
1.155000 14.107491 -0.006057
1.160000 14.089280 -0.006057
1.165000 14.082155 -0.006057
1.170000 14.069245 -0.006057
1.175000 14.052767 -0.006057
1.180000 14.040248 -0.006057
1.185000 14.024650 -0.006057
1.190000 14.016031 -0.006057
1.195000 14.000693 -0.006057
1.200000 13.988442 -0.006057
1.205000 13.974415 -0.006057
1.210000 13.952872 -0.006057
1.215000 13.950282 -0.006057
1.220000 13.934730 -0.006057
1.225000 13.922242 -0.006057
1.230000 13.914849 -0.006057
1.235000 13.900347 -0.006057
1.240000 13.884840 -0.006057
1.245000 13.870437 -0.006057
1.250000 13.862094 -0.006057
1.255000 13.840888 -0.006057
1.260000 13.830407 -0.006057
1.265000 13.813223 -0.006057
1.270000 13.806045 -0.006057
1.275000 13.796813 -0.006057
1.280000 13.785781 -0.006057
1.285000 13.764851 -0.006057
1.290000 13.752615 -0.006057
1.295000 13.739185 -0.006057
1.300000 13.733026 -0.006057
1.305000 13.721082 -0.006057
1.310000 13.706526 -0.006057
1.315000 13.686276 -0.006057
1.320000 13.674524 -0.006057
1.325000 13.661386 -0.006057
1.330000 13.644462 -0.006057
1.335000 13.632687 -0.006057
1.340000 13.621831 -0.006057
1.345000 13.609282 -0.006057
1.350000 13.598694 -0.006057
1.355000 13.578093 -0.006057
1.360000 13.564939 -0.006057
1.365000 13.560266 -0.006057
1.370000 13.548712 -0.006057
1.375000 13.521439 -0.006057
1.380000 13.511594 -0.006057
1.385000 13.500148 -0.006057
1.390000 13.492341 -0.006057
1.395000 13.471326 -0.006057
1.400000 13.456901 -0.006057
1.405000 13.448925 -0.006057
1.410000 13.439111 -0.006057
1.415000 13.419605 -0.006057
1.420000 13.394262 -0.006057
1.425000 13.379767 -0.006057
1.430000 13.374251 -0.006057
1.435000 13.358116 -0.006057
1.440000 13.345813 -0.006057
1.445000 13.322132 -0.006057
1.450000 13.317650 -0.006057
1.455000 13.299669 -0.006057
1.460000 13.286798 -0.006057
1.465000 13.262926 -0.006057
1.470000 13.259394 -0.006057
1.475000 13.237223 -0.006057
1.480000 13.219533 -0.006057
1.485000 13.217457 -0.006057
1.490000 13.189945 -0.006057
1.495000 13.175458 -0.006057
1.500000 13.170164 -0.006057
1.505000 13.148252 -0.006057
1.510000 13.128365 -0.006057
1.515000 13.113532 -0.006057
1.520000 13.096792 -0.006057
1.525000 13.094747 -0.006057
1.530000 13.076819 -0.006057
1.535000 13.064025 -0.006057
1.540000 13.048534 -0.006057
1.545000 13.030454 -0.006057
1.550000 13.014933 -0.006057
1.555000 12.995036 -0.006057
1.560000 12.985766 -0.006057
1.565000 12.970735 -0.006057
1.570000 12.957596 -0.006057
1.575000 12.936780 -0.006057
1.580000 12.927242 -0.006057
1.585000 12.912770 -0.006057
1.590000 12.893188 -0.006057
1.595000 12.883144 -0.006057
1.600000 12.865768 -0.006057
1.605000 12.846478 -0.006057
1.610000 12.833453 -0.006057
1.615000 12.818292 -0.006057
1.620000 12.808325 -0.006057
1.625000 12.797232 -0.006057
1.630000 12.785433 -0.006057
1.635000 12.769444 -0.006057
1.640000 12.749387 -0.006057
1.645000 12.742638 -0.006057
1.650000 12.724519 -0.006057
1.655000 12.714260 -0.006057
1.660000 12.694410 -0.006057
1.665000 12.678184 -0.006057
1.670000 12.661981 -0.006057
1.675000 12.645815 -0.006057
1.680000 12.622456 -0.006057
1.685000 12.609156 -0.006057
1.690000 12.599848 -0.006057
1.695000 12.582526 -0.006057
1.700000 12.567739 -0.006057
1.705000 12.546640 -0.006057
1.710000 12.542748 -0.006057
1.715000 12.518807 -0.006057
1.720000 12.505914 -0.006057
1.725000 12.488990 -0.006057
1.730000 12.476495 -0.006057
1.735000 12.455434 -0.006057
1.740000 12.445950 -0.006057
1.745000 12.422621 -0.006057
1.750000 12.412064 -0.006057
1.755000 12.391363 -0.006057
1.760000 12.373199 -0.006057
1.765000 12.361377 -0.006057
1.770000 12.347809 -0.006057
1.775000 12.334953 -0.006057
1.780000 12.318688 -0.006057
1.785000 12.300754 -0.006057
1.790000 12.280437 -0.006057
1.795000 12.272630 -0.006057
1.800000 12.262249 -0.006057
1.805000 12.243042 -0.006057
1.810000 12.227819 -0.006057
1.815000 12.212152 -0.006057
1.820000 12.187038 -0.006057
1.825000 12.178443 -0.006057
1.830000 12.160799 -0.006057
1.835000 12.142872 -0.006057
1.840000 12.128706 -0.006057
1.845000 12.116241 -0.006057
1.850000 12.101356 -0.006057
1.855000 12.087734 -0.006057
1.860000 12.070136 -0.006057
1.865000 12.050271 -0.006057
1.870000 12.038189 -0.006057
1.875000 12.016967 -0.006057
1.880000 12.000044 -0.006057
1.885000 11.996236 -0.006057
1.890000 11.978975 -0.006057
1.895000 11.961025 -0.006057
1.900000 11.941014 -0.006057
1.905000 11.929836 -0.006057
1.910000 11.919355 -0.006057
1.915000 11.899238 -0.006057
1.920000 11.875518 -0.006057
1.925000 11.861230 -0.006057
1.930000 11.843747 -0.006057
1.935000 11.827843 -0.006057
1.940000 11.807249 -0.006057
1.945000 11.793428 -0.006057
1.950000 11.771027 -0.006057
1.955000 11.753069 -0.006057
1.960000 11.733081 -0.006057
1.965000 11.714388 -0.006057
1.970000 11.703524 -0.006057
1.975000 11.686769 -0.006057
1.980000 11.669578 -0.006057
1.985000 11.651750 -0.006057
1.990000 11.636197 -0.006057
1.995000 11.632320 -0.006057
2.000000 11.618278 -0.006057
2.005000 11.593539 -0.006057
2.010000 11.588284 -0.006057
2.015000 11.562657 -0.006057
2.020000 11.559301 -0.006057
2.025000 11.537176 -0.006057
2.030000 11.514943 -0.006057
2.035000 11.506048 -0.006057
2.040000 11.490657 -0.006057
2.045000 11.485623 -0.006057
2.050000 11.467344 -0.006057
2.055000 11.456128 -0.006057
2.060000 11.439097 -0.006057
2.065000 11.424411 -0.006057
2.070000 11.412099 -0.006057
2.075000 11.403986 -0.006057
2.080000 11.385584 -0.006057
2.085000 11.363672 -0.006057
2.090000 11.351422 -0.006057
2.095000 11.347462 -0.006057
2.100000 11.332545 -0.006057
2.105000 11.315445 -0.006057
2.110000 11.313430 -0.006057
2.115000 11.290837 -0.006057
2.120000 11.281169 -0.006057
2.125000 11.269899 -0.006057
2.130000 11.270505 -0.006057
2.135000 11.258307 -0.006057
2.140000 11.235945 -0.006057
2.145000 11.231133 -0.006057
