0.000000 -62.093483 -0.006057
0.005000 1.061171 -0.006057
0.010000 2.270470 -0.006057
0.015000 2.327293 -0.006057
0.020000 2.317096 -0.006057
0.025000 2.324398 -0.006057
0.030000 2.317556 -0.006057
0.035000 2.321747 -0.006057
0.040000 2.324635 -0.006057
0.045000 2.320996 -0.006057
0.050000 2.316936 -0.006057
0.055000 2.319249 -0.006057
0.060000 2.323708 -0.006057
0.065000 2.321341 -0.006057
0.070000 2.321586 -0.006057
0.075000 2.324114 -0.006057
0.080000 2.324758 -0.006057
0.085000 2.321027 -0.006057
0.090000 2.325723 -0.006057
0.095000 2.325646 -0.006057
0.100000 2.319517 -0.006057
0.105000 2.311902 -0.006057
0.110000 2.316790 -0.006057
0.115000 2.320659 -0.006057
0.120000 2.323570 -0.006057
0.125000 2.321984 -0.006057
0.130000 2.326665 -0.006057
0.135000 2.320452 -0.006057
0.140000 2.318560 -0.006057
0.145000 2.315871 -0.006057
0.150000 2.312032 -0.006057
0.155000 2.323317 -0.006057
0.160000 2.313657 -0.006057
0.165000 2.318912 -0.006057
0.170000 2.313626 -0.006057
0.175000 2.313756 -0.006057
0.180000 2.318230 -0.006057
0.185000 2.323639 -0.006057
0.190000 2.320590 -0.006057
0.195000 2.322360 -0.006057
0.200000 2.320674 -0.006057
0.205000 2.320322 -0.006057
0.210000 2.320482 -0.006057
0.215000 2.312515 -0.006057
0.220000 2.311871 -0.006057
0.225000 2.313289 -0.006057
0.230000 2.322613 -0.006057
0.235000 2.318996 -0.006057
0.240000 2.324106 -0.006057
0.245000 2.316208 -0.006057
0.250000 2.308922 -0.006057
0.255000 2.316009 -0.006057
0.260000 2.316422 -0.006057
0.265000 2.316836 -0.006057
0.270000 2.312254 -0.006057
0.275000 2.316415 -0.006057
0.280000 2.318904 -0.006057
0.285000 2.313611 -0.006057
0.290000 2.316185 -0.006057
0.295000 2.317234 -0.006057
0.300000 2.322444 -0.006057
0.305000 2.323471 -0.006057
0.310000 2.311090 -0.006057
0.315000 2.323493 -0.006057
0.320000 2.313618 -0.006057
0.325000 2.315710 -0.006057
0.330000 2.324704 -0.006057
0.335000 2.319487 -0.006057
0.340000 2.318429 -0.006057
0.345000 2.319157 -0.006057
0.350000 2.318307 -0.006057
0.355000 2.321892 -0.006057
0.360000 2.321218 -0.006057
0.365000 2.313764 -0.006057
0.370000 2.316866 -0.006057
0.375000 2.315020 -0.006057
0.380000 2.326520 -0.006057
0.385000 2.315350 -0.006057
0.390000 2.317770 -0.006057
0.395000 2.319870 -0.006057
0.400000 2.316345 -0.006057
0.405000 2.320981 -0.006057
0.410000 2.315495 -0.006057
0.415000 2.319923 -0.006057
0.420000 2.325562 -0.006057
0.425000 2.319103 -0.006057
0.430000 2.313434 -0.006057
0.435000 2.313388 -0.006057
0.440000 2.312921 -0.006057
0.445000 2.321869 -0.006057
0.450000 2.314944 -0.006057
0.455000 2.320659 -0.006057
0.460000 2.312944 -0.006057
0.465000 2.313710 -0.006057
0.470000 2.315258 -0.006057
0.475000 2.314882 -0.006057
0.480000 2.327079 -0.006057
0.485000 2.319410 -0.006057
0.490000 2.318590 -0.006057
0.495000 2.315809 -0.006057
0.500000 2.320789 -0.006057
0.505000 2.316491 -0.006057
0.510000 2.316131 -0.006057
0.515000 2.315005 -0.006057
0.520000 2.320306 -0.006057
0.525000 2.318874 -0.006057
0.530000 2.310661 -0.006057
0.535000 2.311749 -0.006057
0.540000 2.317050 -0.006057
0.545000 2.320827 -0.006057
0.550000 2.320467 -0.006057
0.555000 2.322881 -0.006057
0.560000 2.311726 -0.006057
0.565000 2.315212 -0.006057
0.570000 2.314269 -0.006057
0.575000 2.323516 -0.006057
0.580000 2.318483 -0.006057
0.585000 2.313557 -0.006057
0.590000 2.315533 -0.006057
0.595000 2.316139 -0.006057
0.600000 2.314399 -0.006057
0.605000 2.318912 -0.006057
0.610000 2.317679 -0.006057
0.615000 2.311626 -0.006057
0.620000 2.320697 -0.006057
0.625000 2.313442 -0.006057
0.630000 2.310714 -0.006057
0.635000 2.309902 -0.006057
0.640000 2.325171 -0.006057
0.645000 2.318031 0.145938
0.650000 2.316506 3.793800
0.655000 2.322283 3.641806
0.660000 2.323953 -0.006057
0.665000 2.335353 -0.006057
0.670000 2.402557 -0.006057
0.675000 2.593758 -0.006057
0.680000 2.872910 -0.006057
0.685000 3.231110 -0.006057
0.690000 3.616997 -0.006057
0.695000 4.025064 -0.006057
0.700000 4.409864 -0.006057
0.705000 4.788803 -0.006057
0.710000 5.122947 -0.006057
0.715000 5.434843 -0.006057
0.720000 5.726635 -0.006057
0.725000 5.962747 -0.006057
0.730000 6.180624 -0.006057
0.735000 6.366163 -0.006057
0.740000 6.513526 -0.006057
0.745000 6.628353 -0.006057
0.750000 6.716571 -0.006057
0.755000 6.772744 -0.006057
0.760000 6.796807 -0.006057
0.765000 6.796440 -0.006057
0.770000 6.774383 -0.006057
0.775000 6.726937 -0.006057
0.780000 6.670781 -0.006057
0.785000 6.581803 -0.006057
0.790000 6.473734 -0.006057
0.795000 6.359590 -0.006057
0.800000 6.222454 -0.006057
0.805000 6.078469 -0.006057
0.810000 5.926701 -0.006057
0.815000 5.780509 -0.006057
0.820000 5.610468 -0.006057
0.825000 5.435195 -0.006057
0.830000 5.258175 -0.006057
0.835000 5.082757 -0.006057
0.840000 4.902159 -0.006057
0.845000 4.739940 -0.006057
0.850000 4.564199 -0.006057
0.855000 4.414928 -0.006057
0.860000 4.263474 -0.006057
0.865000 4.126185 -0.006057
0.870000 3.990558 -0.006057
0.875000 3.858410 -0.006057
0.880000 3.745476 -0.006057
0.885000 3.627057 -0.006057
0.890000 3.530441 -0.006057
0.895000 3.423207 -0.006057
0.900000 3.340949 -0.006057
0.905000 3.252615 -0.006057
0.910000 3.176064 -0.006057
0.915000 3.090841 -0.006057
0.920000 3.032738 -0.006057
0.925000 2.973739 -0.006057
0.930000 2.914748 -0.006057
0.935000 2.864214 -0.006057
0.940000 2.819251 -0.006057
0.945000 2.769338 -0.006057
0.950000 2.721080 -0.006057
0.955000 2.682728 -0.006057
0.960000 2.647915 -0.006057
0.965000 2.610008 -0.006057
0.970000 2.573839 -0.006057
0.975000 2.551813 -0.006057
0.980000 2.523673 -0.006057
0.985000 2.495595 -0.006057
0.990000 2.472497 -0.006057
0.995000 2.450654 -0.006057
1.000000 2.428628 -0.006057
1.005000 2.415359 -0.006057
1.010000 2.397011 -0.006057
1.015000 2.370618 -0.006057
1.020000 2.363278 -0.006057
1.025000 2.346416 -0.006057
1.030000 2.332028 -0.006057
1.035000 2.304218 -0.006057
1.040000 2.301467 -0.006057
1.045000 2.290987 -0.006057
1.050000 2.277664 -0.006057
1.055000 2.269467 -0.006057
1.060000 2.262357 -0.006057
1.065000 2.247134 -0.006057
1.070000 2.236056 -0.006057
1.075000 2.228709 -0.006057
1.080000 2.225162 -0.006057
1.085000 2.219454 -0.006057
1.090000 2.203917 -0.006057
1.095000 2.196210 -0.006057
1.100000 2.184810 -0.006057
1.105000 2.187423 -0.006057
1.110000 2.177417 -0.006057
1.115000 2.172047 -0.006057
1.120000 2.178949 -0.006057
1.125000 2.168339 -0.006057
1.130000 2.161957 -0.006057
1.135000 2.150549 -0.006057
1.140000 2.150204 -0.006057
1.145000 2.145562 -0.006057
1.150000 2.140375 -0.006057
1.155000 2.137150 -0.006057
1.160000 2.131718 -0.006057
1.165000 2.130592 -0.006057
1.170000 2.130163 -0.006057
1.175000 2.121644 -0.006057
1.180000 2.119353 -0.006057
1.185000 2.119276 -0.006057
1.190000 2.105792 -0.006057
1.195000 2.110887 -0.006057
1.200000 2.106306 -0.006057
1.205000 2.107126 -0.006057
1.210000 2.100146 -0.006057
1.215000 2.093190 -0.006057
1.220000 2.100575 -0.006057
1.225000 2.097235 -0.006057
1.230000 2.088578 -0.006057
1.235000 2.089482 -0.006057
1.240000 2.085820 -0.006057
1.245000 2.092914 -0.006057
1.250000 2.083345 -0.006057
1.255000 2.078924 -0.006057
1.260000 2.078112 -0.006057
1.265000 2.083200 -0.006057
1.270000 2.080503 -0.006057
1.275000 2.082364 -0.006057
1.280000 2.075852 -0.006057
1.285000 2.069570 -0.006057
1.290000 2.068521 -0.006057
1.295000 2.066115 -0.006057
1.300000 2.073554 -0.006057
1.305000 2.068214 -0.006057
1.310000 2.065602 -0.006057
1.315000 2.060882 -0.006057
1.320000 2.071478 -0.006057
1.325000 2.072619 -0.006057
1.330000 2.062399 -0.006057
1.335000 2.058998 -0.006057
1.340000 2.055611 -0.006057
1.345000 2.055052 -0.006057
1.350000 2.055550 -0.006057
1.355000 2.064430 -0.006057
1.360000 2.054692 -0.006057
1.365000 2.073156 -0.006057
1.370000 2.059657 -0.006057
1.375000 2.052325 -0.006057
1.380000 2.055144 -0.006057
1.385000 2.051965 -0.006057
1.390000 2.047230 -0.006057
1.395000 2.051015 -0.006057
1.400000 2.044955 -0.006057
1.405000 2.057144 -0.006057
1.410000 2.047728 -0.006057
1.415000 2.045752 -0.006057
1.420000 2.050961 -0.006057
1.425000 2.038358 -0.006057
1.430000 2.054171 -0.006057
1.435000 2.043055 -0.006057
1.440000 2.050915 -0.006057
1.445000 2.046617 -0.006057
1.450000 2.038933 -0.006057
1.455000 2.039822 -0.006057
1.460000 2.033524 -0.006057
1.465000 2.034359 -0.006057
1.470000 2.035340 -0.006057
1.475000 2.033877 -0.006057
1.480000 2.041369 -0.006057
1.485000 2.033425 -0.006057
1.490000 2.034681 -0.006057
1.495000 2.039722 -0.006057
1.500000 2.034007 -0.006057
1.505000 2.041545 -0.006057
1.510000 2.032643 -0.006057
1.515000 2.039676 -0.006057
1.520000 2.034413 -0.006057
1.525000 2.032482 -0.006057
1.530000 2.031731 -0.006057
1.535000 2.027342 -0.006057
1.540000 2.037807 -0.006057
1.545000 2.031517 -0.006057
1.550000 2.028927 -0.006057
1.555000 2.025924 -0.006057
1.560000 2.025265 -0.006057
1.565000 2.018569 -0.006057
1.570000 2.029839 -0.006057
1.575000 2.027035 -0.006057
1.580000 2.032337 -0.006057
1.585000 2.030628 -0.006057
1.590000 2.029985 -0.006057
1.595000 2.021504 -0.006057
1.600000 2.023519 -0.006057
1.605000 2.027901 -0.006057
1.610000 2.019734 -0.006057
1.615000 2.025503 -0.006057
1.620000 2.019343 -0.006057
1.625000 2.020086 -0.006057
1.630000 2.020017 -0.006057
1.635000 2.024216 -0.006057
1.640000 2.022653 -0.006057
1.645000 2.023756 -0.006057
1.650000 2.020278 -0.006057
1.655000 2.022500 -0.006057
1.660000 2.022278 -0.006057
1.665000 2.012877 -0.006057
1.670000 2.023840 -0.006057
1.675000 2.021688 -0.006057
1.680000 2.025587 -0.006057
1.685000 2.017949 -0.006057
1.690000 2.017956 -0.006057
1.695000 2.023181 -0.006057
1.700000 2.020584 -0.006057
1.705000 2.020171 -0.006057
1.710000 2.017275 -0.006057
1.715000 2.019313 -0.006057
1.720000 2.023641 -0.006057
1.725000 2.021335 -0.006057
1.730000 2.018669 -0.006057
1.735000 2.012333 -0.006057
1.740000 2.025373 -0.006057
1.745000 2.020837 -0.006057
1.750000 2.015268 -0.006057
1.755000 2.024185 -0.006057
1.760000 2.026254 -0.006057
1.765000 2.022890 -0.006057
1.770000 2.018148 -0.006057
1.775000 2.019788 -0.006057
1.780000 2.018784 -0.006057
1.785000 2.021128 -0.006057
1.790000 2.013122 -0.006057
1.795000 2.025166 -0.006057
1.800000 2.018186 -0.006057
1.805000 2.018240 -0.006057
1.810000 2.012938 -0.006057
1.815000 2.018799 -0.006057
1.820000 2.015474 -0.006057
1.825000 2.025633 -0.006057
1.830000 2.017344 -0.006057
1.835000 2.015421 -0.006057
1.840000 2.026530 -0.006057
1.845000 2.018669 -0.006057
1.850000 2.010127 -0.006057
1.855000 2.002580 -0.006057
1.860000 2.004971 -0.006057
1.865000 2.011682 -0.006057
1.870000 2.017596 -0.006057
1.875000 2.010924 -0.006057
1.880000 2.010387 -0.006057
1.885000 2.012088 -0.006057
1.890000 2.007154 -0.006057
1.895000 2.009230 -0.006057
1.900000 2.009300 -0.006057
1.905000 2.012870 -0.006057
1.910000 2.011513 -0.006057
1.915000 2.006672 -0.006057
1.920000 2.012264 -0.006057
1.925000 2.012042 -0.006057
1.930000 2.008602 -0.006057
1.935000 2.005032 -0.006057
1.940000 2.015620 -0.006057
1.945000 2.016968 -0.006057
1.950000 2.010410 -0.006057
1.955000 2.004542 -0.006057
1.960000 2.022622 -0.006057
1.965000 2.011000 -0.006057
1.970000 2.007476 -0.006057
1.975000 2.017098 -0.006057
1.980000 2.014157 -0.006057
1.985000 2.007806 -0.006057
1.990000 2.010096 -0.006057
1.995000 2.008020 -0.006057
2.000000 2.012218 -0.006057
2.005000 2.014003 -0.006057
2.010000 2.013597 -0.006057
2.015000 2.015520 -0.006057
2.020000 2.015076 -0.006057
2.025000 2.016187 -0.006057
2.030000 2.016738 -0.006057
2.035000 2.020661 -0.006057
2.040000 2.018554 -0.006057
2.045000 2.023764 -0.006057
2.050000 2.022814 -0.006057
2.055000 2.017941 -0.006057
