0.000000 -62.603550 -0.006057
0.005000 -0.416823 -0.006057
0.010000 0.781697 -0.006057
0.015000 0.836214 -0.006057
0.020000 0.831939 -0.006057
0.025000 0.840466 -0.006057
0.030000 0.832100 -0.006057
0.035000 0.835180 -0.006057
0.040000 0.833832 -0.006057
0.045000 0.833318 -0.006057
0.050000 0.833104 -0.006057
0.055000 0.833663 -0.006057
0.060000 0.840007 -0.006057
0.065000 0.836682 -0.006057
0.070000 0.828063 -0.006057
0.075000 0.842864 -0.006057
0.080000 0.832445 -0.006057
0.085000 0.835203 -0.006057
0.090000 0.828316 -0.006057
0.095000 0.830767 -0.006057
0.100000 0.829266 -0.006057
0.105000 0.826446 -0.006057
0.110000 0.828316 -0.006057
0.115000 0.831725 -0.006057
0.120000 0.837126 -0.006057
0.125000 0.833678 -0.006057
0.130000 0.827848 -0.006057
0.135000 0.839915 -0.006057
0.140000 0.833173 -0.006057
0.145000 0.829358 -0.006057
0.150000 0.833571 -0.006057
0.155000 0.827994 -0.006057
0.160000 0.838222 -0.006057
0.165000 0.836214 -0.006057
0.170000 0.829687 -0.006057
0.175000 0.831748 -0.006057
0.180000 0.826010 -0.006057
0.185000 0.830936 -0.006057
0.190000 0.822608 -0.006057
0.195000 0.830461 -0.006057
0.200000 0.839057 -0.006057
0.205000 0.835747 -0.006057
0.210000 0.830951 -0.006057
0.215000 0.831916 -0.006057
0.220000 0.833004 -0.006057
0.225000 0.827955 -0.006057
0.230000 0.826339 -0.006057
0.235000 0.832177 -0.006057
0.240000 0.829518 -0.006057
0.245000 0.822340 -0.006057
0.250000 0.832813 -0.006057
0.255000 0.824002 -0.006057
0.260000 0.830553 -0.006057
0.265000 0.828599 -0.006057
0.270000 0.831618 -0.006057
0.275000 0.834169 -0.006057
0.280000 0.833472 -0.006057
0.285000 0.843132 -0.006057
0.290000 0.831472 -0.006057
0.295000 0.830445 -0.006057
0.300000 0.831127 -0.006057
0.305000 0.840489 -0.006057
0.310000 0.826730 -0.006057
0.315000 0.827549 -0.006057
0.320000 0.825412 -0.006057
0.325000 0.830430 -0.006057
0.330000 0.825971 -0.006057
0.335000 0.827618 -0.006057
0.340000 0.837080 -0.006057
0.345000 0.827496 -0.006057
0.350000 0.827021 -0.006057
0.355000 0.828316 -0.006057
0.360000 0.830070 -0.006057
0.365000 0.826270 -0.006057
0.370000 0.823857 -0.006057
0.375000 0.823443 -0.006057
0.380000 0.826446 -0.006057
0.385000 0.817567 -0.006057
0.390000 0.825741 -0.006057
0.395000 0.825496 -0.006057
0.400000 0.829442 -0.006057
0.405000 0.820409 -0.006057
0.410000 0.826339 -0.006057
0.415000 0.822302 -0.006057
0.420000 0.830430 -0.006057
0.425000 0.821482 -0.006057
0.430000 0.823704 -0.006057
0.435000 0.820946 -0.006057
0.440000 0.822899 -0.006057
0.445000 0.825358 -0.006057
0.450000 0.826462 -0.006057
0.455000 0.829495 -0.006057
0.460000 0.826898 -0.006057
0.465000 0.831457 -0.006057
0.470000 0.823520 -0.006057
0.475000 0.828553 -0.006057
0.480000 0.825159 -0.006057
0.485000 0.830177 -0.006057
0.490000 0.828101 -0.006057
0.495000 0.825282 -0.006057
0.500000 0.828162 -0.006057
0.505000 0.819850 -0.006057
0.510000 0.823022 -0.006057
0.515000 0.821758 -0.006057
0.520000 0.828040 -0.006057
0.525000 0.823213 -0.006057
0.530000 0.821957 -0.006057
0.535000 0.826132 -0.006057
0.540000 0.828607 -0.006057
0.545000 0.824309 -0.006057
0.550000 0.828668 -0.006057
0.555000 0.825450 -0.006057
0.560000 0.827756 -0.006057
0.565000 0.822761 -0.006057
0.570000 0.824799 -0.006057
0.575000 0.825695 -0.006057
0.580000 0.826730 -0.006057
0.585000 0.824194 -0.006057
0.590000 0.819099 -0.006057
0.595000 0.828553 -0.006057
0.600000 0.828545 -0.006057
0.605000 0.822087 -0.006057
0.610000 0.823160 -0.006057
0.615000 0.833916 -0.006057
0.620000 0.829595 -0.006057
0.625000 0.828055 -0.006057
0.630000 0.827297 -0.006057
0.635000 0.830269 -0.006057
0.640000 0.821466 -0.006057
0.645000 0.821037 0.025945
0.650000 0.823175 0.793987
0.655000 0.828438 0.761986
0.660000 0.816778 -0.006057
0.665000 0.822416 -0.006057
0.670000 0.877661 -0.006057
0.675000 1.572526 -0.006057
0.680000 3.861827 -0.006057
0.685000 7.561818 -0.006057
0.690000 11.581006 -0.006057
0.695000 15.675557 -0.006057
0.700000 19.727779 -0.006057
0.705000 23.656910 -0.006057
0.710000 27.333496 -0.006057
0.715000 30.663902 -0.006057
0.720000 33.719334 -0.006057
0.725000 36.415943 -0.006057
0.730000 38.728634 -0.006057
0.735000 40.660149 -0.006057
0.740000 42.122044 -0.006057
0.745000 42.854244 -0.006057
0.750000 42.632679 -0.006057
0.755000 41.511295 -0.006057
0.760000 39.698711 -0.006057
0.765000 37.296352 -0.006057
0.770000 34.781162 -0.006057
0.775000 32.455868 -0.006057
0.780000 30.409405 -0.006057
0.785000 28.598387 -0.006057
0.790000 26.968853 -0.006057
0.795000 25.516838 -0.006057
0.800000 24.242680 -0.006057
0.805000 23.134178 -0.006057
0.810000 22.207241 -0.006057
0.815000 21.436668 -0.006057
0.820000 20.814049 -0.006057
0.825000 20.276560 -0.006057
0.830000 19.823345 -0.006057
0.835000 19.432549 -0.006057
0.840000 19.089670 -0.006057
0.845000 18.796926 -0.006057
0.850000 18.535864 -0.006057
0.855000 18.319801 -0.006057
0.860000 18.135849 -0.006057
0.865000 17.968590 -0.006057
0.870000 17.832388 -0.006057
0.875000 17.716213 -0.006057
0.880000 17.607447 -0.006057
0.885000 17.511497 -0.006057
0.890000 17.417372 -0.006057
0.895000 17.352360 -0.006057
0.900000 17.290970 -0.006057
0.905000 17.232592 -0.006057
0.910000 17.172750 -0.006057
0.915000 17.131350 -0.006057
0.920000 17.087564 -0.006057
0.925000 17.056238 -0.006057
0.930000 17.018192 -0.006057
0.935000 16.992626 -0.006057
0.940000 16.964027 -0.006057
0.945000 16.934738 -0.006057
0.950000 16.917210 -0.006057
0.955000 16.892862 -0.006057
0.960000 16.873856 -0.006057
0.965000 16.853645 -0.006057
0.970000 16.831802 -0.006057
0.975000 16.830278 -0.006057
0.980000 16.810551 -0.006057
0.985000 16.806444 -0.006057
0.990000 16.788471 -0.006057
0.995000 16.776588 -0.006057
1.000000 16.782442 -0.006057
1.005000 16.774389 -0.006057
1.010000 16.757336 -0.006057
1.015000 16.763205 -0.006057
1.020000 16.758707 -0.006057
1.025000 16.757544 -0.006057
1.030000 16.750050 -0.006057
1.035000 16.747875 -0.006057
1.040000 16.748955 -0.006057
1.045000 16.740236 -0.006057
1.050000 16.746128 -0.006057
1.055000 16.743216 -0.006057
1.060000 16.745062 -0.006057
1.065000 16.740059 -0.006057
1.070000 16.741547 -0.006057
1.075000 16.733631 -0.006057
1.080000 16.750893 -0.006057
1.085000 16.753344 -0.006057
1.090000 16.751184 -0.006057
1.095000 16.743591 -0.006057
1.100000 16.745584 -0.006057
1.105000 16.750877 -0.006057
1.110000 16.749384 -0.006057
1.115000 16.753696 -0.006057
1.120000 16.753773 -0.006057
1.125000 16.756907 -0.006057
1.130000 16.746120 -0.006057
1.135000 16.758080 -0.006057
1.140000 16.758631 -0.006057
1.145000 16.768652 -0.006057
1.150000 16.774849 -0.006057
1.155000 16.765902 -0.006057
1.160000 16.772223 -0.006057
1.165000 16.770704 -0.006057
1.170000 16.769939 -0.006057
1.175000 16.774374 -0.006057
1.180000 16.780167 -0.006057
1.185000 16.774006 -0.006057
1.190000 16.771364 -0.006057
1.195000 16.772911 -0.006057
1.200000 16.781713 -0.006057
1.205000 16.786097 -0.006057
1.210000 16.785652 -0.006057
1.215000 16.786701 -0.006057
1.220000 16.783905 -0.006057
1.225000 16.785538 -0.006057
1.230000 16.785667 -0.006057
1.235000 16.787422 -0.006057
1.240000 16.788723 -0.006057
1.245000 16.786457 -0.006057
1.250000 16.779331 -0.006057
1.255000 16.795910 -0.006057
1.260000 16.795895 -0.006057
1.265000 16.797832 -0.006057
1.270000 16.793835 -0.006057
1.275000 16.795458 -0.006057
1.280000 16.802637 -0.006057
1.285000 16.799089 -0.006057
1.290000 16.796677 -0.006057
1.295000 16.793297 -0.006057
1.300000 16.797152 -0.006057
1.305000 16.799250 -0.006057
1.310000 16.797113 -0.006057
1.315000 16.797014 -0.006057
1.320000 16.802919 -0.006057
1.325000 16.803127 -0.006057
1.330000 16.796715 -0.006057
1.335000 16.801111 -0.006057
1.340000 16.788794 -0.006057
1.345000 16.785299 -0.006057
1.350000 16.792547 -0.006057
1.355000 16.786488 -0.006057
1.360000 16.790264 -0.006057
1.365000 16.791021 -0.006057
1.370000 16.784962 -0.006057
1.375000 16.789797 -0.006057
1.380000 16.778803 -0.006057
1.385000 16.777239 -0.006057
1.390000 16.783184 -0.006057
1.395000 16.766285 -0.006057
1.400000 16.782074 -0.006057
1.405000 16.778595 -0.006057
1.410000 16.766644 -0.006057
1.415000 16.765465 -0.006057
1.420000 16.762615 -0.006057
1.425000 16.762278 -0.006057
1.430000 16.747162 -0.006057
1.435000 16.745077 -0.006057
1.440000 16.747538 -0.006057
1.445000 16.743998 -0.006057
1.450000 16.741531 -0.006057
1.455000 16.728468 -0.006057
1.460000 16.738260 -0.006057
1.465000 16.725588 -0.006057
1.470000 16.719168 -0.006057
1.475000 16.709200 -0.006057
1.480000 16.711744 -0.006057
1.485000 16.708527 -0.006057
1.490000 16.708382 -0.006057
1.495000 16.690592 -0.006057
1.500000 16.688179 -0.006057
1.505000 16.683558 -0.006057
1.510000 16.667976 -0.006057
1.515000 16.668221 -0.006057
1.520000 16.665539 -0.006057
1.525000 16.664228 -0.006057
1.530000 16.650278 -0.006057
1.535000 16.644754 -0.006057
1.540000 16.640902 -0.006057
1.545000 16.644249 -0.006057
1.550000 16.628153 -0.006057
1.555000 16.622934 -0.006057
1.560000 16.607843 -0.006057
1.565000 16.604088 -0.006057
1.570000 16.602503 -0.006057
1.575000 16.595524 -0.006057
1.580000 16.581594 -0.006057
1.585000 16.582752 -0.006057
1.590000 16.569368 -0.006057
1.595000 16.554972 -0.006057
1.600000 16.543987 -0.006057
1.605000 16.537735 -0.006057
1.610000 16.529400 -0.006057
1.615000 16.523308 -0.006057
1.620000 16.510462 -0.006057
1.625000 16.498655 -0.006057
1.630000 16.492710 -0.006057
1.635000 16.479280 -0.006057
1.640000 16.466417 -0.006057
1.645000 16.456810 -0.006057
1.650000 16.443556 -0.006057
1.655000 16.431343 -0.006057
1.660000 16.421898 -0.006057
1.665000 16.403940 -0.006057
1.670000 16.399328 -0.006057
1.675000 16.383255 -0.006057
1.680000 16.365810 -0.006057
