0, 0.21796399950031686
0.0779244676232338, 0.21796616321920687
0.1644252985715866, 0.21795997806690973
0.25237810611724854, 0.21795770816773913
0.34033089876174927, 0.21794031084932705
0.42828369140625, 0.21793433438662002
0.5162364840507507, 0.21793496845195237
0.6041892766952515, 0.21792027340932732
0.6921420693397522, 0.2179133727378807
0.7800948619842529, 0.21791542848207313
0.8680476546287537, 0.21790016345303223
0.9560004472732544, 0.21789227313719345
1.0439531803131104, 0.21789640715591901
1.1319060325622559, 0.21789115923274333
1.2198588848114014, 0.2178738372643957
1.3078117370605469, 0.21788061342729295
1.3957645893096924, 0.21787784510364983
1.483717441558838, 0.21786340693782047
1.5716702938079834, 0.21786098228497114
1.659623146057129, 0.21786525320180594
1.7475759983062744, 0.21785356593369704
1.83552885055542, 0.2178491941120927
1.9234817028045654, 0.21785384201651622
2.011434555053711, 0.21784130649732406
2.0993874073028564, 0.21783540880022914
2.187340259552002, 0.2178413071375457
2.2752931118011475, 0.21783788398927767
2.363245964050293, 0.21782255198738654
2.4511988162994385, 0.2178307435992179
2.539151668548584, 0.21782888200038775
2.6271045207977295, 0.21781553950019256
2.715057373046875, 0.21781476360796262
2.8030102252960205, 0.2178201981144645
2.890963077545166, 0.2178092162007933
2.9789159297943115, 0.21780573132680928
3.066868782043457, 0.21781166142541855
3.1548216342926025, 0.2177999590719669
3.242774486541748, 0.21779470130866896
3.3307273387908936, 0.21780117299727636
3.418680191040039, 0.2177987547628019
3.5066330432891846, 0.21778431338582185
3.59458589553833, 0.217792773755974
3.6825387477874756, 0.21779125956339396
3.770491600036621, 0.21777874834499816
3.8584444522857666, 0.21777875970518823
3.946397304534912, 0.21778443749176632
4.0343499183654785, 0.2177736791860015
4.122302532196045, 0.21777087493587047
4.210255146026611, 0.21777747047810342
4.298207759857178, 0.2177656277121433
4.386160373687744, 0.21776071641858213
4.4741129875183105, 0.2177677205792431
4.562065601348877, 0.217766037795362
4.650018215179443, 0.2177517398139225
4.73797082901001, 0.2177603051075273
4.825923442840576, 0.2177592078325159
4.913876056671143, 0.21774735958164598
5.001828670501709, 0.21774763018782667
5.089781284332275, 0.21775329468768168
5.177733898162842, 0.21774283768042188
5.265686511993408, 0.21774068741093805
5.353639125823975, 0.2177475435109154
5.441591739654541, 0.21773570040567017
5.529544353485107, 0.21773097779195544
5.617496967315674, 0.21773854174499413
5.70544958114624, 0.21773715846897296
5.793402194976807, 0.21772285639802014
5.881354808807373, 0.2177314299707653
5.9693074226379395, 0.21773085142569293
6.057260036468506, 0.2177193889198427
6.145212650299072, 0.21771963929020513
6.233165264129639, 0.21772532788519292
6.321117877960205, 0.2177154285101054
6.4090704917907715, 0.2177137876844993
6.497023105621338, 0.2177206427711669
6.584975719451904, 0.21770833167233286
6.672928333282471, 0.21770442400433396
6.760880947113037, 0.2177125136705857
6.8488335609436035, 0.21771109152384216
6.93678617477417, 0.21769698709500745
7.024738788604736, 0.21770568510627786
7.112691402435303, 0.21770550347956197
7.200644016265869, 0.2176939176863793
7.2885966300964355, 0.21769399500725733
7.376549243927002, 0.21769987433329857
7.464501857757568, 0.21769039864969034
7.552454471588135, 0.21768873610644432
7.640407085418701, 0.2176953345406701
7.728359699249268, 0.21768385846923893
7.816312313079834, 0.2176785733637405
7.9042649269104, 0.21768801255105585
7.992217540740967, 0.2176862496927839
8.080170631408691, 0.21767218035974123
8.168123245239258, 0.21768134574468773
8.256075859069824, 0.21768101620248265
8.34402847290039, 0.2176689009401587
8.431981086730957, 0.2176690733289721
8.519933700561523, 0.2176753355938328
8.60788631439209, 0.21766616475036193
8.695838928222656, 0.21766423813476968
8.783791542053223, 0.21767071746251265
8.871744155883789, 0.2176597514850732
8.959696769714355, 0.21765511593495077
9.047649383544922, 0.21766349005274999
9.135601997375488, 0.2176616118903983
9.223554611206055, 0.21764801575664736
9.311507225036621, 0.2176573866391592
9.399459838867188, 0.21765718120330435
9.487412452697754, 0.21764521290907335
9.57536506652832, 0.21764578135486942
9.663317680358887, 0.2176521562396683
9.751270294189453, 0.2176426427162727
9.83922290802002, 0.21764034307498498
9.927175521850586, 0.21764709398421186
10.015128135681152, 0.21763624735931666
10.103080749511719, 0.21763170586932734
10.191033363342285, 0.21764015095603367
10.278985977172852, 0.21763847803806302
10.366938591003418, 0.21762524949281165
10.454891204833984, 0.21763422110336816
10.54284381866455, 0.2176335087828795
10.630796432495117, 0.21762170018288088
10.718749046325684, 0.21762257366251553
10.80670166015625, 0.2176289006456428
10.894654273986816, 0.21761946919847266
10.982606887817383, 0.21761727733576428
11.07055950164795, 0.217624389477724
11.158512115478516, 0.21761274675432038
11.246464729309082, 0.21760795487333837
11.334417343139648, 0.21761633987248927
11.422369956970215, 0.21761496639781877
11.510322570800781, 0.21760183790630566
11.598275184631348, 0.21761075710335034
11.686227798461914, 0.21761003143943408
11.77418041229248, 0.21759843491799577
11.862133026123047, 0.21759929182090498
11.950085639953613, 0.21760494229729727
12.03803825378418, 0.2175951033645843
12.125990867614746, 0.21759316646416116
12.213943481445312, 0.2176002340988812
12.301896095275879, 0.21758959818194135
12.389848709106445, 0.21758513480578487
12.477801322937012, 0.21759258525671074
12.565753936767578, 0.2175914808394223
12.653706550598145, 0.21757795329833157
12.741659164428711, 0.217586403608675
12.829611778259277, 0.21758589688648478
12.917564392089844, 0.21757457639522873
13.00551700592041, 0.2175756031726279
13.093469619750977, 0.21758137625533927
13.181422233581543, 0.21757180978773427
13.26937484741211, 0.2175703578574317
13.357327461242676, 0.21757722773491744
13.445280075073242, 0.21756597269676198
13.533232688903809, 0.2175602889567514
13.621185302734375, 0.21756963890585976
13.709137916564941, 0.21756863331098525
13.797090530395508, 0.21755521941590716
13.885043144226074, 0.2175638205765284
13.97299575805664, 0.21756368791614586
14.060948371887207, 0.21755227786737508
14.148900985717773, 0.21755271924734515
14.23685359954834, 0.2175582876209382
14.324806213378906, 0.2175490282766719
14.412758827209473, 0.21754768751894812
14.500711441040039, 0.21755452704827388
14.588664054870605, 0.21754344313141058
14.676616668701172, 0.2175394277329341
14.764569282531738, 0.2175473571133792
14.852521896362305, 0.21754585748472424
14.940474510192871, 0.21753216622531865
15.028427124023438, 0.2175410426502306
15.116379737854004, 0.2175410810590155
15.20433235168457, 0.2175295676033738
15.292284965515137, 0.21753005205428866
15.380237579345703, 0.21753576917489223
15.46819019317627, 0.21752668951263762
15.556142807006836, 0.2175248489283198
15.644095420837402, 0.2175310449834244
15.732048034667969, 0.21752020630921523
15.820000648498535, 0.21751667801202768
15.907953262329102, 0.2175249158007048
15.995905876159668, 0.21752176495603556
16.083858489990234, 0.21750898745036235
16.171812057495117, 0.2175184718413718
16.259765625, 0.21751829765520367
16.347719192504883, 0.21750630576786828
16.435672760009766, 0.21750688282071154
16.52362632751465, 0.21751312106544804
16.61157989501953, 0.21750405910884552
16.699533462524414, 0.21750227039472744
16.787487030029297, 0.21750861376370748
16.87544059753418, 0.21749801922787754
16.963394165039062, 0.2174944146313486
17.051347732543945, 0.21750213668347487
17.139301300048828, 0.21749872751435725
17.22725486755371, 0.21748653485530367
17.315208435058594, 0.21749588337232287
17.403162002563477, 0.21749554645781768
17.49111557006836, 0.21748353332714973
17.579069137573242, 0.2174842925294285
17.667022705078125, 0.21749046771334354
17.754976272583008, 0.2174809226738152
17.84292984008789, 0.21747875878402637
17.930883407592773, 0.21748543967353715
18.018836975097656, 0.21747508824335787
18.10679054260254, 0.21747140721520705
18.194744110107422, 0.21747918919135945
18.282697677612305, 0.2174760027717552
18.370651245117188, 0.21746402679394605
18.45860481262207, 0.2174730942477171
18.546558380126953, 0.2174723707138454
18.634511947631836, 0.21746063303726
18.72246551513672, 0.21746186761832773
18.8104190826416, 0.21746800364093635
18.898372650146484, 0.21745844598758685
18.986326217651367, 0.21745639992101023
19.07427978515625, 0.21746328250652014
19.162233352661133, 0.21745269080109308
19.250186920166016, 0.21744851366808807
19.3381404876709, 0.2174562076388382
19.42609405517578, 0.2174534027290913
19.514047622680664, 0.2174413315935519
19.602001190185547, 0.2174502581726837
19.68995475769043, 0.2174494909788608
19.777908325195312, 0.2174379145204007
19.865861892700195, 0.2174390082870501
19.953815460205078, 0.21744466806885637
20.04176902770996, 0.21743483481916578
20.129722595214844, 0.21743331422730333
20.217676162719727, 0.21744037066887467
20.30562973022461, 0.2174297432817544
20.393583297729492, 0.21742565433113087
20.481536865234375, 0.21743356967337643
20.569490432739258, 0.21743084395465878
20.65744400024414, 0.21741843954769377
20.745397567749023, 0.2174269669923439
20.833351135253906, 0.2174264646608408
20.92130470275879, 0.21741521623703797
21.009258270263672, 0.21741597577847172
21.097211837768555, 0.21742262442597998
21.185165405273438, 0.2174120719841694
21.27311897277832, 0.21741082741561585
21.361072540283203, 0.21741755853019565
21.449026107788086, 0.2174065767196183
21.53697967529297, 0.2174019170513029
21.62493324279785, 0.21741076048316527
21.712886810302734, 0.21740790228865814
21.800840377807617, 0.21739474305414913
21.8887939453125, 0.2174040030592892
21.976747512817383, 0.21740366168947473
22.064701080322266, 0.21739198853083364
22.15265464782715, 0.2173925617428214
22.24060821533203, 0.21739886946798334
22.328561782836914, 0.21738875801637
22.416515350341797, 0.21738746711390053
22.50446891784668, 0.21739403541531271
22.592422485351562, 0.21738308109576482
22.680376052856445, 0.21737854726107578
22.768329620361328, 0.21738740664840273
22.85628318786621, 0.21738417843867555
22.944236755371094, 0.2173715221452942
23.032190322875977, 0.21738106826196227
23.12014389038086, 0.21737945890183744
23.208097457885742, 0.21736842557786898
23.296051025390625, 0.21736913393853596
23.384004592895508, 0.2173758506319464
23.47195816040039, 0.21736598974328283
23.559911727905273, 0.217364504519699
23.647865295410156, 0.21737075707111325
23.73581886291504, 0.21735986244664054
23.823772430419922, 0.21735613920959182
23.911725997924805, 0.2173647434232288
23.999679565429688, 0.21736130961484115
24.08763313293457, 0.21734892523918223
24.175586700439453, 0.2173587413794396
24.263540267944336, 0.2173568978260358
24.35149383544922, 0.21734554158427205
24.4394474029541, 0.21734640034377473
24.527400970458984, 0.2173533903491496
24.615354537963867, 0.2173432919508747
24.70330810546875, 0.21734149820021087
24.791261672973633, 0.21734784472796262
24.879215240478516, 0.21733728422477694
24.9671688079834, 0.2173333745526275
25.05512237548828, 0.21734172827198298
25.143075942993164, 0.21733831359329916
25.231029510498047, 0.21732624205362489
25.31898307800293, 0.21733600026784686
25.406936645507812, 0.217333643974347
25.494890213012695, 0.21732003813485315
25.582843780517578, 0.21732944020930903
25.67079734802246, 0.2173296010651289
25.758750915527344, 0.21731757946288557
25.846704483032227, 0.21731782225692448
25.93465805053711, 0.21732435270191183
26.022611618041992, 0.21731520632399262
26.110565185546875, 0.21731312785913148
26.198518753051758, 0.21731974908965532
26.28647232055664, 0.2173090884917104
26.374425888061523, 0.21730501873310804
26.462379455566406, 0.2173129273099181
26.55033302307129, 0.21731116804095962
26.638286590576172, 0.21729706072088598
26.726240158081055, 0.21730685427154917
26.814193725585938, 0.21730681148267195
26.90214729309082, 0.21729481000054734
26.990100860595703, 0.217294966884385
27.078054428100586, 0.21730178935950106
27.16600799560547, 0.21729245868357497
27.25396156311035, 0.2172900649367648
27.341915130615234, 0.21729688492417024
27.429868698120117, 0.21728650968849475
27.517822265625, 0.21728227708880637
27.605775833129883, 0.21728988880141134
27.693729400634766, 0.21728818123558216
27.78168296813965, 0.21727442362707966
27.86963653564453, 0.21728416980649828
27.957590103149414, 0.2172838349085022
28.045543670654297, 0.21727184003351693
28.13349723815918, 0.21727239752570632
28.221450805664062, 0.2172792328795767
28.309404373168945, 0.2172695417759841
28.397357940673828, 0.21726721577513775
28.48531150817871, 0.2172744557157358
28.573265075683594, 0.21726388891147597
28.661218643188477, 0.21725909803372137
28.74917221069336, 0.2172665678757708
28.837125778198242, 0.21726524537899206
28.925079345703125, 0.21725162745002347
29.013032913208008, 0.2172610033117104
29.10098648071289, 0.21726042278963661
29.188940048217773, 0.21724884678284573
29.276893615722656, 0.2172494595563906
29.36484718322754, 0.21725565058657448
29.452800750732422, 0.21724562343536993
29.540754318237305, 0.21724366516936605
29.628707885742188, 0.21725104843790966
29.71666145324707, 0.2172405459686576
29.804615020751953, 0.21723585479992202
29.892568588256836, 0.21724359090469542
29.98052215576172, 0.21724248975430782
30.0684757232666, 0.21722845060104357
30.156429290771484, 0.21723746654237291
30.244382858276367, 0.2172372097406671
30.33233642578125, 0.217225982240513
30.420289993286133, 0.2172267778717041
30.508243560791016, 0.21723305419939673
30.5961971282959, 0.21722322982176565
30.68415069580078, 0.21722164230668956
30.772104263305664, 0.2172286406030675
30.860057830810547, 0.21721755697686543
30.94801139831543, 0.21721287765968797
31.035964965820312, 0.21722087645882282
31.123918533325195, 0.21721982275060264
31.211872100830078, 0.21720579407917354
31.29982566833496, 0.21721480935523663
31.387779235839844, 0.2172146916418966
31.475732803344727, 0.21720328726331942
31.56368637084961, 0.21720339630294896
31.651639938354492, 0.2172094425651868
31.739593505859375, 0.21719992510026806
31.827547073364258, 0.21719842601122027
31.91550064086914, 0.21720542116219096
32.00345230102539, 0.21719443104812927
32.09140396118164, 0.21719003042059168
32.17935562133789, 0.21719823399708937
32.26730728149414, 0.2171967075700388
32.35525894165039, 0.21718238742159965
32.44321060180664, 0.21719175176715522
32.53116226196289, 0.21719185063750168
32.61911392211914, 0.21718047796052514
32.70706558227539, 0.21718063156060946
32.79501724243164, 0.2171868265589377
32.88296890258789, 0.2171775105005603
32.97092056274414, 0.21717555139819272
33.05887222290039, 0.2171820369341682
33.14682388305664, 0.21717053420375695
33.23477554321289, 0.21716685088270843
33.32272720336914, 0.21717502952444556
33.41067886352539, 0.21717345944393343
33.49863052368164, 0.2171591852467841
33.58658218383789, 0.21716884284086646
33.67453384399414, 0.21716874274992415
33.76248550415039, 0.21715683051779847
33.85043716430664, 0.21715705859782444
33.93838882446289, 0.2171636101462539
34.02634048461914, 0.2171544305515052
34.11429214477539, 0.21715254588165442
34.20224380493164, 0.21715910681826167
34.29019546508789, 0.21714787997049984
34.37814712524414, 0.21714415484687583
34.46609878540039, 0.21715175571979672
34.55405044555664, 0.21715001714018944
34.64200210571289, 0.21713616522539153
34.72995376586914, 0.21714595320817337
34.81790542602539, 0.21714587227306487
34.90585708618164, 0.21713400265188604
34.99380874633789, 0.2171345276274776
35.08176040649414, 0.2171412542434408
35.16971206665039, 0.2171315807988044
35.25766372680664, 0.2171293682454051
35.34561538696289, 0.21713633098191046
35.43356704711914, 0.21712479345921282
35.52151870727539, 0.21712179749706023
35.60947036743164, 0.21712943823396527
35.69742202758789, 0.21712778780080588
35.78537368774414, 0.21711444170148866
35.87332534790039, 0.21712348440262577
35.96127700805664, 0.2171227502660589
36.04922866821289, 0.21711098312241967
36.13718032836914, 0.21711184164883082
36.22513198852539, 0.21711836254158823
36.31308364868164, 0.2171085608753017
36.40103530883789, 0.2171063870421455
36.48898696899414, 0.21711356908436197
36.57693862915039, 0.2171027137554495
36.66489028930664, 0.21709700830487413
36.75284194946289, 0.21710592564792278
36.84079360961914, 0.21710466642396256
36.92874526977539, 0.21709129918788989
37.01669692993164, 0.217100254205503
37.10464859008789, 0.2170996070959405
37.19260025024414, 0.21708812418603682
37.28055191040039, 0.21708894523730624
37.36850357055664, 0.21709496126290168
37.45645523071289, 0.217085030935342
37.54440689086914, 0.21708335607895743
37.63235855102539, 0.2170906520491218
37.72031021118164, 0.21707960063948006
37.80826187133789, 0.21707385822596886
37.89621353149414, 0.21708293085071073
37.98416519165039, 0.2170816725478711
38.07211685180664, 0.21706795810110324
38.16006851196289, 0.21707647292908316
38.24802017211914, 0.2170760900214573
38.33597183227539, 0.21706484561787778
38.42392349243164, 0.2170655790024124
38.51187515258789, 0.21707140334894762
38.59982681274414, 0.21706168900602638
38.68777847290039, 0.21706017360134366
38.77573013305664, 0.21706712525321645
38.86368179321289, 0.21705561651257804
38.95163345336914, 0.2170506236605464
39.03958511352539, 0.21705961699003873
39.12753677368164, 0.21705837420378923
39.21548843383789, 0.21704467866338703
39.30344009399414, 0.2170532843889088
39.39139175415039, 0.21705311244933206
39.47934341430664, 0.21704167021316517
39.56729507446289, 0.21704200251550065
39.65524673461914, 0.21704764565356743
39.74319839477539, 0.21703859575041062
39.83115005493164, 0.2170371139679912
39.91910171508789, 0.21704401160359524
40.00705337524414, 0.2170323473051216
40.09500503540039, 0.2170269043322908
40.18295669555664, 0.21703669206619755
40.27090835571289, 0.21703498200058624
40.35886001586914, 0.21702100116829107
40.44681167602539, 0.21703004043281324
40.53476333618164, 0.21703012819323853
40.62271499633789, 0.21701863884782255
40.71066665649414, 0.21701901988807457
40.79861831665039, 0.21702482451610983
40.88656997680664, 0.21701585945506333
40.97452163696289, 0.21701399758381837
41.06247329711914, 0.2170202951455797
41.15042495727539, 0.21700946214052372
41.23837661743164, 0.21700573197309944
41.32632827758789, 0.21701357163068552
41.41427993774414, 0.2170120167782697
41.50223159790039, 0.21699827566835977
41.59018325805664, 0.21700751407170493
41.67813491821289, 0.21700730711924493
41.76608657836914, 0.21699530416215393
41.85403823852539, 0.21699577577498408
41.94198989868164, 0.2170020476787132
42.02994155883789, 0.21699299698578267
42.11789321899414, 0.21699109317910517
42.20584487915039, 0.2169974352925849
42.29379653930664, 0.21698666681150347
42.38174819946289, 0.2169819770230393
42.46969985961914, 0.21699029298407488
42.55765151977539, 0.2169885934513117
42.64560317993164, 0.21697541256120345
42.73355484008789, 0.21698471569042405
42.82150650024414, 0.2169844361397264
42.90945816040039, 0.2169724417562242
42.99740982055664, 0.21697310004075882
43.08536148071289, 0.21697930202091534
43.17331314086914, 0.21696977793641034
43.26126480102539, 0.2169675079903543
43.34921646118164, 0.21697421772781553
43.43716812133789, 0.2169637654212875
43.52511978149414, 0.21695956759855337
43.61307144165039, 0.21696663389827545
43.70102310180664, 0.21696517528271048
43.78897476196289, 0.21695225396655102
43.87692642211914, 0.21696101800279133
43.96487808227539, 0.21696025077125367
44.05282974243164, 0.21694849735521662
44.14078140258789, 0.21694961851207534
44.22873306274414, 0.21695562421093947
44.31668472290039, 0.21694583590471025
44.40463638305664, 0.216943814163839
44.49258804321289, 0.21695079085915206
44.58053970336914, 0.21694013765619155
44.66849136352539, 0.21693576278664223
44.75644302368164, 0.21694309068868098
44.84439468383789, 0.21694202226090833
44.93234634399414, 0.216928972307692
45.02029800415039, 0.21693755032210454
45.10824966430664, 0.21693690282439734
45.19620132446289, 0.2169255189798534
45.28415298461914, 0.21692664210616794
45.37210464477539, 0.2169323585882792
45.46005630493164, 0.21692261369069682
45.54800796508789, 0.2169210267535189
45.63595962524414, 0.2169280471789662
45.72391128540039, 0.2169171438185098
45.81186294555664, 0.21691292085208982
45.89981460571289, 0.2169210327819959
45.98776626586914, 0.21691843429318944
46.07571792602539, 0.21690595122140235
46.16366958618164, 0.21691464583885145
46.25162124633789, 0.21691427364987198
46.33957290649414, 0.21690302484394847
46.42752456665039, 0.21690381030813538
46.51547622680664, 0.21690926107103067
46.60342788696289, 0.21689975484280866
46.69137954711914, 0.21689839221387455
46.77933120727539, 0.21690511300767681
46.86728286743164, 0.21689393245503605
46.95523452758789, 0.21688981734324336
47.04318618774414, 0.21689811348834853
47.13113784790039, 0.21689515780914406
47.21908950805664, 0.21688239808347096
47.30704116821289, 0.21689110910813073
47.39499282836914, 0.21689096873792946
47.48294448852539, 0.21687949294052286
47.57089614868164, 0.21688005573524202
47.65884780883789, 0.21688566193347075
47.74679946899414, 0.21687655161774208
47.83475112915039, 0.2168751497830218
47.92270278930664, 0.2168816039919195
48.01065444946289, 0.21687051995672302
48.09860610961914, 0.21686691155338478
48.18655776977539, 0.21687530123179954
48.27450942993164, 0.21687213031093225
48.36246109008789, 0.21685940694538686
48.45041275024414, 0.21686851791167136
48.53836441040039, 0.2168684871587937
48.62631607055664, 0.21685676866420447
48.71426773071289, 0.21685719938961692
48.80221939086914, 0.21686313304174776
48.89017105102539, 0.21685414870015204
48.97812271118164, 0.21685251167505998
49.06607437133789, 0.21685875101974916
49.15402603149414, 0.216847954272161
49.24197769165039, 0.2168445166286205
49.32992935180664, 0.21685257222593346
49.41788101196289, 0.21684918209608073
49.50583267211914, 0.21683691139309139
49.59378433227539, 0.21684623823160454
49.68173599243164, 0.21684566034864958
49.76968765258789, 0.21683359683609899
49.85763931274414, 0.2168344850472086
49.94559097290039, 0.21684083280833116
50.03354263305664, 0.21683145416221464
50.12149429321289, 0.2168295138906889
50.20944595336914, 0.21683599614052537
50.29739761352539, 0.21682575846924435
50.38534927368164, 0.2168212537824746
50.47330093383789, 0.2168292873539185
50.56125259399414, 0.21682601187856057
50.64920425415039, 0.21681385548400398
50.73715591430664, 0.21682314836413177
50.82510757446289, 0.21682247960467052
50.91305923461914, 0.21681038207467376
51.00101089477539, 0.21681158098169656
51.08896255493164, 0.216818359548016
51.17691421508789, 0.21680767011259702
51.26486587524414, 0.21680580880153993
51.35281753540039, 0.21681262437226972
51.44076919555664, 0.21680252508862627
51.52872085571289, 0.21679805968077817
51.61667251586914, 0.21680625755449845
51.70462417602539, 0.21680332514299122
51.79257583618164, 0.21679122389000718
51.88052749633789, 0.21680033704459473
51.96847915649414, 0.21679793260395733
52.05643081665039, 0.21678694554647104
52.14438247680664, 0.2167884715983582
52.23233413696289, 0.21679529885805116
52.32028579711914, 0.2167846772977596
52.40823745727539, 0.2167831340790192
52.49618911743164, 0.21679008391292073
52.58414077758789, 0.21677945405536528
52.67209243774414, 0.21677453236576819
52.76004409790039, 0.21678305500444622
52.84799575805664, 0.21678033212278242
52.93594741821289, 0.21676830704912306
53.02389907836914, 0.21677751285821606
53.11185073852539, 0.21677537206832612
53.19980239868164, 0.21676473763117102
53.28775405883789, 0.21676586645788884
53.37570571899414, 0.2167721139447316
53.46365737915039, 0.21676162137410143
53.55160903930664, 0.2167603755446789
53.63956069946289, 0.21676737034626795
53.72751235961914, 0.21675637839872486
53.81546401977539, 0.2167517994639794
53.90341567993164, 0.21676063429590323
53.99136734008789, 0.21675770960832463
54.07931900024414, 0.21674513113236493
54.16727066040039, 0.21675428638762825
54.25522232055664, 0.2167523050070972
54.34317398071289, 0.21673956901890049
54.43112564086914, 0.2167489117546745
54.51907730102539, 0.21674838838190444
54.60702896118164, 0.21673651274805417
54.69498062133789, 0.21673736614389574
54.78293228149414, 0.2167439901326954
54.87088394165039, 0.21673270665447472
54.95883560180664, 0.21672855254565188
55.04678726196289, 0.21673744855328675
55.13473892211914, 0.21673448957945404
55.22269058227539, 0.21672202861065004
55.31064224243164, 0.2167315100061312
55.39859390258789, 0.2167290702525355
55.48654556274414, 0.21671593291911448
55.57449722290039, 0.21672488371520665
55.66244888305664, 0.2167245145232381
55.75040054321289, 0.21671288476379513
55.83835220336914, 0.21671378384336262
55.92630386352539, 0.2167199725412033
56.01425552368164, 0.2167102156737234
56.10220718383789, 0.21670821465226553
56.19015884399414, 0.21671533074618973
56.27811050415039, 0.21670420723177206
56.36606216430664, 0.216699554230785
56.45401382446289, 0.21670777415044012
56.54196548461914, 0.2167066363533869
56.62991714477539, 0.21669250937184506
56.71786880493164, 0.2167016043113574
56.80582046508789, 0.21670165711647962
56.89377212524414, 0.21669028339130741
56.98172378540039, 0.21669040929460198
57.06967544555664, 0.21669657457877578
57.15762710571289, 0.21668726666948637
57.24557876586914, 0.2166856158945393
57.33353042602539, 0.2166926339013037
57.42148208618164, 0.21668161404177158
57.50943374633789, 0.21667719109155675
57.59738540649414, 0.2166853382463478
57.68533706665039, 0.21668374825858774
57.77328872680664, 0.21666933624864768
57.86124038696289, 0.2166788435450938
57.94919204711914, 0.2166790420954115
58.03714370727539, 0.21666749896613557
58.12509536743164, 0.2166675654268289
58.21304702758789, 0.21667381599676455
58.30099868774414, 0.21666448508766256
58.38895034790039, 0.2166624536594837
58.47690200805664, 0.21666896995288087
58.56485366821289, 0.21665822134559043
58.65280532836914, 0.21665424803965375
58.74075698852539, 0.21666233811921326
58.82870864868164, 0.21666078091799953
58.91666030883789, 0.2166465189325102
59.00461196899414, 0.21665623993546773
59.09256362915039, 0.21665614738580866
59.18051528930664, 0.21664409829426956
59.26846694946289, 0.21664426500532158
59.35641860961914, 0.21665098325347337
59.44437026977539, 0.21664164601604596
59.53232192993164, 0.216639621836183
59.62027359008789, 0.21664617403257425
59.70822525024414, 0.2166356868049819
59.79617691040039, 0.21663135076686763
59.88412857055664, 0.21663892133006293
59.97208023071289, 0.21663713578810984
60.06003189086914, 0.2166233036502752
60.14798355102539, 0.21663300698143031
60.23593521118164, 0.21663281631491538
60.32388687133789, 0.21662080956777596
60.41183853149414, 0.21662122440929799
60.49979019165039, 0.21662794822770648
60.58774185180664, 0.2166182218699162
60.67569351196289, 0.21661590441520293
60.76364517211914, 0.2166229392725344
60.85159683227539, 0.21661244628168128
60.93954849243164, 0.21660840982935464
61.02750015258789, 0.21661613423162668
61.11545181274414, 0.21661460287138296
61.20340347290039, 0.21660103157783364
61.29135513305664, 0.2166104062314761
61.37930679321289, 0.21660972847793947
61.46725845336914, 0.21659799109657976
61.55521011352539, 0.21659875635408407
61.64316177368164, 0.2166053228634617
61.73111343383789, 0.21659551550994724
61.81906509399414, 0.21659329194772914
61.90701675415039, 0.21660054156982853
61.99496841430664, 0.21658946372930868
62.08292007446289, 0.21658523500095772
62.17087173461914, 0.21659290167826364
62.25882339477539, 0.21659187389010898
62.34677505493164, 0.2165783226389206
62.43472671508789, 0.21658771960118792
62.52267837524414, 0.21658720060121842
62.61063003540039, 0.2165758003713049
62.69858169555664, 0.21657655058884237
62.78653335571289, 0.21658270103281632
62.87448501586914, 0.2165726703119728
62.96243667602539, 0.2165709148158611
63.05038833618164, 0.21657821406488548
63.13833999633789, 0.2165669456075359
63.22629165649414, 0.21656267059840545
63.31424331665039, 0.21657038968286269
63.40219497680664, 0.2165692787333652
63.49014663696289, 0.21655523135280094
63.57809829711914, 0.21656406630520644
63.66604995727539, 0.21656371971620264
63.75400161743164, 0.2165524984378186
63.84195327758789, 0.21655310369227257
63.92990493774414, 0.21655919033970192
64.01786041259766, 0.21654930168551476
64.1058120727539, 0.2165477846404813
64.19376373291016, 0.21655484366304273
64.2817153930664, 0.2165425182258627
64.36966705322266, 0.2165390866433222
64.4576187133789, 0.21654731601864158
64.54557037353516, 0.21654601669173956
64.6335220336914, 0.21653201011670165
64.72147369384766, 0.21654088678216066
64.8094253540039, 0.21654089821165923
64.89737701416016, 0.21652950527435008
64.9853286743164, 0.2165297261190773
65.07328033447266, 0.21653572129381388
65.1612319946289, 0.21652632574040623
65.24918365478516, 0.21652475170787663
65.3371353149414, 0.21653146179148924
65.42508697509766, 0.21652013924303237
65.5130386352539, 0.2165149926591742
65.60099029541016, 0.2165245841942277
65.6889419555664, 0.216522994511913
65.77689361572266, 0.21650900570312118
65.8648452758789, 0.2165181573597383
65.95279693603516, 0.2165182130537444
66.0407485961914, 0.2165065331123325
66.12870025634766, 0.21650665467118244
66.2166519165039, 0.21651292371709252
66.30460357666016, 0.21650370106730374
66.3925552368164, 0.21650180308277994
66.48050689697266, 0.2165082550080382
66.5684585571289, 0.21649712061764848
66.65641021728516, 0.21649213558260588
66.7443618774414, 0.21650144573590982
66.83231353759766, 0.21649957766957328
66.9202651977539, 0.2164858554487994
67.00821685791016, 0.2164952527030705
67.0961685180664, 0.2164950910804786
67.18412017822266, 0.21648312983877901
67.2720718383789, 0.21648352307311955
67.36002349853516, 0.21649000759779258
67.4479751586914, 0.21648072238078148
67.53592681884766, 0.21647850226457474
67.6238784790039, 0.21648503477367945
67.71183013916016, 0.2164741816022415
67.7997817993164, 0.21646958061781485
67.88773345947266, 0.21647800036977055
67.9756851196289, 0.2164762260990324
68.06363677978516, 0.2164629118982444
68.1515884399414, 0.21647222667337404
68.23954010009766, 0.21647173473573714
68.3274917602539, 0.2164597276117396
68.41544342041016, 0.21646051327540589
68.5033950805664, 0.21646689788595375
68.59134674072266, 0.21645748935919606
68.6792984008789, 0.21645528944037845
68.76725006103516, 0.21646227022682452
68.8552017211914, 0.21645147939490358
68.94315338134766, 0.21644675160567206
69.0311050415039, 0.21645497167377745
69.11905670166016, 0.21645346029591547
69.2070083618164, 0.2164403306518001
69.29496002197266, 0.21644928084261186
69.3829116821289, 0.21644853784439125
69.47086334228516, 0.2164367894369414
69.5588150024414, 0.21643779778813144
69.64676666259766, 0.2164438216016518
69.7347183227539, 0.21643410443180772
69.82266998291016, 0.21643204710776243
69.9106216430664, 0.21643917232608592
69.99857330322266, 0.21642862735317184
70.0865249633789, 0.21642419048627287
70.17447662353516, 0.216431605980206
70.2624282836914, 0.21643055399304714
70.35037994384766, 0.21641736329075978
70.4383316040039, 0.21642611746204723
70.52628326416016, 0.21642565090639362
70.6142349243164, 0.21641438502840576
70.70218658447266, 0.216415092388885
70.7901382446289, 0.21642061500418755
70.87808990478516, 0.2164110950358764
70.9660415649414, 0.21640951258634908
71.05399322509766, 0.21641662458108396
71.1419448852539, 0.21640563631119417
71.22989654541016, 0.2164003634872575
71.3178482055664, 0.2164091703579338
71.40579986572266, 0.21640789845871475
71.4937515258789, 0.21639407958407492
71.58170318603516, 0.2164026575578901
71.6696548461914, 0.21640245523722845
71.75760650634766, 0.21639126245854853
71.8455581665039, 0.21639200071283582
71.93350982666016, 0.21639755247584205
72.0214614868164, 0.21638828186855752
72.10941314697266, 0.21638667729859648
72.1973648071289, 0.2163931019882563
72.28531646728516, 0.21638186255112504
72.3732681274414, 0.21637774512659214
72.46121978759766, 0.21638578725643604
72.5491714477539, 0.21638464898259915
72.63712310791016, 0.21637104609065136
72.7250747680664, 0.21637988398393812
72.81302642822266, 0.2163798978153443
72.9009780883789, 0.2163682278332588
72.98892974853516, 0.21636856739345348
73.0768814086914, 0.2163744119665395
73.16483306884766, 0.2163654126803643
73.2527847290039, 0.21636396939261604
73.34073638916016, 0.2163704791876902
73.4286880493164, 0.2163594597448328
73.51663970947266, 0.21635575767595022
73.6045913696289, 0.21636340639664764
73.69254302978516, 0.2163616950346964
73.7804946899414, 0.21634821401771714
73.86844635009766, 0.21635721014482565
73.9563980102539, 0.21635721123543725
74.04434967041016, 0.21634547744625607
74.1323013305664, 0.2163458761466284
74.22025299072266, 0.21635196109420385
74.3082046508789, 0.21634272902472815
74.39615631103516, 0.2163405866074312
74.4841079711914, 0.21634681820780094
74.57205963134766, 0.2163360765321405
74.6600112915039, 0.21633236303456976
74.74796295166016, 0.21634027025615252
74.8359146118164, 0.21633524027999826
74.92227935791016, 0.21633427229179333
74.99956512451172, 0.21633033321120232
75.07685089111328, 0.21633246685912974
75.16321563720703, 0.21632936974811315
75.25116729736328, 0.21633207869565865
75.33911895751953, 0.2163208512924643
75.42707061767578, 0.21632120490331352
75.51502227783203, 0.21632728436009993
75.60297393798828, 0.21631790573410645
75.69092559814453, 0.21631627144043838
75.77887725830078, 0.21632293526248358
75.86682891845703, 0.21631075186286003
75.95478057861328, 0.21630727245931472
76.04273223876953, 0.21631539481257972
76.13068389892578, 0.2163137188023494
76.21863555908203, 0.21629964076894656
76.30658721923828, 0.21630875814178768
76.39453887939453, 0.21630876069733856
76.48249053955078, 0.21629702869627715
76.57044219970703, 0.21629709219203894
76.65839385986328, 0.21630341532742034
76.74634552001953, 0.21629415052823112
76.83429718017578, 0.21629227457787997
76.92224884033203, 0.2162987475164436
77.01020050048828, 0.21628764446742962
77.09815216064453, 0.21628260960708728
77.18610382080078, 0.216291822153821
77.27405548095703, 0.21628991904196565
77.36200714111328, 0.21627614449630703
77.44995880126953, 0.21628552462883066
77.53791046142578, 0.21628532429318093
77.62586212158203, 0.21627332533832427
77.71381378173828, 0.2162736650499417
77.80176544189453, 0.21628018973849522
77.88971710205078, 0.21627081972195178
77.97766876220703, 0.21626858987299377
78.06562042236328, 0.21627513028963283
78.15357208251953, 0.2162642975927464
78.24152374267578, 0.21625968144574692
78.32947540283203, 0.2162680572731796
78.41742706298828, 0.2162662193851254
78.50537872314453, 0.21625280551959408
78.59333038330078, 0.2162620679106237
78.68128204345703, 0.21626153745391016
78.76923370361328, 0.21624951686366886
78.85718536376953, 0.21625026548319162
78.94513702392578, 0.21625667943840762
79.03308868408203, 0.2162471490363948
79.12104034423828, 0.2162448721041076
79.20899200439453, 0.21625177531708115
79.29694366455078, 0.21624100300891508
79.38489532470703, 0.21623614673714395
79.47284698486328, 0.21624444559430894
79.56079864501953, 0.21624309310842257
79.64875030517578, 0.21622974192914832
79.73670196533203, 0.21623845684595802
79.82465362548828, 0.21623776880604254
79.91260528564453, 0.21622619044306524
80.00055694580078, 0.21622726015189528
80.08850860595703, 0.21623335206775032
80.17646026611328, 0.21622374634191513
80.26441192626953, 0.21622195960493795
80.35236358642578, 0.21622923121367443
80.44031524658203, 0.21621736714359374
80.52826690673828, 0.21621253139962213
80.61621856689453, 0.2162212533243864
80.70417022705078, 0.21622015186483332
80.79212188720703, 0.21620687400052097
80.88007354736328, 0.21621560375740148
80.96802520751953, 0.21621512341203009
81.05597686767578, 0.21620386053785393
81.14392852783203, 0.21620456908241845
81.23188018798828, 0.2162101180948985
81.31983184814453, 0.21620061257984197
81.40778350830078, 0.21619902631430366
81.49573516845703, 0.21620611817680013
81.58368682861328, 0.21619521046904414
81.67163848876953, 0.21619074892294743
81.75959014892578, 0.21619862887561342
81.84754180908203, 0.21619739507959473
81.93549346923828, 0.21618360197785008
82.02344512939453, 0.21619223121210218
82.11139678955078, 0.21619205698308583
82.19934844970703, 0.21618089695806567
82.28730010986328, 0.21618164607650603
82.37525177001953, 0.21618725495248942
82.46320343017578, 0.21617804943333888
82.55115509033203, 0.21617653165781864
82.63910675048828, 0.2161830847827433
82.72705841064453, 0.21617180204143832
82.81501007080078, 0.2161663203734879
82.90296173095703, 0.21617585176938167
82.99091339111328, 0.21617457633687004
83.07886505126953, 0.21616082004534123
83.16681671142578, 0.21616962194585837
83.25476837158203, 0.21616959697678953
83.34272003173828, 0.21615787927496294
83.43067169189453, 0.21615813227942324
83.51862335205078, 0.21616390587388024
83.60657501220703, 0.21615482313005507
83.69452667236328, 0.21615326222350134
83.78247833251953, 0.216159705989298
83.87042999267578, 0.21614864940226564
83.95838165283203, 0.21614488336540286
84.04633331298828, 0.2161525326122648
84.13428497314453, 0.21615081704972183
84.22223663330078, 0.21613734324642808
84.31018829345703, 0.21614634352755518
84.39813995361328, 0.21614634486669215
84.48609161376953, 0.21613458961268373
84.57404327392578, 0.21613496221894765
84.66199493408203, 0.21614104510828033
84.74994659423828, 0.21613182203894368
84.83789825439453, 0.21612972118467624
84.92584991455078, 0.21613608577941046
85.01380157470703, 0.2161255738106941
85.10175323486328, 0.216121879706873
85.18970489501953, 0.21612947678705022
85.27765655517578, 0.21612783217458847
85.36560821533203, 0.21611465258074977
85.45355987548828, 0.21612375708344603
85.54151153564453, 0.21612319858021858
85.62946319580078, 0.21611111058155252
85.71741485595703, 0.21611199128811961
85.80536651611328, 0.21611825440586138
85.89331817626953, 0.21610894908321648
85.98126983642578, 0.2161068943485559
86.06922149658203, 0.21611344123267928
86.15717315673828, 0.21610303534956185
86.24512481689453, 0.21609915755956471
86.33307647705078, 0.21610668205058975
86.42102813720703, 0.21610357343471184
86.50897979736328, 0.21609159045705797
86.59693145751953, 0.2161007463436075
86.68488311767578, 0.2161001616469346
86.77283477783203, 0.21608820797478515
86.86078643798828, 0.21608934053819678
86.94873809814453, 0.2160953154366652
87.03668975830078, 0.2160855209515063
87.12464141845703, 0.21608356987871327
87.21259307861328, 0.21609054992742338
87.30054473876953, 0.2160800735742993
87.38849639892578, 0.21607616202020927
87.47644805908203, 0.21608377835514275
87.56439971923828, 0.21608085817825798
87.65235137939453, 0.2160686767461523
87.74030303955078, 0.216077379413011
87.82825469970703, 0.21607662071049805
87.91620635986328, 0.2160651446307434
88.00415802001953, 0.21606631728636902
88.09210968017578, 0.21607223066697004
88.18006134033203, 0.2160624860405
88.26801300048828, 0.2160607877313247
88.35596466064453, 0.21606775868896172
88.44391632080078, 0.2160568700620373
88.53186798095703, 0.21605260309302296
88.61981964111328, 0.2160606299221526
88.70777130126953, 0.21605794452495858
88.79572296142578, 0.2160457311346801
88.88367462158203, 0.216054491388909
88.97162628173828, 0.21605394488716365
89.05957794189453, 0.21604265983099752
89.14752960205078, 0.21604352542558755
89.23548126220703, 0.21604898518120166
89.32343292236328, 0.21603944335602548
89.41138458251953, 0.2160381720379668
89.49933624267578, 0.2160450511072635
89.58728790283203, 0.21603415263114512
89.67523956298828, 0.21603000359607968
89.76319122314453, 0.21603827604395953
89.85114288330078, 0.21603533624535526
89.93909454345703, 0.21602260641326138
90.02704620361328, 0.2160313366421251
90.11499786376953, 0.21603117836845181
90.20294952392578, 0.21601983980635878
90.29090118408203, 0.21602042029522958
90.37885284423828, 0.21602697203301732
90.46680450439453, 0.2160168512066084
90.55475616455078, 0.21601557447235725
90.64270782470703, 0.21602200826161364
90.73065948486328, 0.2160110487284384
90.81861114501953, 0.21600678387704622
90.90656280517578, 0.2160157120169438
90.99451446533203, 0.21601270623666644
91.08246612548828, 0.21599962762994973
91.17041778564453, 0.21600891393698227
91.25836944580078, 0.21600875807441047
91.34632110595703, 0.2159968468399979
91.43427276611328, 0.21599733172043245
91.52222442626953, 0.21600406803167302
91.61017608642578, 0.21599422734112492
91.69812774658203, 0.21599270412415228
91.78607940673828, 0.21599894907765443
91.87403106689453, 0.21598837547726596
91.96198272705078, 0.21598432075163362
92.04993438720703, 0.21599295012244643
92.13788604736328, 0.21598952685905645
92.22583770751953, 0.2159771288827455
92.31378936767578, 0.2159869327818308
92.40174102783203, 0.21598509183662631
92.48969268798828, 0.21597374360704596
92.57764434814453, 0.2159746191176062
92.66559600830078, 0.21598162317280747
92.75354766845703, 0.2159715098888879
92.84149932861328, 0.21596965281885577
92.92945098876953, 0.21597594098287307
93.01740264892578, 0.21596566370662335
93.10535430908203, 0.21596134093392344
93.19330596923828, 0.2159696367151225
93.28125762939453, 0.21596617213044592
93.36920928955078, 0.21595406578574997
93.45716094970703, 0.21596381035702292
93.54511260986328, 0.21596164163708864
93.63306427001953, 0.21595025348201832
93.72101593017578, 0.2159514748046274
93.80896759033203, 0.2159584984691343
93.89691925048828, 0.21594809205305113
93.98487091064453, 0.21594618483822592
94.07282257080078, 0.21595288332997156
94.16077423095703, 0.21594243184463444
94.24872589111328, 0.21593820760639582
94.33667755126953, 0.21594627197634267
94.42462921142578, 0.21594309064559292
94.51258087158203, 0.2159311888383864
94.60053253173828, 0.21594063714215608
94.68848419189453, 0.215938081430106
94.77643585205078, 0.2159247714381999
94.86438751220703, 0.21593446841822467
94.95233917236328, 0.21593441478697412
95.04029083251953, 0.21592208235465607
95.12824249267578, 0.21592250477819952
95.21619415283203, 0.21592929291631466
95.30414581298828, 0.2159194799598942
95.39209747314453, 0.21591473758267427
95.48004913330078, 0.2159230934270302
95.56800079345703, 0.21592032585351678
95.65595245361328, 0.21590847286556597
95.74390411376953, 0.21591787537015544
95.83185577392578, 0.215914854139132
95.91980743408203, 0.2159020403360105
96.00775909423828, 0.21591175710112107
96.09571075439453, 0.21591139853569585
96.18366241455078, 0.2158994648750003
96.27161407470703, 0.2159000852666028
96.35956573486328, 0.21590658138477176
96.44751739501953, 0.21589665780374512
96.53546905517578, 0.2158941821610584
96.62342071533203, 0.2159014303310928
96.71137237548828, 0.2158911545404846
96.79932403564453, 0.21588665239856034
96.88727569580078, 0.215894173210221
96.97522735595703, 0.21589294599461326
97.06317901611328, 0.21587917085223732
97.15113067626953, 0.21588834670913154
97.23908233642578, 0.2158878144050814
97.32703399658203, 0.21587620242858868
97.41498565673828, 0.21587694637893232
97.50293731689453, 0.21588344163511172
97.59088897705078, 0.2158734586725629
97.67884063720703, 0.21587142771826304
97.76679229736328, 0.2158787123766746
97.85474395751953, 0.21586787421418593
97.94269561767578, 0.2158630038831931
98.03064727783203, 0.21587081896158875
98.11859893798828, 0.21586977149931516
98.20655059814453, 0.21585600473258698
98.29450225830078, 0.21586519510493626
98.38245391845703, 0.21586486173991903
98.47040557861328, 0.21585356555383847
98.55835723876953, 0.2158539532308067
98.64630889892578, 0.21585995611462305
98.73426055908203, 0.21585017286011188
98.82221221923828, 0.21584845396454766
98.91016387939453, 0.2158557860847767
98.99811553955078, 0.21584492786839105
99.08606719970703, 0.2158401814102579
99.17401885986328, 0.21584830101039673
99.26197052001953, 0.2158470389705872
99.34992218017578, 0.21583269827100066
99.43787384033203, 0.215841849083492
99.52582550048828, 0.2158418445886003
99.61377716064453, 0.21583067619815605
99.70172882080078, 0.21583114067155384
99.78968048095703, 0.2158372116562642
99.87763214111328, 0.2158277502909183
99.96558380126953, 0.21582610368003294
100.05353546142578, 0.21583282733941117
100.14148712158203, 0.21582179979267685
100.22943878173828, 0.21581732093197262
100.31739044189453, 0.21582557144715062
100.40534210205078, 0.21582431108570535
100.49329376220703, 0.21581001747000658
100.58124542236328, 0.2158193082476766
100.66919708251953, 0.21581934529989583
100.75714874267578, 0.21580766526061798
100.84510040283203, 0.2158075928201173
100.93305206298828, 0.21581386249555518
101.02100372314453, 0.2158045825919301
101.10895538330078, 0.21580295843698288
101.19690704345703, 0.21580968457840619
101.28485870361328, 0.2157988192091253
101.37281036376953, 0.21579468371035856
101.46076202392578, 0.21580256020633123
101.54871368408203, 0.2158007726590282
101.63666534423828, 0.21578672063758603
101.72461700439453, 0.215796468705171
101.81256866455078, 0.2157964346109529
101.90052032470703, 0.21578467279217436
101.98847198486328, 0.21578470570166175
102.07642364501953, 0.21579126261938275
102.16437530517578, 0.2157817821330156
102.25232696533203, 0.21577954293613089
102.34027862548828, 0.21578618862854698
102.42823028564453, 0.21577515817716483
102.51618194580078, 0.21577155207546164
102.60413360595703, 0.2157793857741359
102.69208526611328, 0.21577766539734589
102.78003692626953, 0.21576379131223328
102.86798858642578, 0.21577339703796505
102.95594024658203, 0.21577290400340246
103.04389190673828, 0.21576087021576812
103.13184356689453, 0.2157614116299467
103.21979522705078, 0.21576809790118484
103.30774688720703, 0.2157585104315738
103.39569854736328, 0.21575629920362951
103.48365020751953, 0.21576311708471407
103.57160186767578, 0.21575212775391106
103.65955352783203, 0.21574815207388484
103.74750518798828, 0.21575553444036233
103.83545684814453, 0.2157540701202028
103.92340850830078, 0.21574053688819927
104.01136016845703, 0.21575002566672163
104.09931182861328, 0.21574952569235475
104.18726348876953, 0.21573763251397118
104.27521514892578, 0.21573843265063025
104.36316680908203, 0.21574485852680333
104.45111846923828, 0.21573483906547058
104.53907012939453, 0.2157327802859082
104.62702178955078, 0.2157400976685025
104.71497344970703, 0.21572842709335183
104.80292510986328, 0.2157250580558477
104.89087677001953, 0.21573258116367638
104.97882843017578, 0.21573131624478362
105.06678009033203, 0.2157179179360068
105.15473175048828, 0.21572674946098372
105.24268341064453, 0.21572611678107564
105.33063507080078, 0.21571471078635868
105.41858673095703, 0.21571554115355054
105.50653839111328, 0.2157218593790833
105.59449005126953, 0.2157118584128388
105.68244171142578, 0.21571001422655497
105.77039337158203, 0.2157172446240377
105.85834503173828, 0.21570610528525236
105.94629669189453, 0.21570026828521352
106.03424835205078, 0.21570948548127078
106.12220001220703, 0.21570834354623006
106.21015167236328, 0.21569479851142537
106.29810333251953, 0.21570351838557453
106.38605499267578, 0.21570301420129973
106.47400665283203, 0.21569174392268364
106.56195831298828, 0.21569230250020552
106.64990997314453, 0.21569813626302245
106.73786163330078, 0.21568850362988912
106.82581329345703, 0.2156870660401716
106.91376495361328, 0.21569419821141542
107.00171661376953, 0.2156829379860005
107.08966827392578, 0.21567726867121886
107.17761993408203, 0.21568682598921213
107.26557159423828, 0.21568550450020071
107.35352325439453, 0.2156715760801433
107.44147491455078, 0.21568037886225333
107.52942657470703, 0.21568036380921893
107.61737823486328, 0.21566904617185395
107.70532989501953, 0.2156695901852146
107.79328155517578, 0.21567531022349762
107.88123321533203, 0.21566599007099382
107.96918487548828, 0.21566442208404996
108.05713653564453, 0.21567106987543394
108.14508819580078, 0.21565962174390618
108.23303985595703, 0.21565505154330236
108.32099151611328, 0.2156641118706551
108.40894317626953, 0.2156625418567232
108.49689483642578, 0.2156486408089285
108.58484649658203, 0.2156577306186329
108.67279815673828, 0.21565775838227505
108.76074981689453, 0.2156460581665065
108.84870147705078, 0.21564628137771705
108.93665313720703, 0.21565231479419397
109.02460479736328, 0.21564343797881128
109.11255645751953, 0.21564159965830554
109.20050811767578, 0.21564803871719748
109.28845977783203, 0.21563668180138676
109.37641143798828, 0.21563186762786224
109.46436309814453, 0.21564112766548274
109.55231475830078, 0.21563925254166558
109.64026641845703, 0.21562559844378637
109.72821807861328, 0.2156349382816767
109.81616973876953, 0.2156347570247519
109.90412139892578, 0.21562276359160376
109.99207305908203, 0.21562321097262468
110.08002471923828, 0.21562949269195247
110.16797637939453, 0.2156203574638657
110.25592803955078, 0.21561817746032502
110.34387969970703, 0.2156246456317402
110.43183135986328, 0.21561421145785414
110.51978302001953, 0.2156103640957394
110.60773468017578, 0.21561780151885085
110.69568634033203, 0.21561614800078605
110.78363800048828, 0.21560294837343605
110.87158966064453, 0.2156122369299966
110.95954132080078, 0.21561175960151935
111.04749298095703, 0.2155997730013804
111.13544464111328, 0.21560065086397623
111.22339630126953, 0.21560698638741163
111.31134796142578, 0.2155975512272192
111.39929962158203, 0.21559532720282767
111.48725128173828, 0.21560215029079777
111.57520294189453, 0.21559170857097154
111.66315460205078, 0.21558680775503775
111.75110626220703, 0.2155949464600687
111.83905792236328, 0.21559354291197305
111.92700958251953, 0.21558057034977843
112.01496124267578, 0.21558952928919767
112.10291290283203, 0.21558885104265005
112.19086456298828, 0.21557714505043613
112.27881622314453, 0.21557827239610788
112.36676788330078, 0.21558429686943956
112.45471954345703, 0.21557454243529628
112.54267120361328, 0.21557250502389858
112.63062286376953, 0.21557952165036257
112.71857452392578, 0.21556889587501415
112.80652618408203, 0.2155645363512678
112.89447784423828, 0.21557203191431004
112.98242950439453, 0.21557100682095987
113.07038116455078, 0.21555763230280736
113.15833282470703, 0.21556603803978922
113.24628448486328, 0.2155655209129807
113.33423614501953, 0.21555418130269913
113.42218780517578, 0.2155552115784463
113.51013946533203, 0.21556091171903582
113.59809112548828, 0.21555124192064085
113.68604278564453, 0.21554976726441138
113.77399444580078, 0.2155565033564199
113.86194610595703, 0.2155452651018155
113.94989776611328, 0.21554091353096982
114.03784942626953, 0.2155486186348951
114.12580108642578, 0.21554761167406317
114.21375274658203, 0.21553429255868803
114.30170440673828, 0.21554277168253833
114.38965606689453, 0.21554259043001306
114.47760772705078, 0.21553115551221874
114.56555938720703, 0.21553167020127018
114.65351104736328, 0.21553719598725804
114.74146270751953, 0.21552788526176833
114.82941436767578, 0.21552653775054778
114.91736602783203, 0.2155332918368264
115.00531768798828, 0.21552216950845335
115.09326934814453, 0.2155183495017678
115.18122100830078, 0.21552665925635983
115.26917266845703, 0.2155234888680082
115.35712432861328, 0.21551057988155678
115.44507598876953, 0.21551965101065299
115.53302764892578, 0.21551964740746235
115.62097930908203, 0.21550824635471225
115.70893096923828, 0.21550882578075645
115.79688262939453, 0.21551459301155884
115.88483428955078, 0.21550556877979696
115.97278594970703, 0.21550383809836768
116.06073760986328, 0.21551008800631116
116.14868927001953, 0.21549918832447848
116.23664093017578, 0.2154955859177781
116.32459259033203, 0.21550393530258266
116.41254425048828, 0.21550072991020858
116.50049591064453, 0.21548804636016866
116.58844757080078, 0.2154973117810408
116.67639923095703, 0.21549706392109025
116.76435089111328, 0.21548506558250208
116.85230255126953, 0.2154856630195338
116.94025421142578, 0.21549176481065496
117.02820587158203, 0.21548283312932986
117.11615753173828, 0.21548114881494834
117.20410919189453, 0.21548742951561933
117.29206085205078, 0.21547678861013633
117.38001251220703, 0.2154731522386714
117.46796417236328, 0.21548089947198096
117.55591583251953, 0.21547748889231672
117.64386749267578, 0.2154651891839658
117.73181915283203, 0.21547466620332054
117.81977081298828, 0.21547449689476164
117.90772247314453, 0.21546256014877802
117.99567413330078, 0.21546335906696307
118.08362579345703, 0.21546953328968843
118.17157745361328, 0.21545993026059032
118.25952911376953, 0.21545772985766387
118.34748077392578, 0.21546428431928535
118.43543243408203, 0.21545386014857618
118.52338409423828, 0.21545011620909574
118.61133575439453, 0.21545786202978928
118.69928741455078, 0.2154546355285575
118.78723907470703, 0.21544264073486274
118.87519073486328, 0.215451676138335
118.96314239501953, 0.21545083931063497
119.05109405517578, 0.21543901968013296
119.13904571533203, 0.21544027684753242
119.22699737548828, 0.21544645542576413
119.31494903564453, 0.21543675035787901
119.40290069580078, 0.2154347746847117
119.49085235595703, 0.21544165349207206
119.57880401611328, 0.21543113305494072
119.66675567626953, 0.21542699266794263
119.75470733642578, 0.2154347258628425
119.84265899658203, 0.2154319108199099
119.93061065673828, 0.2154198101913639
120.01856231689453, 0.21542870885017495
120.10651397705078, 0.21542786135883563
120.19446563720703, 0.21541612653158856
120.28241729736328, 0.21541728815650446
120.37036895751953, 0.21542378964465542
120.45832061767578, 0.2154131194162124
120.54627227783203, 0.21541170108493843
120.63422393798828, 0.21541876298857066
120.72217559814453, 0.21540836568378383
120.81012725830078, 0.2154036603756499
120.89807891845703, 0.21541212217710193
120.98603057861328, 0.2154094077636966
121.07398223876953, 0.21539712012052217
121.16193389892578, 0.21540613564827518
121.24988555908203, 0.2154041434236883
121.33783721923828, 0.21539356472657512
121.42578887939453, 0.21539483620564864
121.51374053955078, 0.21540127152955052
121.60169219970703, 0.21539062925876198
121.68964385986328, 0.21538933441547709
121.77759552001953, 0.21539595501330067
121.86554718017578, 0.21538496227720416
121.95349884033203, 0.21538018740611198
122.04145050048828, 0.21538905543690504
122.12940216064453, 0.215386206933926
122.21735382080078, 0.21537379385111405
122.30530548095703, 0.21538282518048016
122.39325714111328, 0.21538094467922347
122.48120880126953, 0.21537008808552227
122.56916046142578, 0.2153708292483366
122.65711212158203, 0.21537708182605336
122.74506378173828, 0.21536694142141946
122.83301544189453, 0.21536572765631354
122.92096710205078, 0.21537233510253093
123.00891876220703, 0.21536112726222045
123.09687042236328, 0.21535691892003053
123.18482208251953, 0.21536582652434136
123.27277374267578, 0.2153625834212445
123.36072540283203, 0.21534990390202174
123.44867706298828, 0.21535939130315218
123.53662872314453, 0.21535774285803563
123.62458038330078, 0.21534682155264545
123.71253204345703, 0.21534758616856406
123.80048370361328, 0.21535408454440297
123.88843536376953, 0.21534425090799877
123.97638702392578, 0.2153430039177983
124.06433868408203, 0.2153494623475453
124.15229034423828, 0.2153387609611319
124.24024200439453, 0.2153352160808326
124.32819366455078, 0.21534412091711289
124.41614532470703, 0.21534093965119322
124.50409698486328, 0.21532855110113347
124.59204864501953, 0.21533847272701231
124.68000030517578, 0.21533588410172894
124.76795196533203, 0.2153224690046432
124.85590362548828, 0.21533165441844865
124.94385528564453, 0.2153316841894829
125.03180694580078, 0.2153198643441906
125.11975860595703, 0.21532011045502442
125.20771026611328, 0.2153261735731687
125.29566192626953, 0.2153168098664868
125.38361358642578, 0.21531507508202002
125.47156524658203, 0.21532206723415676
125.55951690673828, 0.215311251165493
125.64746856689453, 0.21530720098857165
125.73542022705078, 0.21531555924533552
125.82337188720703, 0.2153141184873833
125.91132354736328, 0.21529979676870853
125.99927520751953, 0.2153093408125967
126.08722686767578, 0.21530948113695564
126.17517852783203, 0.21529766563223704
126.26313018798828, 0.21529746640566255
126.35108184814453, 0.21530378785570622
126.43903350830078, 0.21529441586338835
126.52698516845703, 0.21529219885919915
126.61493682861328, 0.2152985937688395
126.70288848876953, 0.21528773761993977
126.79084014892578, 0.21528356514131036
126.87879180908203, 0.21529138047778912
126.96674346923828, 0.21528954327359234
127.05469512939453, 0.21527538097482235
127.14264678955078, 0.2152851252252414
127.23059844970703, 0.21528502356583634
127.31855010986328, 0.215272976536051
127.40650177001953, 0.21527311740829572
127.49445343017578, 0.2152798535515447
127.58240509033203, 0.21527038190590053
127.67035675048828, 0.21526805412615024
127.75830841064453, 0.2152747929237353
127.84626007080078, 0.2152643798668428
127.93421173095703, 0.21526019112166925
128.0221710205078, 0.21526778252875356
128.11012268066406, 0.2152660510202595
128.1980743408203, 0.21525227875427932
128.28602600097656, 0.21526201046817228
128.3739776611328, 0.21526164955969815
128.46192932128906, 0.21524966751288374
128.5498809814453, 0.21525031653935275
128.63783264160156, 0.21525718082234885
128.7257843017578, 0.21524753165352045
128.81373596191406, 0.2152452626025637
128.9016876220703, 0.21525236960898578
128.98963928222656, 0.2152422301380305
129.0775909423828, 0.2152376990570125
129.16554260253906, 0.21524511450212916
129.2534942626953, 0.21524366532581723
129.34144592285156, 0.21523006345694273
129.4293975830078, 0.21523943113869776
129.51734924316406, 0.21523883546099964
129.6053009033203, 0.21522723920674044
129.69325256347656, 0.2152278901975812
129.7812042236328, 0.21523402778333278
129.86915588378906, 0.21522394185829236
129.9571075439453, 0.21522194965402844
130.04505920410156, 0.2152292084414417
130.1330108642578, 0.21521869029422916
130.22096252441406, 0.21521387088238747
130.3089141845703, 0.21522160683745672
130.39686584472656, 0.21522051225548386
130.4848175048828, 0.21520649988690196
130.57276916503906, 0.21521542329986448
130.6607208251953, 0.2152150026102335
130.74867248535156, 0.21520370833112124
130.8366241455078, 0.21520439217903295
130.92457580566406, 0.21521055069165104
131.0125274658203, 0.21520067665982806
131.10047912597656, 0.21519912448880454
131.1884307861328, 0.21520617038227324
131.27638244628906, 0.21519452270625222
131.3643341064453, 0.2151903093994493
131.45228576660156, 0.21519836120325708
131.5402374267578, 0.215197346578397
131.62818908691406, 0.21518333223726133
131.7161407470703, 0.2151923465290054
131.80409240722656, 0.2151922751321046
131.8920440673828, 0.2151809333195521
131.97999572753906, 0.21518115962473855
132.0679473876953, 0.2151872356111773
132.15589904785156, 0.21517776012107628
132.2438507080078, 0.2151763362383989
132.33180236816406, 0.21518339049023644
132.4197540283203, 0.21517175747117948
132.50770568847656, 0.215167857446021
132.5956573486328, 0.21517600497832295
132.68360900878906, 0.21517443338901143
132.7715606689453, 0.21516006519557482
132.85951232910156, 0.21516939186797646
132.9474639892578, 0.2151694939689887
133.03541564941406, 0.21515812595303943
133.1233673095703, 0.21515833485201977
133.21131896972656, 0.2151645064744897
133.2992706298828, 0.21515519790613863
133.38722229003906, 0.21515325521843381
133.4751739501953, 0.21515970199484183
133.56312561035156, 0.21514815003488086
133.6510772705078, 0.2151444472378679
133.73902893066406, 0.2151526106303797
133.8269805908203, 0.21515106040462018
133.91493225097656, 0.21513688143476958
134.0028839111328, 0.21514644837905744
134.09083557128906, 0.21514627427429814
134.1787872314453, 0.2151342666973492
134.26673889160156, 0.21513447163806806
134.3546905517578, 0.21514094635507225
134.44264221191406, 0.21513172739169728
134.5305938720703, 0.21512988111583822
134.61854553222656, 0.2151364719037334
134.7064971923828, 0.21512573692149783
134.79444885253906, 0.21512074800301173
134.8824005126953, 0.21512992562155578
134.97035217285156, 0.21512828914408183
135.0583038330078, 0.21511497232206198
135.14625549316406, 0.21512446377986105
135.2342071533203, 0.21512424778979894
135.32215881347656, 0.21511230629611036
135.4101104736328, 0.21511277999642367
135.49806213378906, 0.21511931852427824
135.5860137939453, 0.21510955671675866
135.67396545410156, 0.21510725350521404
135.7619171142578, 0.21511417238560074
135.84986877441406, 0.2151034726138307
135.9378204345703, 0.21509817546414833
136.02577209472656, 0.21510712450887115
136.1137237548828, 0.21510539274769125
136.20167541503906, 0.21509207936742022
136.2896270751953, 0.21510111436406787
136.37757873535156, 0.2151004290870305
136.4655303955078, 0.21508870737146424
136.55348205566406, 0.2150896668765263
136.6414337158203, 0.21509604861177617
136.72938537597656, 0.21508645195963075
136.8173370361328, 0.21508426819933307
136.90528869628906, 0.21509143467000025
136.9932403564453, 0.21508049756346048
137.08119201660156, 0.21507531772790212
137.1691436767578, 0.21508364409296157
137.25709533691406, 0.2150823621061726
137.3450469970703, 0.21506904505395
137.43299865722656, 0.21507794666576205
137.5209503173828, 0.21507728047314356
137.60890197753906, 0.21506578499323672
137.6968536376953, 0.21506667886972883
137.78480529785156, 0.21507246919961506
137.8727569580078, 0.21506270289787785
137.96070861816406, 0.21506096541988168
138.0486602783203, 0.21506815386636838
138.13661193847656, 0.21505696992219325
138.2245635986328, 0.21505192297140668
138.31251525878906, 0.21506048754830157
138.4004669189453, 0.21505932374596093
138.48841857910156, 0.2150457250759403
138.5763702392578, 0.21505420505459655
138.66432189941406, 0.21505380601138557
138.7522735595703, 0.2150425487818784
138.84022521972656, 0.21504331711116834
138.9281768798828, 0.21504898835478262
139.01612854003906, 0.21503936134871043
139.1040802001953, 0.2150377923218624
139.19203186035156, 0.21504461296945254
139.2799835205078, 0.21503348034275602
139.36793518066406, 0.2150291842038583
139.4558868408203, 0.2150372426881683
139.54383850097656, 0.2150362152561246
139.6317901611328, 0.21502270210182653
139.71974182128906, 0.21503136514431503
139.8076934814453, 0.21503124754064482
139.89564514160156, 0.21501984311701342
139.9835968017578, 0.21502026166401583
140.07154846191406, 0.21502590443788067
140.1595001220703, 0.21501685074529764
140.24745178222656, 0.21501537084461914
140.3354034423828, 0.2150221291209908
140.42335510253906, 0.21501091013955606
140.5113067626953, 0.21500594627099648
140.59925842285156, 0.21501476482405235
140.6872100830078, 0.21501313367281577
140.77516174316406, 0.21499922668339147
140.8631134033203, 0.21500816626467165
140.95106506347656, 0.21500816353877475
141.0390167236328, 0.21499660281240307
141.12696838378906, 0.21499698776623213
141.2149200439453, 0.21500271499239199
141.30287170410156, 0.21499366834445285
141.3908233642578, 0.21499178183267703
141.47877502441406, 0.214998042453106
141.5667266845703, 0.2149872223839547
141.65467834472656, 0.21498355216673848
141.7426300048828, 0.21499126057921264
141.83058166503906, 0.21498958670537469
141.9185333251953, 0.21497616608300368
142.00648498535156, 0.21498544441656064
142.0944366455078, 0.21498524879410238
142.18238830566406, 0.2149732366251781
142.2703399658203, 0.2149737527257226
142.35829162597656, 0.21498000526717995
142.4462432861328, 0.21497084589815016
142.53419494628906, 0.21496874316537767
142.6221466064453, 0.2149751452423477
142.71009826660156, 0.21496462993076854
142.7980499267578, 0.21496084022761622
142.88600158691406, 0.2149682229809335
142.9739532470703, 0.2149666239866717
143.06190490722656, 0.21495370590929697
143.1498565673828, 0.21496305287652828
143.23780822753906, 0.21496276113454607
143.3257598876953, 0.21495093097885903
143.41371154785156, 0.21495202305437452
143.5016632080078, 0.21495841540008542
143.58961486816406, 0.21494899776507598
143.6775665283203, 0.21494683895569563
143.76551818847656, 0.21495355748186928
143.8534698486328, 0.21494318434208412
143.94142150878906, 0.21493920049122062
144.0293731689453, 0.2149467206315894
144.11732482910156, 0.21494361892923972
144.2052764892578, 0.21493147340125596
144.29322814941406, 0.21494054459846948
144.3811798095703, 0.21493976201634404
144.46913146972656, 0.21492797714785256
144.5570831298828, 0.21492916083157515
144.64503479003906, 0.21493522423307113
144.7329864501953, 0.21492555142004235
144.82093811035156, 0.21492370269231334
144.9088897705078, 0.21493079401739817
144.99684143066406, 0.2149202642016215
145.0847930908203, 0.2149161318667014
145.17274475097656, 0.21492384392362424
145.2606964111328, 0.21492104944855836
145.34864807128906, 0.21490883671344774
145.4365997314453, 0.21491748189086735
145.52455139160156, 0.21491668955442128
145.6125030517578, 0.21490518986190643
145.70045471191406, 0.21490625767207208
145.7884063720703, 0.21491187939453166
145.87635803222656, 0.21490203020489018
145.9643096923828, 0.2149004014723143
146.05226135253906, 0.21490731650324288
146.1402130126953, 0.21489635817896494
146.22816467285156, 0.21489212891231418
146.3161163330078, 0.2149003615219925
146.40406799316406, 0.21489744397195332
146.4920196533203, 0.21488471522744862
146.57997131347656, 0.2148933446819891
146.6679229736328, 0.21489301744541514
146.75587463378906, 0.21488171917391036
146.8438262939453, 0.21488249797257497
146.93177795410156, 0.214887927241735
147.0197296142578, 0.21487849960711136
147.10768127441406, 0.21487695633256415
147.1956329345703, 0.21488327481957975
147.28358459472656, 0.21487206713744772
147.3715362548828, 0.21486828782437245
147.45948791503906, 0.21487685515983151
147.5474395751953, 0.21487415297571713
147.63539123535156, 0.21486165473068597
147.7233428955078, 0.21487066305684663
147.81129455566406, 0.21487058897756905
147.8992462158203, 0.21485886409195593
147.98719787597656, 0.21485932513298267
148.0751495361328, 0.21486509860277475
148.16310119628906, 0.21485590227535611
148.2510528564453, 0.2148545214250064
148.33900451660156, 0.21486091543717026
148.4269561767578, 0.21484990475948212
148.51490783691406, 0.2148463481132043
148.6028594970703, 0.21485437677893476
148.69081115722656, 0.21485088077157413
148.7787628173828, 0.2148382492881903
148.86671447753906, 0.21484736235874807
148.9546661376953, 0.21484717865259698
149.04261779785156, 0.2148352197590193
149.1305694580078, 0.2148357060918899
149.21852111816406, 0.21484258199787853
149.3064727783203, 0.21483247951582052
149.39442443847656, 0.21483063267500857
149.4823760986328, 0.21483706764028196
149.57032775878906, 0.2148269092707983
149.6582794189453, 0.21482263930029005
149.74623107910156, 0.21483161738221343
149.8341827392578, 0.21482724006914997
149.92068481445312, 0.21482832741320468
149.9986114501953, 0.21482306615016505