0.000000 -62.608562 -0.006057
0.005000 -0.418455 -0.006057
0.010000 0.773622 -0.006057
0.015000 0.826324 -0.006057
0.020000 0.827404 -0.006057
0.025000 0.836061 -0.006057
0.030000 0.830637 -0.006057
0.035000 0.832338 -0.006057
0.040000 0.829595 -0.006057
0.045000 0.833318 -0.006057
0.050000 0.835755 -0.006057
0.055000 0.822348 -0.006057
0.060000 0.837218 -0.006057
0.065000 0.828392 -0.006057
0.070000 0.824033 -0.006057
0.075000 0.821827 -0.006057
0.080000 0.828093 -0.006057
0.085000 0.831556 -0.006057
0.090000 0.816793 -0.006057
0.095000 0.815537 -0.006057
0.100000 0.822631 -0.006057
0.105000 0.823029 -0.006057
0.110000 0.826822 -0.006057
0.115000 0.818210 -0.006057
0.120000 0.812748 -0.006057
0.125000 0.819137 -0.006057
0.130000 0.823589 -0.006057
0.135000 0.824385 -0.006057
0.140000 0.815314 -0.006057
0.145000 0.824791 -0.006057
0.150000 0.823083 -0.006057
0.155000 0.822187 -0.006057
0.160000 0.820654 -0.006057
0.165000 0.826446 -0.006057
0.170000 0.821597 -0.006057
0.175000 0.818004 -0.006057
0.180000 0.824998 -0.006057
0.185000 0.829342 -0.006057
0.190000 0.826622 -0.006057
0.195000 0.822600 -0.006057
0.200000 0.828162 -0.006057
0.205000 0.822999 -0.006057
0.210000 0.839003 -0.006057
0.215000 0.817421 -0.006057
0.220000 0.826247 -0.006057
0.225000 0.822807 -0.006057
0.230000 0.824868 -0.006057
0.235000 0.820325 -0.006057
0.240000 0.822983 -0.006057
0.245000 0.822570 -0.006057
0.250000 0.817345 -0.006057
0.255000 0.828362 -0.006057
0.260000 0.824079 -0.006057
0.265000 0.822922 -0.006057
0.270000 0.824608 -0.006057
0.275000 0.830001 -0.006057
0.280000 0.821168 -0.006057
0.285000 0.826025 -0.006057
0.290000 0.813422 -0.006057
0.295000 0.822968 -0.006057
0.300000 0.824408 -0.006057
0.305000 0.832905 -0.006057
0.310000 0.832407 -0.006057
0.315000 0.819819 -0.006057
0.320000 0.833625 -0.006057
0.325000 0.821198 -0.006057
0.330000 0.825688 -0.006057
0.335000 0.824615 -0.006057
0.340000 0.832299 -0.006057
0.345000 0.834605 -0.006057
0.350000 0.833533 -0.006057
0.355000 0.827595 -0.006057
0.360000 0.830737 -0.006057
0.365000 0.829396 -0.006057
0.370000 0.828162 -0.006057
0.375000 0.822271 -0.006057
0.380000 0.823658 -0.006057
0.385000 0.833778 -0.006057
0.390000 0.830874 -0.006057
0.395000 0.832054 -0.006057
0.400000 0.827419 -0.006057
0.405000 0.823152 -0.006057
0.410000 0.830009 -0.006057
0.415000 0.822271 -0.006057
0.420000 0.822010 -0.006057
0.425000 0.829358 -0.006057
0.430000 0.825856 -0.006057
0.435000 0.828714 -0.006057
0.440000 0.823267 -0.006057
0.445000 0.826439 -0.006057
0.450000 0.828791 -0.006057
0.455000 0.823382 -0.006057
0.460000 0.828829 -0.006057
0.465000 0.825910 -0.006057
0.470000 0.823512 -0.006057
0.475000 0.815583 -0.006057
0.480000 0.826645 -0.006057
0.485000 0.832430 -0.006057
0.490000 0.827297 -0.006057
0.495000 0.816571 -0.006057
0.500000 0.828423 -0.006057
0.505000 0.831733 -0.006057
0.510000 0.830124 -0.006057
0.515000 0.825236 -0.006057
0.520000 0.832100 -0.006057
0.525000 0.829587 -0.006057
0.530000 0.823933 -0.006057
0.535000 0.827151 -0.006057
0.540000 0.830997 -0.006057
0.545000 0.837785 -0.006057
0.550000 0.831334 -0.006057
0.555000 0.829718 -0.006057
0.560000 0.830767 -0.006057
0.565000 0.839945 -0.006057
0.570000 0.831227 -0.006057
0.575000 0.831664 -0.006057
0.580000 0.828775 -0.006057
0.585000 0.832552 -0.006057
0.590000 0.825833 -0.006057
0.595000 0.831916 -0.006057
0.600000 0.827442 -0.006057
0.605000 0.825443 -0.006057
0.610000 0.827113 -0.006057
0.615000 0.825925 -0.006057
0.620000 0.834835 -0.006057
0.625000 0.834958 -0.006057
0.630000 0.834383 -0.006057
0.635000 0.825979 -0.006057
0.640000 0.829764 -0.006057
0.645000 0.830438 0.189942
0.650000 0.829135 4.893919
0.655000 0.820195 4.697920
0.660000 0.831671 -0.006057
0.665000 0.875915 -0.006057
0.670000 1.113987 -0.006057
0.675000 1.743179 -0.006057
0.680000 2.756919 -0.006057
0.685000 3.953409 -0.006057
0.690000 5.199590 -0.006057
0.695000 6.484475 -0.006057
0.700000 7.735391 -0.006057
0.705000 8.941457 -0.006057
0.710000 10.046702 -0.006057
0.715000 11.065453 -0.006057
0.720000 11.968380 -0.006057
0.725000 12.753601 -0.006057
0.730000 13.425520 -0.006057
0.735000 13.965926 -0.006057
0.740000 14.401321 -0.006057
0.745000 14.721874 -0.006057
0.750000 14.935353 -0.006057
0.755000 15.042511 -0.006057
0.760000 15.049613 -0.006057
0.765000 14.964749 -0.006057
0.770000 14.811648 -0.006057
0.775000 14.582248 -0.006057
0.780000 14.298086 -0.006057
0.785000 13.927299 -0.006057
0.790000 13.485476 -0.006057
0.795000 12.979339 -0.006057
0.800000 12.417480 -0.006057
0.805000 11.826203 -0.006057
0.810000 11.192820 -0.006057
0.815000 10.544950 -0.006057
0.820000 9.902986 -0.006057
0.825000 9.289804 -0.006057
0.830000 8.685657 -0.006057
0.835000 8.114804 -0.006057
0.840000 7.570062 -0.006057
0.845000 7.084823 -0.006057
0.850000 6.600275 -0.006057
0.855000 6.163026 -0.006057
0.860000 5.749681 -0.006057
0.865000 5.359587 -0.006057
0.870000 5.007447 -0.006057
0.875000 4.681577 -0.006057
0.880000 4.373527 -0.006057
0.885000 4.084891 -0.006057
0.890000 3.826593 -0.006057
0.895000 3.581273 -0.006057
0.900000 3.358225 -0.006057
0.905000 3.147541 -0.006057
0.910000 2.956785 -0.006057
0.915000 2.788200 -0.006057
0.920000 2.623744 -0.006057
0.925000 2.491987 -0.006057
0.930000 2.362688 -0.006057
0.935000 2.242154 -0.006057
0.940000 2.139134 -0.006057
0.945000 2.054593 -0.006057
0.950000 1.957027 -0.006057
0.955000 1.866257 -0.006057
0.960000 1.790258 -0.006057
0.965000 1.728937 -0.006057
0.970000 1.659542 -0.006057
0.975000 1.603952 -0.006057
0.980000 1.550477 -0.006057
0.985000 1.504985 -0.006057
0.990000 1.459400 -0.006057
0.995000 1.412560 -0.006057
1.000000 1.369182 -0.006057
1.005000 1.339219 -0.006057
1.010000 1.316427 -0.006057
1.015000 1.271701 -0.006057
1.020000 1.242887 -0.006057
1.025000 1.219045 -0.006057
1.030000 1.197188 -0.006057
1.035000 1.168006 -0.006057
1.040000 1.147558 -0.006057
1.045000 1.126513 -0.006057
1.050000 1.119986 -0.006057
1.055000 1.097010 -0.006057
1.060000 1.074233 -0.006057
1.065000 1.053073 -0.006057
1.070000 1.034831 -0.006057
1.075000 1.029300 -0.006057
1.080000 1.009825 -0.006057
1.085000 1.006125 -0.006057
1.090000 0.989868 -0.006057
1.095000 0.983823 -0.006057
1.100000 0.975465 -0.006057
1.105000 0.963452 -0.006057
1.110000 0.945379 -0.006057
1.115000 0.941196 -0.006057
1.120000 0.924893 -0.006057
1.125000 0.913317 -0.006057
1.130000 0.915247 -0.006057
1.135000 0.904882 -0.006057
1.140000 0.895466 -0.006057
1.145000 0.887506 -0.006057
1.150000 0.892302 -0.006057
1.155000 0.876413 -0.006057
1.160000 0.877654 -0.006057
1.165000 0.869043 -0.006057
1.170000 0.869632 -0.006057
1.175000 0.860247 -0.006057
1.180000 0.859236 -0.006057
1.185000 0.842014 -0.006057
1.190000 0.837340 -0.006057
1.195000 0.834935 -0.006057
1.200000 0.835548 -0.006057
1.205000 0.835096 -0.006057
1.210000 0.829250 -0.006057
1.215000 0.820187 -0.006057
1.220000 0.810978 -0.006057
1.225000 0.814832 -0.006057
1.230000 0.807431 -0.006057
1.235000 0.808649 -0.006057
1.240000 0.800942 -0.006057
1.245000 0.801486 -0.006057
1.250000 0.797801 -0.006057
1.255000 0.790385 -0.006057
1.260000 0.785719 -0.006057
1.265000 0.783720 -0.006057
1.270000 0.780433 -0.006057
1.275000 0.783467 -0.006057
1.280000 0.780349 -0.006057
1.285000 0.774779 -0.006057
1.290000 0.773239 -0.006057
1.295000 0.767899 -0.006057
1.300000 0.770075 -0.006057
1.305000 0.770397 -0.006057
1.310000 0.758016 -0.006057
1.315000 0.759671 -0.006057
1.320000 0.763663 -0.006057
1.325000 0.765685 -0.006057
1.330000 0.757909 -0.006057
1.335000 0.751497 -0.006057
1.340000 0.755932 -0.006057
1.345000 0.749949 -0.006057
1.350000 0.742380 -0.006057
1.355000 0.743077 -0.006057
1.360000 0.742832 -0.006057
1.365000 0.740587 -0.006057
1.370000 0.736212 -0.006057
1.375000 0.738396 -0.006057
1.380000 0.729723 -0.006057
1.385000 0.744709 -0.006057
1.390000 0.740480 -0.006057
1.395000 0.730865 -0.006057
1.400000 0.731440 -0.006057
1.405000 0.730666 -0.006057
1.410000 0.733776 -0.006057
1.415000 0.726207 -0.006057
1.420000 0.723288 -0.006057
1.425000 0.721541 -0.006057
1.430000 0.718377 -0.006057
1.435000 0.718354 -0.006057
1.440000 0.722828 -0.006057
1.445000 0.723257 -0.006057
1.450000 0.729425 -0.006057
1.455000 0.724046 -0.006057
1.460000 0.720170 -0.006057
1.465000 0.709766 -0.006057
1.470000 0.713344 -0.006057
1.475000 0.714271 -0.006057
1.480000 0.709513 -0.006057
1.485000 0.724138 -0.006057
1.490000 0.704633 -0.006057
1.495000 0.703438 -0.006057
1.500000 0.704380 -0.006057
1.505000 0.706280 -0.006057
1.510000 0.701553 -0.006057
1.515000 0.695945 -0.006057
1.520000 0.697041 -0.006057
1.525000 0.706418 -0.006057
1.530000 0.702128 -0.006057
1.535000 0.699868 -0.006057
1.540000 0.698550 -0.006057
1.545000 0.690306 -0.006057
1.550000 0.697447 -0.006057
1.555000 0.686790 -0.006057
1.560000 0.691617 -0.006057
1.565000 0.689027 -0.006057
1.570000 0.696405 -0.006057
1.575000 0.688169 -0.006057
1.580000 0.691256 -0.006057
1.585000 0.686246 -0.006057
1.590000 0.692582 -0.006057
1.595000 0.678493 -0.006057
1.600000 0.679688 -0.006057
1.605000 0.676256 -0.006057
1.610000 0.675382 -0.006057
1.615000 0.677911 -0.006057
1.620000 0.682975 -0.006057
1.625000 0.686192 -0.006057
1.630000 0.674042 -0.006057
1.635000 0.674494 -0.006057
1.640000 0.672670 -0.006057
1.645000 0.675122 -0.006057
1.650000 0.672502 -0.006057
1.655000 0.672372 -0.006057
1.660000 0.676386 -0.006057
1.665000 0.676807 -0.006057
1.670000 0.678049 -0.006057
1.675000 0.668357 -0.006057
1.680000 0.676302 -0.006057
1.685000 0.675551 -0.006057
1.690000 0.683120 -0.006057
1.695000 0.677351 -0.006057
1.700000 0.670878 -0.006057
1.705000 0.667323 -0.006057
1.710000 0.672709 -0.006057
1.715000 0.661217 -0.006057
1.720000 0.663201 -0.006057
1.725000 0.667353 -0.006057
1.730000 0.670564 -0.006057
1.735000 0.667767 -0.006057
1.740000 0.665683 -0.006057
1.745000 0.670349 -0.006057
1.750000 0.665515 -0.006057
1.755000 0.666534 -0.006057
1.760000 0.662841 -0.006057
1.765000 0.667828 -0.006057
1.770000 0.659164 -0.006057
1.775000 0.658482 -0.006057
