0.000000 -63.264160 -0.006057
0.005000 -2.329851 -0.006057
0.010000 -1.152844 -0.006057
0.015000 -1.104908 -0.006057
0.020000 -1.103536 -0.006057
0.025000 -1.112117 -0.006057
0.030000 -1.110010 -0.006057
0.035000 -1.115710 -0.006057
0.040000 -1.113082 -0.006057
0.045000 -1.110217 -0.006057
0.050000 -1.115809 -0.006057
0.055000 -1.121433 -0.006057
0.060000 -1.109474 -0.006057
0.065000 -1.115618 -0.006057
0.070000 -1.111680 -0.006057
0.075000 -1.116775 -0.006057
0.080000 -1.113044 -0.006057
0.085000 -1.112362 -0.006057
0.090000 -1.108577 -0.006057
0.095000 -1.111190 -0.006057
0.100000 -1.110738 -0.006057
0.105000 -1.110033 -0.006057
0.110000 -1.106118 -0.006057
0.115000 -1.106378 -0.006057
0.120000 -1.114568 -0.006057
0.125000 -1.103567 -0.006057
0.130000 -1.107329 -0.006057
0.135000 -1.111481 -0.006057
0.140000 -1.114683 -0.006057
0.145000 -1.116606 -0.006057
0.150000 -1.113320 -0.006057
0.155000 -1.111305 -0.006057
0.160000 -1.113932 -0.006057
0.165000 -1.113994 -0.006057
0.170000 -1.108562 -0.006057
0.175000 -1.116997 -0.006057
0.180000 -1.108608 -0.006057
0.185000 -1.110623 -0.006057
0.190000 -1.104693 -0.006057
0.195000 -1.112576 -0.006057
0.200000 -1.116514 -0.006057
0.205000 -1.109734 -0.006057
0.210000 -1.109022 -0.006057
0.215000 -1.114262 -0.006057
0.220000 -1.118138 -0.006057
0.225000 -1.116407 -0.006057
0.230000 -1.113366 -0.006057
0.235000 -1.109703 -0.006057
0.240000 -1.108677 -0.006057
0.245000 -1.107826 -0.006057
0.250000 -1.108110 -0.006057
0.255000 -1.112071 -0.006057
0.260000 -1.123769 -0.006057
0.265000 -1.117579 -0.006057
0.270000 -1.110278 -0.006057
0.275000 -1.112178 -0.006057
0.280000 -1.116813 -0.006057
0.285000 -1.114553 -0.006057
0.290000 -1.100602 -0.006057
0.295000 -1.103000 -0.006057
0.300000 -1.109205 -0.006057
0.305000 -1.108179 -0.006057
0.310000 -1.108692 -0.006057
0.315000 -1.114178 -0.006057
0.320000 -1.112193 -0.006057
0.325000 -1.113059 -0.006057
0.330000 -1.105950 -0.006057
0.335000 -1.108217 -0.006057
0.340000 -1.116691 -0.006057
0.345000 -1.115166 -0.006057
0.350000 -1.111964 -0.006057
0.355000 -1.107643 -0.006057
0.360000 -1.124114 -0.006057
0.365000 -1.104624 -0.006057
0.370000 -1.112178 -0.006057
0.375000 -1.113473 -0.006057
0.380000 -1.119487 -0.006057
0.385000 -1.110178 -0.006057
0.390000 -1.116591 -0.006057
0.395000 -1.109336 -0.006057
0.400000 -1.110370 -0.006057
0.405000 -1.118184 -0.006057
0.410000 -1.109681 -0.006057
0.415000 -1.115718 -0.006057
0.420000 -1.102241 -0.006057
0.425000 -1.112569 -0.006057
0.430000 -1.105099 -0.006057
0.435000 -1.117204 -0.006057
0.440000 -1.115465 -0.006057
0.445000 -1.110516 -0.006057
0.450000 -1.110094 -0.006057
0.455000 -1.108125 -0.006057
0.460000 -1.110883 -0.006057
0.465000 -1.107512 -0.006057
0.470000 -1.109872 -0.006057
0.475000 -1.109573 -0.006057
0.480000 -1.105681 -0.006057
0.485000 -1.107390 -0.006057
0.490000 -1.103076 -0.006057
0.495000 -1.109267 -0.006057
0.500000 -1.103582 -0.006057
0.505000 -1.096917 -0.006057
0.510000 -1.113366 -0.006057
0.515000 -1.109918 -0.006057
0.520000 -1.114024 -0.006057
0.525000 -1.101337 -0.006057
0.530000 -1.102916 -0.006057
0.535000 -1.105030 -0.006057
0.540000 -1.107512 -0.006057
0.545000 -1.105551 -0.006057
0.550000 -1.105911 -0.006057
0.555000 -1.108026 -0.006057
0.560000 -1.107658 -0.006057
0.565000 -1.103996 -0.006057
0.570000 -1.102885 -0.006057
0.575000 -1.117840 -0.006057
0.580000 -1.105337 -0.006057
0.585000 -1.106838 -0.006057
0.590000 -1.110094 -0.006057
0.595000 -1.117533 -0.006057
0.600000 -1.113932 -0.006057
0.605000 -1.107283 -0.006057
0.610000 -1.106455 -0.006057
0.615000 -1.106011 -0.006057
0.620000 -1.110217 -0.006057
0.625000 -1.109811 -0.006057
0.630000 -1.109665 -0.006057
0.635000 -1.103590 -0.006057
0.640000 -1.110186 -0.006057
0.645000 -1.100786 0.113954
0.650000 -1.110401 2.994223
0.655000 -1.101652 2.874212
0.660000 -1.109405 -0.006057
0.665000 -1.100349 -0.006057
0.670000 -1.063981 -0.006057
0.675000 -0.935533 -0.006057
0.680000 -0.698894 -0.006057
0.685000 -0.404519 -0.006057
0.690000 -0.086027 -0.006057
0.695000 0.225792 -0.006057
0.700000 0.544276 -0.006057
0.705000 0.836911 -0.006057
0.710000 1.124789 -0.006057
0.715000 1.376184 -0.006057
0.720000 1.609844 -0.006057
0.725000 1.813640 -0.006057
0.730000 2.016907 -0.006057
0.735000 2.174958 -0.006057
0.740000 2.295139 -0.006057
0.745000 2.419688 -0.006057
0.750000 2.506604 -0.006057
0.755000 2.583362 -0.006057
0.760000 2.614114 -0.006057
0.765000 2.638821 -0.006057
0.770000 2.646391 -0.006057
0.775000 2.627828 -0.006057
0.780000 2.588640 -0.006057
0.785000 2.537632 -0.006057
0.790000 2.467915 -0.006057
0.795000 2.378647 -0.006057
0.800000 2.272960 -0.006057
0.805000 2.169771 -0.006057
0.810000 2.042970 -0.006057
0.815000 1.893883 -0.006057
0.820000 1.750197 -0.006057
0.825000 1.593027 -0.006057
0.830000 1.448001 -0.006057
0.835000 1.290432 -0.006057
0.840000 1.149290 -0.006057
0.845000 1.006217 -0.006057
0.850000 0.870169 -0.006057
0.855000 0.733431 -0.006057
0.860000 0.613924 -0.006057
0.865000 0.501802 -0.006057
0.870000 0.386432 -0.006057
0.875000 0.287917 -0.006057
0.880000 0.196219 -0.006057
0.885000 0.112076 -0.006057
0.890000 0.037885 -0.006057
0.895000 -0.044611 -0.006057
0.900000 -0.112964 -0.006057
0.905000 -0.172599 -0.006057
0.910000 -0.236440 -0.006057
0.915000 -0.292122 -0.006057
0.920000 -0.363708 -0.006057
0.925000 -0.409913 -0.006057
0.930000 -0.445139 -0.006057
0.935000 -0.489383 -0.006057
0.940000 -0.533174 -0.006057
0.945000 -0.569052 -0.006057
0.950000 -0.601765 -0.006057
0.955000 -0.638569 -0.006057
0.960000 -0.661714 -0.006057
0.965000 -0.696933 -0.006057
0.970000 -0.718376 -0.006057
0.975000 -0.736602 -0.006057
0.980000 -0.755135 -0.006057
0.985000 -0.774081 -0.006057
0.990000 -0.788936 -0.006057
0.995000 -0.812609 -0.006057
1.000000 -0.826997 -0.006057
1.005000 -0.838497 -0.006057
1.010000 -0.851076 -0.006057
1.015000 -0.862698 -0.006057
1.020000 -0.877392 -0.006057
1.025000 -0.884694 -0.006057
1.030000 -0.891696 -0.006057
1.035000 -0.903517 -0.006057
1.040000 -0.922563 -0.006057
1.045000 -0.922563 -0.006057
1.050000 -0.933871 -0.006057
1.055000 -0.934338 -0.006057
1.060000 -0.943110 -0.006057
1.065000 -0.948067 -0.006057
1.070000 -0.948274 -0.006057
1.075000 -0.952488 -0.006057
1.080000 -0.965136 -0.006057
1.085000 -0.962447 -0.006057
1.090000 -0.967128 -0.006057
1.095000 -0.983868 -0.006057
1.100000 -0.981692 -0.006057
1.105000 -0.991552 -0.006057
1.110000 -0.985684 -0.006057
1.115000 -0.989507 -0.006057
1.120000 -0.986266 -0.006057
1.125000 -0.999451 -0.006057
1.130000 -0.995973 -0.006057
1.135000 -0.997704 -0.006057
1.140000 -0.999543 -0.006057
1.145000 -0.997589 -0.006057
1.150000 -1.003075 -0.006057
1.155000 -1.000439 -0.006057
1.160000 -1.002960 -0.006057
1.165000 -1.008215 -0.006057
1.170000 -1.013134 -0.006057
1.175000 -1.009066 -0.006057
1.180000 -1.020397 -0.006057
1.185000 -1.013394 -0.006057
1.190000 -1.017524 -0.006057
1.195000 -1.018451 -0.006057
1.200000 -1.023155 -0.006057
1.205000 -1.015172 -0.006057
1.210000 -1.020014 -0.006057
1.215000 -1.019707 -0.006057
1.220000 -1.023162 -0.006057
1.225000 -1.022044 -0.006057
1.230000 -1.025047 -0.006057
1.235000 -1.029222 -0.006057
1.240000 -1.020443 -0.006057
1.245000 -1.023875 -0.006057
1.250000 -1.022756 -0.006057
1.255000 -1.031291 -0.006057
1.260000 -1.034087 -0.006057
1.265000 -1.031222 -0.006057
1.270000 -1.030088 -0.006057
1.275000 -1.032172 -0.006057
1.280000 -1.026932 -0.006057
1.285000 -1.038324 -0.006057
1.290000 -1.032501 -0.006057
1.295000 -1.031283 -0.006057
1.300000 -1.039205 -0.006057
1.305000 -1.036700 -0.006057
1.310000 -1.041381 -0.006057
1.315000 -1.033153 -0.006057
1.320000 -1.041955 -0.006057
1.325000 -1.043518 -0.006057
1.330000 -1.046966 -0.006057
1.335000 -1.037504 -0.006057
1.340000 -1.048452 -0.006057
1.345000 -1.047732 -0.006057
1.350000 -1.046989 -0.006057
1.355000 -1.045824 -0.006057
1.360000 -1.049065 -0.006057
1.365000 -1.055952 -0.006057
1.370000 -1.049088 -0.006057
1.375000 -1.050314 -0.006057
1.380000 -1.050674 -0.006057
1.385000 -1.056190 -0.006057
1.390000 -1.049494 -0.006057
1.395000 -1.052206 -0.006057
1.400000 -1.044759 -0.006057
1.405000 -1.046935 -0.006057
1.410000 -1.041925 -0.006057
1.415000 -1.043970 -0.006057
1.420000 -1.045303 -0.006057
1.425000 -1.040737 -0.006057
1.430000 -1.043580 -0.006057
1.435000 -1.052221 -0.006057
1.440000 -1.051631 -0.006057
1.445000 -1.051310 -0.006057
1.450000 -1.054198 -0.006057
1.455000 -1.059239 -0.006057
1.460000 -1.063108 -0.006057
1.465000 -1.065667 -0.006057
1.470000 -1.074347 -0.006057
1.475000 -1.062449 -0.006057
1.480000 -1.063591 -0.006057
1.485000 -1.066647 -0.006057
1.490000 -1.068432 -0.006057
1.495000 -1.069620 -0.006057
1.500000 -1.071060 -0.006057
1.505000 -1.066847 -0.006057
1.510000 -1.064196 -0.006057
1.515000 -1.068509 -0.006057
1.520000 -1.067797 -0.006057
1.525000 -1.074937 -0.006057
1.530000 -1.065276 -0.006057
1.535000 -1.065085 -0.006057
1.540000 -1.069520 -0.006057
1.545000 -1.067069 -0.006057
1.550000 -1.072179 -0.006057
1.555000 -1.066908 -0.006057
1.560000 -1.080522 -0.006057
1.565000 -1.070432 -0.006057
1.570000 -1.067306 -0.006057
1.575000 -1.056205 -0.006057
1.580000 -1.064395 -0.006057
1.585000 -1.068057 -0.006057
1.590000 -1.066732 -0.006057
1.595000 -1.064357 -0.006057
1.600000 -1.073113 -0.006057
1.605000 -1.062181 -0.006057
1.610000 -1.067896 -0.006057
1.615000 -1.063430 -0.006057
1.620000 -1.069635 -0.006057
1.625000 -1.073221 -0.006057
1.630000 -1.067827 -0.006057
1.635000 -1.072409 -0.006057
1.640000 -1.064793 -0.006057
1.645000 -1.070018 0.113954
1.650000 -1.067758 2.994223
1.655000 -1.067528 2.874212
1.660000 -1.065399 -0.006057
1.665000 -1.065667 -0.006057
1.670000 -1.024832 -0.006057
1.675000 -0.763501 -0.006057
1.680000 0.065266 -0.006057
1.685000 1.742789 -0.006057
1.690000 3.908346 -0.006057
1.695000 6.259779 -0.006057
1.700000 8.745774 -0.006057
1.705000 11.318172 -0.006057
1.710000 13.865412 -0.006057
1.715000 16.380373 -0.006057
1.720000 18.776886 -0.006057
1.725000 21.062769 -0.006057
1.730000 23.168776 -0.006057
1.735000 25.109163 -0.006057
1.740000 26.862501 -0.006057
1.745000 28.447475 -0.006057
1.750000 29.797497 -0.006057
1.755000 30.884859 -0.006057
1.760000 31.675896 -0.006057
1.765000 32.147636 -0.006057
1.770000 32.319820 -0.006057
1.775000 32.218586 -0.006057
1.780000 31.896332 -0.006057
1.785000 31.426186 -0.006057
1.790000 30.789692 -0.006057
1.795000 29.935551 -0.006057
1.800000 28.891888 -0.006057
1.805000 27.722725 -0.006057
1.810000 26.511539 -0.006057
1.815000 25.315226 -0.006057
1.820000 24.218439 -0.006057
1.825000 23.225975 -0.006057
1.830000 22.333887 -0.006057
1.835000 21.544584 -0.006057
1.840000 20.842325 -0.006057
1.845000 20.218235 -0.006057
1.850000 19.671722 -0.006057
1.855000 19.181973 -0.006057
1.860000 18.736778 -0.006057
1.865000 18.348417 -0.006057
1.870000 17.995081 -0.006057
1.875000 17.695774 -0.006057
1.880000 17.410286 -0.006057
1.885000 17.151834 -0.006057
1.890000 16.927736 -0.006057
1.895000 16.723879 -0.006057
1.900000 16.530548 -0.006057
1.905000 16.362400 -0.006057
1.910000 16.209452 -0.006057
1.915000 16.073006 -0.006057
1.920000 15.948403 -0.006057
1.925000 15.831746 -0.006057
1.930000 15.729400 -0.006057
1.935000 15.616750 -0.006057
1.940000 15.540069 -0.006057
1.945000 15.450808 -0.006057
1.950000 15.375606 -0.006057
1.955000 15.309512 -0.006057
1.960000 15.246920 -0.006057
1.965000 15.189070 -0.006057
1.970000 15.121851 -0.006057
1.975000 15.076358 -0.006057
1.980000 15.028667 -0.006057
1.985000 14.982516 -0.006057
1.990000 14.949703 -0.006057
1.995000 14.896404 -0.006057
2.000000 14.853953 -0.006057
2.005000 14.829920 -0.006057
2.010000 14.798119 -0.006057
2.015000 14.770300 -0.006057
2.020000 14.734492 -0.006057
2.025000 14.713140 -0.006057
2.030000 14.687897 -0.006057
2.035000 14.658661 -0.006057
2.040000 14.630177 -0.006057
2.045000 14.610602 -0.006057
2.050000 14.580762 -0.006057
2.055000 14.565961 -0.006057
2.060000 14.549404 -0.006057
2.065000 14.521993 -0.006057
2.070000 14.509650 -0.006057
2.075000 14.490275 -0.006057
2.080000 14.468073 -0.006057
2.085000 14.450108 -0.006057
2.090000 14.439397 -0.006057
2.095000 14.427629 -0.006057
2.100000 14.401114 -0.006057
2.105000 14.394816 -0.006057
2.110000 14.381907 -0.006057
2.115000 14.362318 -0.006057
2.120000 14.343265 -0.006057
2.125000 14.324356 -0.006057
2.130000 14.313577 -0.006057
2.135000 14.311677 -0.006057
2.140000 14.284013 -0.006057
2.145000 14.272704 -0.006057
2.150000 14.262836 -0.006057
2.155000 14.252027 -0.006057
2.160000 14.235303 -0.006057
2.165000 14.219750 -0.006057
2.170000 14.210082 -0.006057
2.175000 14.197249 -0.006057
2.180000 14.188700 -0.006057
2.185000 14.172802 -0.006057
2.190000 14.164551 -0.006057
2.195000 14.155771 -0.006057
2.200000 14.142380 -0.006057
2.205000 14.126077 -0.006057
2.210000 14.112095 -0.006057
2.215000 14.106364 -0.006057
2.220000 14.092061 -0.006057
2.225000 14.075038 -0.006057
2.230000 14.062297 -0.006057
2.235000 14.055295 -0.006057
2.240000 14.045787 -0.006057
2.245000 14.028411 -0.006057
2.250000 14.012989 -0.006057
2.255000 14.014277 -0.006057
2.260000 14.004278 -0.006057
2.265000 13.987432 -0.006057
2.270000 13.974668 -0.006057
2.275000 13.968991 -0.006057
2.280000 13.957415 -0.006057
2.285000 13.946612 -0.006057
2.290000 13.939633 -0.006057
2.295000 13.928003 -0.006057
2.300000 13.908298 -0.006057
2.305000 13.905464 -0.006057
2.310000 13.886518 -0.006057
2.315000 13.890479 -0.006057
2.320000 13.875485 -0.006057
2.325000 13.855352 -0.006057
2.330000 13.847538 -0.006057
2.335000 13.834215 -0.006057
2.340000 13.826431 -0.006057
2.345000 13.809101 -0.006057
2.350000 13.803662 -0.006057
2.355000 13.786930 -0.006057
2.360000 13.782011 -0.006057
2.365000 13.766183 -0.006057
2.370000 13.763227 -0.006057
2.375000 13.752837 -0.006057
2.380000 13.742227 -0.006057
2.385000 13.732053 -0.006057
2.390000 13.722499 -0.006057
2.395000 13.715091 -0.006057
2.400000 13.705070 -0.006057
2.405000 13.695287 -0.006057
2.410000 13.682500 -0.006057
2.415000 13.681687 -0.006057
2.420000 13.662872 -0.006057
2.425000 13.658559 -0.006057
2.430000 13.642056 -0.006057
2.435000 13.643497 -0.006057
2.440000 13.631576 -0.006057
2.445000 13.617540 -0.006057
2.450000 13.606524 -0.006057
2.455000 13.613265 -0.006057
2.460000 13.592856 -0.006057
2.465000 13.579748 -0.006057
2.470000 13.569826 -0.006057
2.475000 13.572179 -0.006057
2.480000 13.554940 -0.006057
2.485000 13.541932 -0.006057
2.490000 13.535742 -0.006057
2.495000 13.531398 -0.006057
2.500000 13.523331 -0.006057
2.505000 13.509510 -0.006057
2.510000 13.505212 -0.006057
2.515000 13.493551 -0.006057
2.520000 13.486135 -0.006057
2.525000 13.482052 -0.006057
2.530000 13.468583 -0.006057
2.535000 13.462708 -0.006057
2.540000 13.453108 -0.006057
2.545000 13.444228 -0.006057
2.550000 13.433004 -0.006057
2.555000 13.435441 -0.006057
2.560000 13.419391 -0.006057
2.565000 13.411201 -0.006057
2.570000 13.402007 -0.006057
2.575000 13.402253 -0.006057
2.580000 13.382977 -0.006057
2.585000 13.377254 -0.006057
2.590000 13.377929 -0.006057
2.595000 13.369034 -0.006057
2.600000 13.355396 -0.006057
2.605000 13.351481 -0.006057
2.610000 13.343262 -0.006057
2.615000 13.333547 -0.006057
2.620000 13.325679 -0.006057
2.625000 13.317719 -0.006057
2.630000 13.321511 -0.006057
2.635000 13.306787 -0.006057
2.640000 13.299784 -0.006057
2.645000 13.290514 0.113954
2.650000 13.280087 2.994223
2.655000 13.276931 2.874212
2.660000 13.263447 -0.006057
2.665000 13.253242 -0.006057
2.670000 13.248186 -0.006057
2.675000 13.251066 -0.006057
2.680000 13.338573 -0.006057
2.685000 13.560097 -0.006057
2.690000 13.830254 -0.006057
2.695000 14.159901 -0.006057
2.700000 14.485977 -0.006057
2.705000 14.832272 -0.006057
2.710000 15.169909 -0.006057
2.715000 15.491573 -0.006057
2.720000 15.802120 -0.006057
2.725000 16.070187 -0.006057
2.730000 16.311186 -0.006057
2.735000 16.540562 -0.006057
2.740000 16.711567 -0.006057
2.745000 16.857904 -0.006057
2.750000 16.958298 -0.006057
2.755000 17.025387 -0.006057
2.760000 17.052998 -0.006057
2.765000 17.040073 -0.006057
2.770000 16.994879 -0.006057
2.775000 16.922642 -0.006057
2.780000 16.805271 -0.006057
2.785000 16.667355 -0.006057
2.790000 16.513924 -0.006057
2.795000 16.333801 -0.006057
2.800000 16.129583 -0.006057
2.805000 15.900751 -0.006057
2.810000 15.658587 -0.006057
2.815000 15.393111 -0.006057
2.820000 15.126784 -0.006057
2.825000 14.843695 -0.006057
2.830000 14.556354 -0.006057
2.835000 14.264729 -0.006057
2.840000 13.968431 -0.006057
2.845000 13.668679 -0.006057
2.850000 13.374366 -0.006057
2.855000 13.078597 -0.006057
2.860000 12.780492 -0.006057
2.865000 12.504236 -0.006057
2.870000 12.207440 -0.006057
2.875000 11.916329 -0.006057
2.880000 11.619427 -0.006057
2.885000 11.325267 -0.006057
2.890000 11.052696 -0.006057
2.895000 10.775698 -0.006057
2.900000 10.493045 -0.006057
2.905000 10.215111 -0.006057
2.910000 9.961701 -0.006057
2.915000 9.694125 -0.006057
2.920000 9.444017 -0.006057
2.925000 9.189114 -0.006057
2.930000 8.934026 -0.006057
2.935000 8.702014 -0.006057
2.940000 8.468017 -0.006057
2.945000 8.243245 -0.006057
2.950000 8.028998 -0.006057
2.955000 7.825287 -0.006057
2.960000 7.602790 -0.006057
2.965000 7.408747 -0.006057
2.970000 7.208621 -0.006057
2.975000 7.016156 -0.006057
2.980000 6.826610 -0.006057
2.985000 6.641943 -0.006057
2.990000 6.459354 -0.006057
2.995000 6.291221 -0.006057
3.000000 6.139820 -0.006057
3.005000 5.992166 -0.006057
3.010000 5.848978 -0.006057
3.015000 5.701239 -0.006057
3.020000 5.571542 -0.006057
3.025000 5.433487 -0.006057
3.030000 5.313903 -0.006057
3.035000 5.190718 -0.006057
3.040000 5.074513 -0.006057
3.045000 4.954500 -0.006057
3.050000 4.854912 -0.006057
3.055000 4.745242 -0.006057
3.060000 4.638988 -0.006057
3.065000 4.540542 -0.006057
3.070000 4.442554 -0.006057
3.075000 4.356917 -0.006057
3.080000 4.272491 -0.006057
3.085000 4.182732 -0.006057
3.090000 4.105783 -0.006057
3.095000 4.034457 -0.006057
3.100000 3.957707 -0.006057
3.105000 3.887300 -0.006057
3.110000 3.821307 -0.006057
3.115000 3.762453 -0.006057
3.120000 3.703707 -0.006057
3.125000 3.631669 -0.006057
3.130000 3.575435 -0.006057
3.135000 3.518068 -0.006057
3.140000 3.468485 -0.006057
3.145000 3.409241 -0.006057
3.150000 3.366805 -0.006057
3.155000 3.319811 -0.006057
3.160000 3.271982 -0.006057
3.165000 3.225908 -0.006057
3.170000 3.184185 -0.006057
3.175000 3.140255 -0.006057
3.180000 3.101612 -0.006057
3.185000 3.056695 -0.006057
3.190000 3.022051 -0.006057
3.195000 2.979998 -0.006057
3.200000 2.943799 -0.006057
3.205000 2.909844 -0.006057
3.210000 2.879146 -0.006057
3.215000 2.850363 -0.006057
3.220000 2.812516 -0.006057
3.225000 2.777336 -0.006057
3.230000 2.746599 -0.006057
3.235000 2.727715 -0.006057
3.240000 2.690228 -0.006057
3.245000 2.666547 -0.006057
3.250000 2.631719 -0.006057
3.255000 2.606736 -0.006057
3.260000 2.579715 -0.006057
3.265000 2.557567 -0.006057
3.270000 2.536092 -0.006057
3.275000 2.502375 -0.006057
3.280000 2.475752 -0.006057
3.285000 2.450156 -0.006057
3.290000 2.430214 -0.006057
3.295000 2.413781 -0.006057
3.300000 2.382607 -0.006057
3.305000 2.371629 -0.006057
3.310000 2.332120 -0.006057
3.315000 2.307022 -0.006057
3.320000 2.303230 -0.006057
3.325000 2.280989 -0.006057
3.330000 2.261055 -0.006057
3.335000 2.243809 -0.006057
3.340000 2.229958 -0.006057
3.345000 2.216727 -0.006057
3.350000 2.189568 -0.006057
3.355000 2.183607 -0.006057
3.360000 2.161727 -0.006057
3.365000 2.152158 -0.006057
3.370000 2.125489 -0.006057
3.375000 2.123091 -0.006057
3.380000 2.096369 -0.006057
3.385000 2.089374 -0.006057
3.390000 2.069118 -0.006057
3.395000 2.056592 -0.006057
3.400000 2.039217 -0.006057
3.405000 2.025756 -0.006057
3.410000 2.002956 -0.006057
3.415000 1.992475 -0.006057
3.420000 1.983941 -0.006057
3.425000 1.959816 -0.006057
3.430000 1.958850 -0.006057
3.435000 1.948691 -0.006057
3.440000 1.930511 -0.006057
3.445000 1.914599 -0.006057
3.450000 1.904371 -0.006057
3.455000 1.898947 -0.006057
3.460000 1.883954 -0.006057
3.465000 1.877925 -0.006057
3.470000 1.863215 -0.006057
3.475000 1.852191 -0.006057
3.480000 1.844759 -0.006057
3.485000 1.835505 -0.006057
3.490000 1.821186 -0.006057
3.495000 1.823048 -0.006057
3.500000 1.802470 -0.006057
3.505000 1.793330 -0.006057
3.510000 1.787270 -0.006057
3.515000 1.785715 -0.006057
3.520000 1.767565 -0.006057
3.525000 1.771901 -0.006057
3.530000 1.757904 -0.006057
3.535000 1.750772 -0.006057
3.540000 1.740935 -0.006057
3.545000 1.729918 -0.006057
3.550000 1.722142 -0.006057
3.555000 1.708903 -0.006057
3.560000 1.695626 -0.006057
3.565000 1.697404 -0.006057
3.570000 1.694194 -0.006057
3.575000 1.678021 -0.006057
3.580000 1.676826 -0.006057
3.585000 1.665824 -0.006057
3.590000 1.653658 -0.006057
3.595000 1.652532 -0.006057
3.600000 1.649483 -0.006057
3.605000 1.638956 -0.006057
3.610000 1.633509 -0.006057
3.615000 1.628123 -0.006057
3.620000 1.621895 -0.006057
3.625000 1.607729 -0.006057
3.630000 1.605170 -0.006057
3.635000 1.606480 -0.006057
3.640000 1.585956 -0.006057
3.645000 1.581581 0.113954
3.650000 1.577651 2.994223
3.655000 1.579084 2.874212
3.660000 1.562038 -0.006057
3.665000 1.559103 -0.006057
3.670000 1.572334 -0.006057
3.675000 1.634375 -0.006057
3.680000 1.743494 -0.006057
3.685000 1.874631 -0.006057
3.690000 2.023373 -0.006057
3.695000 2.165519 -0.006057
3.700000 2.317640 -0.006057
3.705000 2.437600 -0.006057
3.710000 2.568147 -0.006057
3.715000 2.676331 -0.006057
3.720000 2.779435 -0.006057
3.725000 2.863142 -0.006057
3.730000 2.942114 -0.006057
3.735000 3.003120 -0.006057
3.740000 3.056243 -0.006057
3.745000 3.110530 -0.006057
3.750000 3.141290 -0.006057
3.755000 3.179404 -0.006057
3.760000 3.199415 -0.006057
3.765000 3.212309 -0.006057
3.770000 3.214968 -0.006057
3.775000 3.221518 -0.006057
3.780000 3.214271 -0.006057 1Hz
3.785000 3.211382 -0.006057
3.790000 3.184262 -0.006057
3.795000 3.169652 -0.006057
3.800000 3.127722 -0.006057
3.805000 3.123048 -0.006057
3.810000 3.058901 -0.006057
3.815000 3.037794 -0.006057
3.820000 2.995313 -0.006057
3.825000 2.944059 -0.006057
3.830000 2.898828 -0.006057
3.835000 2.850179 -0.006057
3.840000 2.800167 -0.006057
3.845000 2.756153 -0.006057
3.850000 2.703137 -0.006057
3.855000 2.647356 -0.006057
3.860000 2.591682 -0.006057
3.865000 2.542834 -0.006057
3.870000 2.495518 -0.006057
3.875000 2.438021 -0.006057
3.880000 2.389709 -0.006057
3.885000 2.341244 -0.006057
3.890000 2.288589 -0.006057
3.895000 2.243219 -0.006057
3.900000 2.197106 -0.006057
3.905000 2.165328 -0.006057
3.910000 2.123390 -0.006057
3.915000 2.090631 -0.006057
3.920000 2.040182 -0.006057
3.925000 2.017734 -0.006057
3.930000 1.982393 -0.006057
3.935000 1.952675 -0.006057
3.940000 1.929768 -0.006057
3.945000 1.907084 -0.006057
3.950000 1.873765 -0.006057
3.955000 1.849486 -0.006057
3.960000 1.831291 -0.006057
3.965000 1.810797 -0.006057
3.970000 1.779310 -0.006057
3.975000 1.769955 -0.006057
3.980000 1.751208 -0.006057
3.985000 1.725781 -0.006057
3.990000 1.714764 -0.006057
3.995000 1.707562 -0.006057
4.000000 1.685713 -0.006057
4.005000 1.671991 -0.006057
4.010000 1.651735 -0.006057
4.015000 1.633011 -0.006057
4.020000 1.632153 -0.006057
4.025000 1.612173 -0.006057
4.030000 1.603332 -0.006057
4.035000 1.591066 -0.006057
4.040000 1.584807 -0.006057
4.045000 1.569301 -0.006057
4.050000 1.553909 -0.006057
4.055000 1.545888 -0.006057
4.060000 1.545735 -0.006057
4.065000 1.529891 -0.006057
4.070000 1.511972 -0.006057
4.075000 1.514760 -0.006057
4.080000 1.509566 -0.006057
4.085000 1.497247 -0.006057
4.090000 1.489126 -0.006057
4.095000 1.473451 -0.006057
4.100000 1.473926 -0.006057
4.105000 1.467759 -0.006057
4.110000 1.462948 -0.006057
4.115000 1.453425 -0.006057
4.120000 1.458680 -0.006057
4.125000 1.435191 -0.006057
4.130000 1.436662 -0.006057
4.135000 1.432104 -0.006057
4.140000 1.431583 -0.006057
4.145000 1.414245 -0.006057
4.150000 1.403037 -0.006057
4.155000 1.403995 -0.006057
4.160000 1.414659 -0.006057
4.165000 1.399765 -0.006057
4.170000 1.396203 -0.006057
4.175000 1.396908 -0.006057
4.180000 1.393384 -0.006057
4.185000 1.380988 -0.006057
4.190000 1.368523 -0.006057
4.195000 1.378092 -0.006057
4.200000 1.374284 -0.006057
4.205000 1.372269 -0.006057
4.210000 1.356916 -0.006057
4.215000 1.354488 -0.006057
4.220000 1.355384 -0.006057
4.225000 1.350182 -0.006057
4.230000 1.341425 -0.006057
4.235000 1.340108 -0.006057
4.240000 1.341088 -0.006057
4.245000 1.330983 -0.006057
4.250000 1.335450 -0.006057
4.255000 1.328999 -0.006057
4.260000 1.336890 -0.006057
4.265000 1.319920 -0.006057
4.270000 1.324571 -0.006057
4.275000 1.310811 -0.006057
4.280000 1.319928 -0.006057
4.285000 1.302514 -0.006057
4.290000 1.313722 -0.006057
4.295000 1.310482 -0.006057
4.300000 1.299404 -0.006057
4.305000 1.295006 -0.006057
4.310000 1.288961 -0.006057
4.315000 1.294378 -0.006057
4.320000 1.282266 -0.006057
4.325000 1.284572 -0.006057
4.330000 1.278734 -0.006057
4.335000 1.283468 -0.006057
4.340000 1.277730 -0.006057
4.345000 1.277554 -0.006057
4.350000 1.267678 -0.006057
4.355000 1.270199 -0.006057
4.360000 1.271992 -0.006057
4.365000 1.267073 -0.006057
4.370000 1.255558 -0.006057
4.375000 1.256401 -0.006057
4.380000 1.260875 -0.006057
4.385000 1.253505 -0.006057
4.390000 1.245921 -0.006057
4.395000 1.242504 -0.006057
4.400000 1.245492 -0.006057
4.405000 1.243063 -0.006057
4.410000 1.234797 -0.006057
4.415000 1.232376 -0.006057
4.420000 1.235992 -0.006057
4.425000 1.227940 -0.006057
4.430000 1.229319 -0.006057
4.435000 1.236490 -0.006057
4.440000 1.227978 -0.006057
4.445000 1.224914 -0.006057
4.450000 1.216892 -0.006057
4.455000 1.224829 -0.006057
4.460000 1.215736 -0.006057
4.465000 1.212594 -0.006057
4.470000 1.210066 -0.006057
4.475000 1.213813 -0.006057
4.480000 1.213307 -0.006057
4.485000 1.206044 -0.006057
4.490000 1.194997 -0.006057
4.495000 1.202949 -0.006057
4.500000 1.191074 -0.006057
4.505000 1.190009 -0.006057
4.510000 1.191764 -0.006057
4.515000 1.189718 -0.006057
4.520000 1.195410 -0.006057
4.525000 1.187849 -0.006057
4.530000 1.194575 -0.006057
4.535000 1.186585 -0.006057
4.540000 1.186929 -0.006057
4.545000 1.187205 -0.006057
4.550000 1.178050 -0.006057
4.555000 1.178992 -0.006057
4.560000 1.170190 -0.006057
4.565000 1.176579 -0.006057
4.570000 1.169255 -0.006057
4.575000 1.169929 -0.006057
4.580000 1.170044 -0.006057
4.585000 1.168382 -0.006057
4.590000 1.160284 -0.006057
4.595000 1.166344 -0.006057
4.600000 1.161218 -0.006057
4.605000 1.164589 -0.006057
4.610000 1.159418 -0.006057
4.615000 1.157801 -0.006057
4.620000 1.158299 -0.006057
4.625000 1.155572 -0.006057
4.630000 1.147183 -0.006057
4.635000 1.149504 -0.006057
4.640000 1.148815 -0.006057
4.645000 1.147581 0.113954
4.650000 1.146087 2.994223
4.655000 1.147459 2.874212
4.660000 1.148041 -0.006057
4.665000 1.144954 -0.006057
4.670000 1.161801 -0.006057
4.675000 1.247346 -0.006057
4.680000 1.417494 -0.006057
4.685000 1.623527 -0.006057
4.690000 1.847219 -0.006057
4.695000 2.078174 -0.006057
4.700000 2.297867 -0.006057
4.705000 2.500123 -0.006057
4.710000 2.680391 -0.006057
4.715000 2.861709 -0.006057
4.720000 3.020319 -0.006057
4.725000 3.154567 -0.006057
4.730000 3.280808 -0.006057
4.735000 3.385001 -0.006057
4.740000 3.495812 -0.006057
4.745000 3.563200 -0.006057
4.750000 3.633454 -0.006057
4.755000 3.678042 -0.006057
4.760000 3.715222 -0.006057
4.765000 3.732429 -0.006057
4.770000 3.741370 -0.006057
4.775000 3.737401 -0.006057
4.780000 3.732873 -0.006057
4.785000 3.714801 -0.006057
4.790000 3.690009 -0.006057
4.795000 3.639070 -0.006057
4.800000 3.596948 -0.006057
4.805000 3.542860 -0.006057
4.810000 3.475211 -0.006057
4.815000 3.413592 -0.006057
4.820000 3.351835 -0.006057
4.825000 3.276755 -0.006057
4.830000 3.190674 -0.006057
4.835000 3.110691 -0.006057
4.840000 3.023744 -0.006057
4.845000 2.942512 -0.006057
4.850000 2.856729 -0.006057
4.855000 2.788100 -0.006057
4.860000 2.704378 -0.006057
4.865000 2.632830 -0.006057
4.870000 2.560861 -0.006057
4.875000 2.482012 -0.006057
4.880000 2.413153 -0.006057
4.885000 2.351756 -0.006057
4.890000 2.286551 -0.006057
4.895000 2.219439 -0.006057
4.900000 2.158356 -0.006057
4.905000 2.106375 -0.006057
4.910000 2.048793 -0.006057
4.915000 2.002159 -0.006057
4.920000 1.956414 -0.006057
4.925000 1.907597 -0.006057
4.930000 1.870723 -0.006057
4.935000 1.826832 -0.006057
4.940000 1.793851 -0.006057
4.945000 1.750634 -0.006057
4.950000 1.715837 -0.006057
4.955000 1.691144 -0.006057
4.960000 1.660239 -0.006057
4.965000 1.634260 -0.006057
4.970000 1.613307 -0.006057
4.975000 1.582715 -0.006057
4.980000 1.567056 -0.006057
4.985000 1.538625 -0.006057
4.990000 1.516706 -0.006057
4.995000 1.506762 -0.006057
5.000000 1.485234 -0.006057
5.005000 1.471214 -0.006057
5.010000 1.452919 -0.006057
5.015000 1.445074 -0.006057
5.020000 1.429782 -0.006057
5.025000 1.411832 -0.006057
5.030000 1.400593 -0.006057
5.035000 1.388090 -0.006057
5.040000 1.376836 -0.006057
5.045000 1.372009 -0.006057
5.050000 1.355346 -0.006057
5.055000 1.345877 -0.006057
5.060000 1.345800 -0.006057
5.065000 1.326088 -0.006057
5.070000 1.321667 -0.006057
5.075000 1.311539 -0.006057
5.080000 1.312941 -0.006057
5.085000 1.307172 -0.006057
5.090000 1.293742 -0.006057
5.095000 1.294646 -0.006057
5.100000 1.282802 -0.006057
5.105000 1.282288 -0.006057
5.110000 1.273608 -0.006057
5.115000 1.275876 -0.006057
5.120000 1.268598 -0.006057
5.125000 1.261243 -0.006057
5.130000 1.249797 -0.006057
5.135000 1.253007 -0.006057
5.140000 1.248480 -0.006057
5.145000 1.251061 -0.006057
5.150000 1.245285 -0.006057
5.155000 1.242351 -0.006057
5.160000 1.237777 -0.006057
5.165000 1.233387 -0.006057
5.170000 1.224255 -0.006057
5.175000 1.216655 -0.006057
5.180000 1.230958 -0.006057
5.185000 1.219313 -0.006057
5.190000 1.220340 -0.006057
5.195000 1.213552 -0.006057
5.200000 1.209109 -0.006057
5.205000 1.206174 -0.006057
5.210000 1.206473 -0.006057
5.215000 1.197402 -0.006057
5.220000 1.201524 -0.006057
5.225000 1.191495 -0.006057
5.230000 1.199808 -0.006057
5.235000 1.182225 -0.006057
