0.000000 -62.464840 -0.006057
0.005000 -0.009852 -0.006057
0.010000 1.199662 -0.006057
0.015000 1.242174 -0.006057
0.020000 1.242795 -0.006057
0.025000 1.251850 -0.006057
0.030000 1.236283 -0.006057
0.035000 1.237241 -0.006057
0.040000 1.231962 -0.006057
0.045000 1.241830 -0.006057
0.050000 1.242075 -0.006057
0.055000 1.251368 -0.006057
0.060000 1.250954 -0.006057
0.065000 1.248863 -0.006057
0.070000 1.243224 -0.006057
0.075000 1.244411 -0.006057
0.080000 1.248610 -0.006057
0.085000 1.249652 -0.006057
0.090000 1.249621 -0.006057
0.095000 1.249552 -0.006057
0.100000 1.238597 -0.006057
0.105000 1.243891 -0.006057
0.110000 1.254900 -0.006057
0.115000 1.245201 -0.006057
0.120000 1.249728 -0.006057
0.125000 1.246626 -0.006057
0.130000 1.257589 -0.006057
0.135000 1.240581 -0.006057
0.140000 1.252195 -0.006057
0.145000 1.252494 -0.006057
0.150000 1.255719 -0.006057
0.155000 1.248265 -0.006057
0.160000 1.247844 -0.006057
0.165000 1.247154 -0.006057
0.170000 1.248242 -0.006057
0.175000 1.249483 -0.006057
0.180000 1.242688 -0.006057
0.185000 1.246878 -0.006057
0.190000 1.247407 -0.006057
0.195000 1.250249 -0.006057
0.200000 1.244841 -0.006057
0.205000 1.247660 -0.006057
0.210000 1.243760 -0.006057
0.215000 1.248947 -0.006057
0.220000 1.242228 -0.006057
0.225000 1.245461 -0.006057
0.230000 1.251843 -0.006057
0.235000 1.247162 -0.006057
0.240000 1.247162 -0.006057
0.245000 1.241102 -0.006057
0.250000 1.246503 -0.006057
0.255000 1.247507 -0.006057
0.260000 1.249322 -0.006057
0.265000 1.245262 -0.006057
0.270000 1.240121 -0.006057
0.275000 1.247484 -0.006057
0.280000 1.238734 -0.006057
0.285000 1.241837 -0.006057
0.290000 1.244611 -0.006057
0.295000 1.255804 -0.006057
0.300000 1.250004 -0.006057
0.305000 1.259933 -0.006057
0.310000 1.252142 -0.006057
0.315000 1.253942 -0.006057
0.320000 1.249054 -0.006057
0.325000 1.250448 -0.006057
0.330000 1.249154 -0.006057
0.335000 1.252456 -0.006057
0.340000 1.244618 -0.006057
0.345000 1.246564 -0.006057
0.350000 1.246993 -0.006057
0.355000 1.239639 -0.006057
0.360000 1.242925 -0.006057
0.365000 1.244496 -0.006057
0.370000 1.244105 -0.006057
0.375000 1.253107 -0.006057
0.380000 1.248357 -0.006057
0.385000 1.247491 -0.006057
0.390000 1.252272 -0.006057
0.395000 1.249023 -0.006057
0.400000 1.248181 -0.006057
0.405000 1.248142 -0.006057
0.410000 1.245844 -0.006057
0.415000 1.250694 -0.006057
0.420000 1.239830 -0.006057
0.425000 1.243040 -0.006057
0.430000 1.239639 -0.006057
0.435000 1.245132 -0.006057
0.440000 1.248089 -0.006057
0.445000 1.246901 -0.006057
0.450000 1.247599 -0.006057
0.455000 1.250793 -0.006057
0.460000 1.240765 -0.006057
0.465000 1.253046 -0.006057
0.470000 1.245063 -0.006057
0.475000 1.248119 -0.006057
0.480000 1.241063 -0.006057
0.485000 1.242918 -0.006057
0.490000 1.248219 -0.006057
0.495000 1.239914 -0.006057
0.500000 1.243438 -0.006057
0.505000 1.239968 -0.006057
0.510000 1.241263 -0.006057
0.515000 1.241186 -0.006057
0.520000 1.240895 -0.006057
0.525000 1.243262 -0.006057
0.530000 1.244726 -0.006057
0.535000 1.235409 -0.006057
0.540000 1.244051 -0.006057
0.545000 1.244779 -0.006057
0.550000 1.243737 -0.006057
0.555000 1.234214 -0.006057
0.560000 1.242473 -0.006057
0.565000 1.241707 -0.006057
0.570000 1.233027 -0.006057
0.575000 1.238765 -0.006057
0.580000 1.231686 -0.006057
0.585000 1.240673 -0.006057
0.590000 1.245040 -0.006057
0.595000 1.240665 -0.006057
0.600000 1.235279 -0.006057
0.605000 1.240803 -0.006057
0.610000 1.242764 -0.006057
0.615000 1.237179 -0.006057
0.620000 1.238229 -0.006057
0.625000 1.233303 -0.006057
0.630000 1.238972 -0.006057
0.635000 1.238459 -0.006057
0.640000 1.237195 -0.006057
0.645000 1.228193 0.173960
0.650000 1.236903 2.994223
0.655000 1.238489 2.814206
0.660000 1.238114 -0.006057
0.665000 1.244925 -0.006057
0.670000 1.325796 -0.006057
0.675000 1.566060 -0.006057
0.680000 1.932557 -0.006057
0.685000 2.366120 -0.006057
0.690000 2.820147 -0.006057
0.695000 3.272856 -0.006057
0.700000 3.723419 -0.006057
0.705000 4.142365 -0.006057
0.710000 4.533991 -0.006057
0.715000 4.897340 -0.006057
0.720000 5.216199 -0.006057
0.725000 5.506919 -0.006057
0.730000 5.759839 -0.006057
0.735000 5.980834 -0.006057
0.740000 6.161953 -0.006057
0.745000 6.302996 0.173960
0.750000 6.419975 2.994223
0.755000 6.486582 2.814206
0.760000 6.531584 -0.006057
0.765000 6.560428 -0.006057
0.770000 6.697970 -0.006057
0.775000 7.008962 -0.006057
0.780000 7.414976 -0.006057
0.785000 7.847145 -0.006057
0.790000 8.298313 -0.006057
0.795000 8.723089 -0.006057
0.800000 9.120063 -0.006057
0.805000 9.482921 -0.006057
0.810000 9.797805 -0.006057
0.815000 10.075133 -0.006057
0.820000 10.301920 -0.006057
0.825000 10.501817 -0.006057
0.830000 10.653409 -0.006057
0.835000 10.771438 -0.006057
0.840000 10.835624 -0.006057
0.845000 10.874458 0.173960
0.850000 10.879499 2.994223
0.855000 10.852585 2.814206
0.860000 10.804718 -0.006057
0.865000 10.754928 -0.006057
0.870000 10.821756 -0.006057
0.875000 11.059905 -0.006057
0.880000 11.378964 -0.006057
0.885000 11.709967 -0.006057
0.890000 12.044057 -0.006057
0.895000 12.368541 -0.006057
0.900000 12.680053 -0.006057
0.905000 12.938374 -0.006057
0.910000 13.200594 -0.006057
0.915000 13.392730 -0.006057
0.920000 13.560595 -0.006057
0.925000 13.687349 -0.006057
0.930000 13.782364 -0.006057
0.935000 13.839570 -0.006057
0.940000 13.852410 -0.006057
0.945000 13.851100 0.173960
0.950000 13.820072 2.994223
0.955000 13.766697 2.814206
0.960000 13.691218 -0.006057
0.965000 13.617633 -0.006057
0.970000 13.645550 -0.006057
0.975000 13.820930 -0.006057
0.980000 14.050169 -0.006057
0.985000 14.295144 -0.006057
0.990000 14.524215 -0.006057
0.995000 14.749370 -0.006057
1.000000 14.941283 -0.006057
1.005000 15.117131 -0.006057
1.010000 15.266647 -0.006057
1.015000 15.382148 -0.006057
1.020000 15.472887 -0.006057
1.025000 15.540528 -0.006057
1.030000 15.575824 -0.006057
1.035000 15.572766 -0.006057
1.040000 15.568009 -0.006057
1.045000 15.505892 0.173960
1.050000 15.453098 2.994223
1.055000 15.379397 2.814206
1.060000 15.288107 -0.006057
1.065000 15.211280 -0.006057
1.070000 15.212222 -0.006057
1.075000 15.330397 -0.006057
1.080000 15.506597 -0.006057
1.085000 15.683563 -0.006057
1.090000 15.856277 -0.006057
1.095000 16.007832 -0.006057
1.100000 16.143152 -0.006057
1.105000 16.254515 -0.006057
1.110000 16.344006 -0.006057
1.115000 16.418825 -0.006057
1.120000 16.446941 -0.006057
1.125000 16.474361 -0.006057
1.130000 16.471197 -0.006057
1.135000 16.441181 -0.006057
1.140000 16.393927 -0.006057
1.145000 16.325741 0.173960
1.150000 16.261143 2.994223
1.155000 16.172678 2.814206
1.160000 16.084911 -0.006057
1.165000 16.005878 -0.006057
1.170000 16.000975 -0.006057
1.175000 16.085800 -0.006057
1.180000 16.250484 -0.006057
1.185000 16.410328 -0.006057
1.190000 16.580385 -0.006057
1.195000 16.734428 -0.006057
1.200000 16.865191 -0.006057
1.205000 16.978155 -0.006057
1.210000 17.068474 -0.006057
1.215000 17.127695 -0.006057
1.220000 17.163212 -0.006057
1.225000 17.179308 -0.006057
1.230000 17.168690 -0.006057
1.235000 17.141890 -0.006057
1.240000 17.096336 -0.006057
1.245000 17.032320 0.173960
1.250000 16.957170 2.994223
1.255000 16.884619 2.814206
1.260000 16.795044 -0.006057
1.265000 16.718510 -0.006057
1.270000 16.716709 -0.006057
1.275000 16.990828 -0.006057
1.280000 17.942280 -0.006057
1.285000 19.599653 -0.006057
1.290000 21.637552 -0.006057
1.295000 23.983997 -0.006057
1.300000 26.501894 -0.006057
1.305000 29.066341 -0.006057
1.310000 31.632120 -0.006057
1.315000 34.140530 -0.006057
1.320000 36.520287 -0.006057
1.325000 38.743740 -0.006057
1.330000 40.816025 -0.006057
1.335000 42.674938 -0.006057
1.340000 44.327679 -0.006057
1.345000 45.719799 0.173960
1.350000 46.856171 2.994223
1.355000 47.696499 2.814206
1.360000 48.237900 -0.006057
1.365000 48.487213 -0.006057
1.370000 48.461254 -0.006057
1.375000 48.203259 -0.006057
1.380000 47.759335 -0.006057
1.385000 47.151756 -0.006057
1.390000 46.317650 -0.006057
1.395000 45.190777 -0.006057
1.400000 43.721325 -0.006057
1.405000 42.006805 -0.006057
1.410000 40.114456 -0.006057
1.415000 38.162670 -0.006057
1.420000 36.237465 -0.006057
1.425000 34.404888 -0.006057
1.430000 32.667519 -0.006057
1.435000 31.030706 -0.006057
1.440000 29.497568 -0.006057
1.445000 28.043875 0.173960
1.450000 26.697569 2.994223
1.455000 25.424170 2.814206
1.460000 24.239285 -0.006057
1.465000 23.123690 -0.006057
1.470000 22.096903 -0.006057
1.475000 21.166349 -0.006057
1.480000 20.318750 -0.006057
1.485000 19.555525 -0.006057
1.490000 18.851299 -0.006057
1.495000 18.193346 -0.006057
1.500000 17.575760 -0.006057
1.505000 16.997715 -0.006057
1.510000 16.450619 -0.006057
1.515000 15.942076 -0.006057
1.520000 15.437815 -0.006057
1.525000 14.972556 -0.006057
1.530000 14.510140 -0.006057
1.535000 14.067307 -0.006057
1.540000 13.639521 -0.006057
1.545000 13.230864 0.173960
1.550000 12.822544 2.994223
1.555000 12.439184 2.814206
1.560000 12.054070 -0.006057
1.565000 11.682249 -0.006057
1.570000 11.348756 -0.006057
1.575000 11.090887 -0.006057
1.580000 10.900353 -0.006057
1.585000 10.745313 -0.006057
1.590000 10.608728 -0.006057
1.595000 10.487015 -0.006057
1.600000 10.366765 -0.006057
1.605000 10.240178 -0.006057
1.610000 10.119760 -0.006057
1.615000 10.002842 -0.006057
1.620000 9.881588 -0.006057
1.625000 9.754856 -0.006057
1.630000 9.613100 -0.006057
1.635000 9.476287 -0.006057
1.640000 9.336048 -0.006057
1.645000 9.185091 0.173960
1.650000 9.027975 2.994223
1.655000 8.889147 2.814206
1.660000 8.732015 -0.006057
1.665000 8.589371 -0.006057
1.670000 8.475648 -0.006057
1.675000 8.467756 -0.006057
1.680000 8.522511 -0.006057
1.685000 8.594488 -0.006057
1.690000 8.677344 -0.006057
1.695000 8.760814 -0.006057
1.700000 8.841187 -0.006057
1.705000 8.905802 -0.006057
1.710000 8.973083 -0.006057
1.715000 9.021172 -0.006057
1.720000 9.049664 -0.006057
1.725000 9.070105 -0.006057
1.730000 9.088093 -0.006057
1.735000 9.078340 -0.006057
1.740000 9.073820 -0.006057
1.745000 9.034663 0.173960
1.750000 9.011266 2.994223
1.755000 8.960725 2.814206
1.760000 8.911831 -0.006057
1.765000 8.862370 -0.006057
1.770000 8.860876 -0.006057
1.775000 8.977434 -0.006057
1.780000 9.164506 -0.006057
1.785000 9.367245 -0.006057
1.790000 9.579146 -0.006057
1.795000 9.782313 -0.006057
1.800000 9.971691 -0.006057
1.805000 10.156372 -0.006057
1.810000 10.308378 -0.006057
1.815000 10.444204 -0.006057
1.820000 10.546566 -0.006057
1.825000 10.642798 -0.006057
1.830000 10.715825 -0.006057
1.835000 10.771292 -0.006057
1.840000 10.799056 -0.006057
1.845000 10.796865 0.173960
1.850000 10.789372 2.994223
1.855000 10.771514 2.814206
1.860000 10.742739 -0.006057
1.865000 10.701514 -0.006057
1.870000 10.732174 -0.006057
1.875000 10.890217 -0.006057
1.880000 11.115027 -0.006057
1.885000 11.356877 -0.006057
1.890000 11.593149 -0.006057
1.895000 11.819101 -0.006057
1.900000 12.034014 -0.006057
1.905000 12.228509 -0.006057
1.910000 12.399476 -0.006057
1.915000 12.549904 -0.006057
1.920000 12.659912 -0.006057
1.925000 12.750659 -0.006057
1.930000 12.815442 -0.006057
1.935000 12.859187 -0.006057
1.940000 12.869269 -0.006057
1.945000 12.868496 0.173960
1.950000 12.847075 2.994223
1.955000 12.822153 2.814206
1.960000 12.772478 -0.006057
1.965000 12.738653 -0.006057
1.970000 12.756190 -0.006057
1.975000 12.892575 -0.006057
1.980000 13.095506 -0.006057
1.985000 13.306189 -0.006057
1.990000 13.514559 -0.006057
1.995000 13.710732 -0.006057
2.000000 13.893176 -0.006057
2.005000 14.057961 -0.006057
2.010000 14.197487 -0.006057
2.015000 14.307831 -0.006057
2.020000 14.386206 -0.006057
2.025000 14.444983 -0.006057
2.030000 14.486284 -0.006057
2.035000 14.504755 -0.006057
2.040000 14.502725 -0.006057
2.045000 14.473030 0.173960
2.050000 14.445465 2.994223
2.055000 14.406791 2.814206
2.060000 14.354434 -0.006057
2.065000 14.308191 -0.006057
2.070000 14.313041 -0.006057
2.075000 14.572457 -0.006057
2.080000 15.423786 -0.006057
2.085000 16.973475 -0.006057
2.090000 18.918579 -0.006057
2.095000 21.154512 -0.006057
2.100000 23.556808 -0.006057
2.105000 26.028454 -0.006057
2.110000 28.499050 -0.006057
2.115000 30.921158 -0.006057
2.120000 33.226440 -0.006057
2.125000 35.406868 -0.006057
2.130000 37.427666 -0.006057
2.135000 39.275719 -0.006057
2.140000 40.913887 -0.006057
2.145000 42.330769 -0.006057
2.150000 43.507652 -0.006057
2.155000 44.437477 -0.006057
2.160000 45.104984 -0.006057
2.165000 45.521770 -0.006057
2.170000 45.712444 -0.006057
2.175000 45.697350 -0.006057
2.180000 45.515778 -0.006057
2.185000 45.182270 -0.006057
2.190000 44.697437 -0.006057
2.195000 44.044888 -0.006057
2.200000 43.186386 -0.006057
2.205000 42.092579 -0.006057
2.210000 40.790665 -0.006057
2.215000 39.373249 -0.006057
2.220000 37.885334 -0.006057
2.225000 36.387383 -0.006057
2.230000 34.903130 -0.006057
2.235000 33.441830 -0.006057
2.240000 32.008968 -0.006057
2.245000 30.649017 -0.006057
2.250000 29.333961 -0.006057
2.255000 28.061718 -0.006057
2.260000 26.845232 -0.006057
2.265000 25.679089 -0.006057
2.270000 24.582270 -0.006057
2.275000 23.535618 -0.006057
2.280000 22.560009 -0.006057
2.285000 21.631254 -0.006057
2.290000 20.787264 -0.006057
2.295000 19.998329 -0.006057
2.300000 19.256800 -0.006057
2.305000 18.560387 -0.006057
2.310000 17.899883 -0.006057
2.315000 17.287531 -0.006057
2.320000 16.708895 -0.006057
2.325000 16.158804 -0.006057
2.330000 15.639420 -0.006057
2.335000 15.151132 -0.006057
2.340000 14.672988 -0.006057
2.345000 14.223335 -0.006057
2.350000 13.790898 -0.006057
2.355000 13.382793 -0.006057
2.360000 12.967364 -0.006057
2.365000 12.582825 -0.006057
2.370000 12.200484 -0.006057
2.375000 11.830899 -0.006057
2.380000 11.470186 -0.006057
2.385000 11.123072 -0.006057
2.390000 10.782255 -0.006057
2.395000 10.453934 -0.006057
2.400000 10.142996 -0.006057
2.405000 9.831744 -0.006057
2.410000 9.540005 -0.006057
2.415000 9.241117 -0.006057
2.420000 8.964533 -0.006057
2.425000 8.674740 -0.006057
2.430000 8.417483 -0.006057
2.435000 8.174554 -0.006057
2.440000 7.921650 -0.006057
2.445000 7.679487 -0.006057
2.450000 7.448884 -0.006057
2.455000 7.226395 -0.006057
2.460000 7.015864 -0.006057
2.465000 6.813157 -0.006057
2.470000 6.622178 -0.006057
2.475000 6.435512 -0.006057
2.480000 6.254018 -0.006057
2.485000 6.077435 -0.006057
2.490000 5.922326 -0.006057
2.495000 5.752768 -0.006057
2.500000 5.602654 -0.006057
2.505000 5.447062 -0.006057
2.510000 5.306801 -0.006057
2.515000 5.177028 -0.006057
2.520000 5.050778 -0.006057
2.525000 4.927211 -0.006057
2.530000 4.812660 -0.006057
2.535000 4.698010 -0.006057
2.540000 4.587183 -0.006057
2.545000 4.476180 -0.006057
2.550000 4.367367 -0.006057
2.555000 4.270775 -0.006057
2.560000 4.174742 -0.006057
2.565000 4.076325 -0.006057
2.570000 3.991953 -0.006057
2.575000 3.902431 -0.006057
2.580000 3.819284 -0.006057
2.585000 3.738688 -0.006057
2.590000 3.664765 -0.006057
2.595000 3.597178 -0.006057
2.600000 3.526388 -0.006057
2.605000 3.465719 -0.006057
2.610000 3.402031 -0.006057
2.615000 3.347376 -0.006057
2.620000 3.288714 -0.006057
2.625000 3.226329 -0.006057
2.630000 3.163017 -0.006057
2.635000 3.121371 -0.006057
2.640000 3.065321 -0.006057
2.645000 3.014481 -0.006057
2.650000 2.963082 -0.006057
2.655000 2.927013 -0.006057
2.660000 2.881973 -0.006057
2.665000 2.837247 -0.006057
2.670000 2.807023 -0.006057
2.675000 2.772019 -0.006057
2.680000 2.731468 -0.006057
2.685000 2.695821 -0.006057
2.690000 2.669351 -0.006057
2.695000 2.631543 -0.006057
2.700000 2.611264 -0.006057
2.705000 2.573601 -0.006057
2.710000 2.541853 -0.006057
2.715000 2.516395 -0.006057
2.720000 2.488845 -0.006057
2.725000 2.461924 -0.006057
2.730000 2.437194 -0.006057
2.735000 2.410395 -0.006057
2.740000 2.389104 -0.006057
2.745000 2.368434 -0.006057
2.750000 2.344845 -0.006057
2.755000 2.322176 -0.006057
2.760000 2.293017 -0.006057
2.765000 2.289140 -0.006057
2.770000 2.264954 -0.006057
2.775000 2.244813 -0.006057
2.780000 2.226112 -0.006057
2.785000 2.208338 -0.006057
2.790000 2.188771 -0.006057
2.795000 2.162210 -0.006057
2.800000 2.143302 -0.006057
2.805000 2.131840 -0.006057
2.810000 2.119667 -0.006057
2.815000 2.105471 -0.006057
2.820000 2.095266 -0.006057
2.825000 2.073761 -0.006057
2.830000 2.064889 -0.006057
2.835000 2.049184 -0.006057
2.840000 2.038711 -0.006057
2.845000 2.019450 -0.006057 10Hz
2.850000 2.004457 -0.006057
2.855000 1.990384 -0.006057
2.860000 1.984768 -0.006057
2.865000 1.965761 -0.006057
2.870000 1.960291 -0.006057
2.875000 1.943620 -0.006057
2.880000 1.936855 -0.006057
2.885000 1.923264 -0.006057
2.890000 1.911159 -0.006057
2.895000 1.901361 -0.006057
2.900000 1.894006 -0.006057
2.905000 1.877312 -0.006057
2.910000 1.870417 -0.006057
2.915000 1.861047 -0.006057
2.920000 1.847632 -0.006057
2.925000 1.832187 -0.006057
2.930000 1.829246 -0.006057
2.935000 1.824404 -0.006057
2.940000 1.806461 -0.006057
2.945000 1.787998 -0.006057
2.950000 1.779953 -0.006057
2.955000 1.773855 -0.006057
2.960000 1.766768 -0.006057
2.965000 1.763237 -0.006057
2.970000 1.751408 -0.006057
2.975000 1.742712 -0.006057
2.980000 1.737510 -0.006057
2.985000 1.721981 -0.006057
2.990000 1.721927 -0.006057
2.995000 1.708735 -0.006057
3.000000 1.700162 -0.006057
3.005000 1.690516 -0.006057
3.010000 1.684403 -0.006057
3.015000 1.679760 -0.006057
3.020000 1.664905 -0.006057
3.025000 1.652471 -0.006057
3.030000 1.650310 -0.006057
3.035000 1.638987 -0.006057
3.040000 1.635739 -0.006057
3.045000 1.626200 -0.006057
3.050000 1.623251 -0.006057
3.055000 1.613720 -0.006057
3.060000 1.604764 -0.006057
3.065000 1.602604 -0.006057
3.070000 1.590798 -0.006057
3.075000 1.590821 -0.006057
3.080000 1.582463 -0.006057
3.085000 1.566274 -0.006057
3.090000 1.568190 -0.006057
3.095000 1.559364 -0.006057
3.100000 1.550638 -0.006057
3.105000 1.545375 -0.006057
3.110000 1.537997 -0.006057
3.115000 1.531148 -0.006057
3.120000 1.530696 -0.006057
3.125000 1.520843 -0.006057
3.130000 1.512585 -0.006057
3.135000 1.512983 -0.006057
3.140000 1.512730 -0.006057
3.145000 1.505276 -0.006057
3.150000 1.491930 -0.006057
3.155000 1.491777 -0.006057
3.160000 1.492137 -0.006057
3.165000 1.484522 -0.006057
3.170000 1.475006 -0.006057
3.175000 1.466679 -0.006057
3.180000 1.463239 -0.006057
3.185000 1.460105 -0.006057
3.190000 1.461300 -0.006057
3.195000 1.449403 -0.006057
3.200000 1.453930 -0.006057
3.205000 1.434793 -0.006057
3.210000 1.440745 -0.006057
3.215000 1.434264 -0.006057
3.220000 1.430449 -0.006057
3.225000 1.427085 -0.006057
3.230000 1.420167 -0.006057
3.235000 1.411633 -0.006057
3.240000 1.410116 -0.006057
3.245000 1.402317 -0.006057
3.250000 1.405734 -0.006057
3.255000 1.402991 -0.006057
3.260000 1.397613 -0.006057
3.265000 1.389768 -0.006057
3.270000 1.387102 -0.006057
3.275000 1.387829 -0.006057
3.280000 1.379563 -0.006057
3.285000 1.377724 -0.006057
3.290000 1.369297 -0.006057
3.295000 1.373649 -0.006057
3.300000 1.371427 -0.006057
3.305000 1.363589 -0.006057
3.310000 1.350856 -0.006057
3.315000 1.355583 -0.006057
3.320000 1.348742 -0.006057
3.325000 1.347279 -0.006057
3.330000 1.349914 -0.006057
3.335000 1.342973 -0.006057
3.340000 1.346459 -0.006057
3.345000 1.343187 -0.006057
3.350000 1.337112 -0.006057
3.355000 1.329696 -0.006057
3.360000 1.333013 -0.006057
3.365000 1.315661 -0.006057
3.370000 1.319767 -0.006057
3.375000 1.315791 -0.006057
3.380000 1.312190 -0.006057
3.385000 1.311118 -0.006057
3.390000 1.311493 -0.006057
3.395000 1.306513 -0.006057
3.400000 1.292968 -0.006057
3.405000 1.299457 -0.006057
3.410000 1.294148 -0.006057
3.415000 1.296477 -0.006057
3.420000 1.288969 -0.006057
3.425000 1.293527 -0.006057
3.430000 1.284219 -0.006057
3.435000 1.282434 -0.006057
3.440000 1.278504 -0.006057
3.445000 1.271785 -0.006057
3.450000 1.264760 -0.006057
3.455000 1.271494 -0.006057
3.460000 1.262890 -0.006057
3.465000 1.260554 -0.006057
3.470000 1.257175 -0.006057
3.475000 1.258378 -0.006057
3.480000 1.254693 -0.006057
3.485000 1.250709 -0.006057
3.490000 1.252992 -0.006057
3.495000 1.245001 -0.006057
3.500000 1.250901 -0.006057
3.505000 1.243998 -0.006057
3.510000 1.239072 -0.006057
3.515000 1.237363 -0.006057
3.520000 1.238995 -0.006057
3.525000 1.227771 -0.006057
3.530000 1.223726 -0.006057
3.535000 1.222485 -0.006057
3.540000 1.223343 -0.006057
3.545000 1.217980 -0.006057
3.550000 1.218271 -0.006057
3.555000 1.218455 -0.006057
3.560000 1.214257 -0.006057
3.565000 1.215781 -0.006057
3.570000 1.210196 -0.006057
3.575000 1.210947 -0.006057
3.580000 1.200214 -0.006057
3.585000 1.204742 -0.006057
3.590000 1.197111 -0.006057
3.595000 1.203447 -0.006057
3.600000 1.193051 -0.006057
3.605000 1.195770 -0.006057
3.610000 1.191028 -0.006057
3.615000 1.183329 -0.006057
3.620000 1.191871 -0.006057
3.625000 1.185045 -0.006057
3.630000 1.182340 -0.006057
3.635000 1.185106 -0.006057
3.640000 1.191947 -0.006057
3.645000 1.180249 -0.006057
3.650000 1.182425 -0.006057
3.655000 1.180325 -0.006057
3.660000 1.182938 -0.006057
3.665000 1.180203 -0.006057
3.670000 1.173622 -0.006057
3.675000 1.168427 -0.006057
3.680000 1.167884 -0.006057
3.685000 1.162299 -0.006057
3.690000 1.153243 -0.006057
3.695000 1.165501 -0.006057
3.700000 1.153749 -0.006057
3.705000 1.149343 -0.006057
3.710000 1.141131 -0.006057
3.715000 1.156032 -0.006057
3.720000 1.149650 -0.006057
3.725000 1.145337 -0.006057
3.730000 1.140839 -0.006057
3.735000 1.139254 -0.006057
3.740000 1.145046 -0.006057
3.745000 1.141322 -0.006057
3.750000 1.137262 -0.006057
3.755000 1.142992 -0.006057
3.760000 1.142908 -0.006057
3.765000 1.134458 -0.006057
3.770000 1.125065 -0.006057
3.775000 1.123372 -0.006057
3.780000 1.133033 -0.006057
3.785000 1.125548 -0.006057
3.790000 1.124130 -0.006057
3.795000 1.116982 -0.006057
3.800000 1.117948 -0.006057
3.805000 1.121709 -0.006057
3.810000 1.119143 -0.006057
3.815000 1.108754 -0.006057
3.820000 1.127088 -0.006057
3.825000 1.138740 -0.006057
3.830000 1.089073 -0.006057
3.835000 1.130826 -0.006057
3.840000 1.076485 -0.006057
3.845000 1.126674 -0.006057
3.850000 1.101032 -0.006057
3.855000 1.085679 -0.006057
3.860000 1.097263 -0.006057
3.865000 1.090590 -0.006057
3.870000 1.090858 -0.006057
3.875000 1.092535 -0.006057
3.880000 1.104272 -0.006057
3.885000 1.081404 -0.006057
3.890000 1.086866 -0.006057
3.895000 1.082898 -0.006057
3.900000 1.087540 -0.006057
3.905000 1.086269 -0.006057
3.910000 1.077765 -0.006057
3.915000 1.076432 -0.006057
3.920000 1.088161 -0.006057
3.925000 1.070755 -0.006057
3.930000 1.077504 -0.006057
3.935000 1.063201 -0.006057
3.940000 1.074271 -0.006057
3.945000 1.072218 -0.006057
3.950000 1.061875 -0.006057
3.955000 1.078860 -0.006057
3.960000 1.065369 -0.006057
3.965000 1.069920 -0.006057
3.970000 1.062695 -0.006057
3.975000 1.070785 -0.006057
3.980000 1.063867 -0.006057
3.985000 1.059294 -0.006057
3.990000 1.057317 -0.006057
3.995000 1.059263 -0.006057
4.000000 1.057256 -0.006057
4.005000 1.068257 -0.006057
4.010000 1.051594 -0.006057
4.015000 1.062450 -0.006057
4.020000 1.052567 -0.006057
4.025000 1.055509 -0.006057
4.030000 1.049081 -0.006057
4.035000 1.050613 -0.006057
4.040000 1.043626 -0.006057
4.045000 1.040677 -0.006057
4.050000 1.042132 -0.006057
4.055000 1.044193 -0.006057
4.060000 1.043726 -0.006057
4.065000 1.051533 -0.006057
4.070000 1.043442 -0.006057
4.075000 1.037666 -0.006057
4.080000 1.031614 -0.006057
4.085000 1.036425 -0.006057
4.090000 1.032012 -0.006057
4.095000 1.044814 -0.006057
4.100000 1.034310 -0.006057
4.105000 1.033414 -0.006057
4.110000 1.028970 -0.006057
4.115000 1.035590 -0.006057
4.120000 1.022818 -0.006057
4.125000 1.026657 -0.006057
4.130000 1.028258 -0.006057
4.135000 1.022466 -0.006057
4.140000 1.036264 -0.006057
4.145000 1.024512 -0.006057
4.150000 1.018735 -0.006057
4.155000 1.022305 -0.006057
4.160000 1.017172 -0.006057
4.165000 1.015686 -0.006057
4.170000 1.016191 -0.006057
4.175000 1.011273 -0.006057
4.180000 1.024098 -0.006057
4.185000 1.009894 -0.006057
4.190000 1.011986 -0.006057
4.195000 1.010821 -0.006057
4.200000 1.018613 -0.006057
4.205000 1.017471 -0.006057
4.210000 1.014483 -0.006057
4.215000 1.006914 -0.006057
4.220000 1.013985 -0.006057
4.225000 1.012598 -0.006057
4.230000 1.016199 -0.006057
4.235000 1.006485 -0.006057
4.240000 1.010630 -0.006057
4.245000 1.006684 -0.006057
4.250000 1.001643 -0.006057
4.255000 1.004470 -0.006057
4.260000 0.995460 -0.006057
4.265000 1.004033 -0.006057
4.270000 0.988213 -0.006057
4.275000 1.000233 -0.006057
4.280000 1.002240 -0.006057
4.285000 1.000233 -0.006057
4.290000 0.998011 -0.006057
4.295000 0.991806 -0.006057
4.300000 0.999697 -0.006057
