0.000000 -62.612289 -0.006057
0.005000 -0.435831 -0.006057
0.010000 0.766352 -0.006057
0.015000 0.810312 -0.006057
0.020000 0.815751 -0.006057
0.025000 0.809998 -0.006057
0.030000 0.821880 -0.006057
0.035000 0.799111 -0.006057
0.040000 0.810725 -0.006057
0.045000 0.809775 -0.006057
0.050000 0.816012 -0.006057
0.055000 0.811507 -0.006057
0.060000 0.806481 -0.006057
0.065000 0.807071 -0.006057
0.070000 0.822769 -0.006057
0.075000 0.811706 -0.006057
0.080000 0.822654 -0.006057
0.085000 0.812449 -0.006057
0.090000 0.813054 -0.006057
0.095000 0.816372 -0.006057
0.100000 0.816134 -0.006057
0.105000 0.823405 -0.006057
0.110000 0.813752 -0.006057
0.115000 0.822317 -0.006057
0.120000 0.813231 -0.006057
0.125000 0.813667 -0.006057
0.130000 0.812802 -0.006057
0.135000 0.814280 -0.006057
0.140000 0.819643 -0.006057
0.145000 0.814671 -0.006057
0.150000 0.818134 -0.006057
0.155000 0.815269 -0.006057
0.160000 0.811369 -0.006057
0.165000 0.815805 -0.006057
0.170000 0.819766 -0.006057
0.175000 0.813644 -0.006057
0.180000 0.812273 -0.006057
0.185000 0.810243 -0.006057
0.190000 0.815812 -0.006057
0.195000 0.814142 -0.006057
0.200000 0.813269 -0.006057
0.205000 0.814035 -0.006057
0.210000 0.811668 -0.006057
0.215000 0.816632 -0.006057
0.220000 0.811086 -0.006057
0.225000 0.811936 -0.006057
0.230000 0.811254 -0.006057
0.235000 0.815077 -0.006057
0.240000 0.812181 -0.006057
0.245000 0.814694 -0.006057
0.250000 0.812143 -0.006057
0.255000 0.818502 -0.006057
0.260000 0.812281 -0.006057
0.265000 0.813698 -0.006057
0.270000 0.821068 -0.006057
0.275000 0.821397 -0.006057
0.280000 0.815644 -0.006057
0.285000 0.813913 -0.006057
0.290000 0.816831 -0.006057
0.295000 0.816303 -0.006057
0.300000 0.816065 -0.006057
0.305000 0.824370 -0.006057
0.310000 0.820547 -0.006057
0.315000 0.816341 -0.006057
0.320000 0.815115 -0.006057
0.325000 0.815575 -0.006057
0.330000 0.817368 -0.006057
0.335000 0.809431 -0.006057
0.340000 0.808779 -0.006057
0.345000 0.812120 -0.006057
0.350000 0.801739 -0.006057
0.355000 0.812725 -0.006057
0.360000 0.810664 -0.006057
0.365000 0.814824 -0.006057
0.370000 0.812449 -0.006057
0.375000 0.813100 -0.006057
0.380000 0.813047 -0.006057
0.385000 0.817896 -0.006057
0.390000 0.813491 -0.006057
0.395000 0.823627 -0.006057
0.400000 0.822156 -0.006057
0.405000 0.814847 -0.006057
0.410000 0.817981 -0.006057
0.415000 0.817628 -0.006057
0.420000 0.815575 -0.006057
0.425000 0.807232 -0.006057
0.430000 0.820486 -0.006057
0.435000 0.821214 -0.006057
0.440000 0.815560 -0.006057
0.445000 0.820961 -0.006057
0.450000 0.812150 -0.006057
0.455000 0.822256 -0.006057
0.460000 0.819559 -0.006057
0.465000 0.811017 -0.006057
0.470000 0.817621 -0.006057
0.475000 0.815744 -0.006057
0.480000 0.822715 -0.006057
0.485000 0.824025 -0.006057
0.490000 0.816035 -0.006057
0.495000 0.819099 -0.006057
0.500000 0.816433 -0.006057
0.505000 0.820455 -0.006057
0.510000 0.816931 -0.006057
0.515000 0.818410 -0.006057
0.520000 0.821114 -0.006057
0.525000 0.818149 -0.006057
0.530000 0.815445 -0.006057
0.535000 0.814541 -0.006057
0.540000 0.824140 -0.006057
0.545000 0.810128 -0.006057
0.550000 0.821076 -0.006057
0.555000 0.813736 -0.006057
0.560000 0.819980 -0.006057
0.565000 0.816410 -0.006057
0.570000 0.827427 -0.006057
0.575000 0.817575 -0.006057
0.580000 0.822439 -0.006057
0.585000 0.818869 -0.006057
0.590000 0.817996 -0.006057
0.595000 0.820685 -0.006057
0.600000 0.816448 -0.006057
0.605000 0.817659 -0.006057
0.610000 0.815644 -0.006057
0.615000 0.830330 -0.006057
0.620000 0.832859 -0.006057
0.625000 0.824615 -0.006057
0.630000 0.824899 -0.006057
0.635000 0.830285 -0.006057
0.640000 0.824179 -0.006057
0.645000 0.826423 0.113954
0.650000 0.823857 2.994223
0.655000 0.827212 2.874212
0.660000 0.825205 -0.006057
0.665000 0.845002 -0.006057
0.670000 0.996089 -0.006057
0.675000 1.376391 -0.006057
0.680000 1.949228 -0.006057
0.685000 2.593904 -0.006057
0.690000 3.282999 -0.006057
0.695000 3.952383 -0.006057
0.700000 4.612135 -0.006057
0.705000 5.223087 -0.006057
0.710000 5.788116 -0.006057
0.715000 6.292071 -0.006057
0.720000 6.742903 -0.006057
0.725000 7.136337 -0.006057
0.730000 7.471538 -0.006057
0.735000 7.750207 -0.006057
0.740000 7.973961 -0.006057
0.745000 8.134785 -0.006057
0.750000 8.240440 -0.006057
0.755000 8.297156 -0.006057
0.760000 8.290047 -0.006057
0.765000 8.251940 -0.006057
0.770000 8.154850 -0.006057
0.775000 8.032201 -0.006057
0.780000 7.861356 -0.006057
0.785000 7.668470 -0.006057
0.790000 7.448156 -0.006057
0.795000 7.207786 -0.006057
0.800000 6.941153 -0.006057
0.805000 6.671240 -0.006057
0.810000 6.392640 -0.006057
0.815000 6.102234 -0.006057
0.820000 5.820501 -0.006057
0.825000 5.542092 -0.006057
0.830000 5.274486 -0.006057
0.835000 5.015483 -0.006057
0.840000 4.774530 -0.006057
0.845000 4.547575 0.113954
0.850000 4.331628 2.994223
0.855000 4.122086 2.874212
0.860000 3.934823 -0.006057
0.865000 3.785084 -0.006057
0.870000 3.874981 -0.006057
0.875000 4.274376 -0.006057
0.880000 4.858451 -0.006057
0.885000 5.509241 -0.006057
0.890000 6.165837 -0.006057
0.895000 6.790349 -0.006057
0.900000 7.373689 -0.006057
0.905000 7.920876 -0.006057
0.910000 8.395856 -0.006057
0.915000 8.823705 -0.006057
0.920000 9.184156 -0.006057
0.925000 9.497255 -0.006057
0.930000 9.754993 -0.006057
0.935000 9.953036 -0.006057
0.940000 10.094294 -0.006057
0.945000 10.185431 -0.006057
0.950000 10.208476 -0.006057
0.955000 10.197782 -0.006057
0.960000 10.158288 -0.006057
0.965000 10.067617 -0.006057
0.970000 9.961226 -0.006057
0.975000 9.823071 -0.006057
0.980000 9.669265 -0.006057
0.985000 9.467576 -0.006057
0.990000 9.237808 -0.006057
0.995000 8.975037 -0.006057
1.000000 8.682072 -0.006057
1.005000 8.399465 -0.006057
1.010000 8.107924 -0.006057
1.015000 7.822981 -0.006057
1.020000 7.539386 -0.006057
1.025000 7.249302 -0.006057
1.030000 6.971529 -0.006057
1.035000 6.698759 -0.006057
1.040000 6.419347 -0.006057
1.045000 6.171553 0.113954
1.050000 5.923521 2.994223
1.055000 5.692405 2.874212
1.060000 5.460140 -0.006057
1.065000 5.265446 -0.006057
1.070000 5.295447 -0.006057
1.075000 5.647717 -0.006057
1.080000 6.165746 -0.006057
1.085000 6.736866 -0.006057
1.090000 7.313303 -0.006057
1.095000 7.869768 -0.006057
1.100000 8.378565 -0.006057
1.105000 8.839019 -0.006057
1.110000 9.264378 -0.006057
1.115000 9.628607 -0.006057
1.120000 9.933914 -0.006057
1.125000 10.187132 -0.006057
1.130000 10.397341 -0.006057
1.135000 10.547730 -0.006057
1.140000 10.643970 -0.006057
1.145000 10.707950 -0.006057
1.150000 10.722452 -0.006057
1.155000 10.703789 -0.006057
1.160000 10.653179 -0.006057
1.165000 10.578888 -0.006057
1.170000 10.475470 -0.006057
1.175000 10.351833 -0.006057
1.180000 10.204179 -0.006057
1.185000 10.033517 -0.006057
1.190000 9.831820 -0.006057
1.195000 9.585007 -0.006057
1.200000 9.332432 -0.006057
1.205000 9.072540 -0.006057
1.210000 8.815591 -0.006057
1.215000 8.547035 -0.006057
1.220000 8.271660 -0.006057
1.225000 8.005701 -0.006057
1.230000 7.751127 -0.006057
1.235000 7.482057 -0.006057
1.240000 7.224778 -0.006057
1.245000 6.968580 0.113954
1.250000 6.714189 2.994223
1.255000 6.479166 2.874212
1.260000 6.226882 -0.006057
1.265000 6.015119 -0.006057
1.270000 6.020382 -0.006057
1.275000 6.323030 -0.006057
1.280000 6.787875 -0.006057
1.285000 7.302126 -0.006057
1.290000 7.823004 -0.006057
1.295000 8.313023 -0.006057
1.300000 8.755956 -0.006057
1.305000 9.164168 -0.006057
1.310000 9.524131 -0.006057
1.315000 9.832617 -0.006057
1.320000 10.089513 -0.006057
1.325000 10.302985 -0.006057
1.330000 10.472083 -0.006057
1.335000 10.593483 -0.006057
1.340000 10.665797 -0.006057
1.345000 10.703835 -0.006057
1.350000 10.707604 -0.006057
1.355000 10.692994 -0.006057
1.360000 10.643250 -0.006057
1.365000 10.575847 -0.006057
1.370000 10.482617 -0.006057
1.375000 10.368121 -0.006057
1.380000 10.241680 -0.006057
1.385000 10.087505 -0.006057
1.390000 9.899216 -0.006057
1.395000 9.687222 -0.006057
1.400000 9.448660 -0.006057
1.405000 9.201816 -0.006057
1.410000 8.955324 -0.006057
1.415000 8.703262 -0.006057
1.420000 8.446719 -0.006057
1.425000 8.187992 -0.006057
1.430000 7.953574 -0.006057
1.435000 7.707075 -0.006057
1.440000 7.463601 -0.006057
1.445000 7.237841 0.113954
1.450000 7.002672 2.994223
1.455000 6.774061 2.874212
1.460000 6.527278 -0.006057
1.465000 6.326501 -0.006057
1.470000 6.319705 -0.006057
1.475000 6.593395 -0.006057
1.480000 7.004564 -0.006057
1.485000 7.470933 -0.006057
1.490000 7.945806 -0.006057
1.495000 8.382318 -0.006057
1.500000 8.780863 -0.006057
1.505000 9.144073 -0.006057
1.510000 9.461806 -0.006057
1.515000 9.733810 -0.006057
1.520000 9.965394 -0.006057
1.525000 10.145195 -0.006057
1.530000 10.294413 -0.006057
1.535000 10.393487 -0.006057
1.540000 10.450180 -0.006057
1.545000 10.483506 -0.006057
1.550000 10.495152 -0.006057
1.555000 10.479507 -0.006057
1.560000 10.422539 -0.006057
1.565000 10.361218 -0.006057
1.570000 10.266694 -0.006057
1.575000 10.181249 -0.006057
1.580000 10.041133 -0.006057
1.585000 9.894604 -0.006057
1.590000 9.732975 -0.006057
1.595000 9.536825 -0.006057
1.600000 9.306384 -0.006057
1.605000 9.073184 -0.006057
1.610000 8.834621 -0.006057
1.615000 8.605199 -0.006057
1.620000 8.366138 -0.006057
1.625000 8.138393 -0.006057
1.630000 7.917727 -0.006057
1.635000 7.689040 -0.006057
1.640000 7.476181 -0.006057
1.645000 7.244820 0.113954
1.650000 7.041300 2.994223
1.655000 6.835320 2.874212
1.660000 6.621542 -0.006057
1.665000 6.439688 -0.006057
1.670000 6.456213 -0.006057
1.675000 6.940371 -0.006057
1.680000 8.258145 -0.006057
1.685000 10.357158 -0.006057
1.690000 12.876035 -0.006057
1.695000 15.649525 -0.006057
1.700000 18.586052 -0.006057
1.705000 21.536493 -0.006057
1.710000 24.434608 -0.006057
1.715000 27.225925 -0.006057
1.720000 29.869267 -0.006057
1.725000 32.341984 -0.006057
1.730000 34.631752 -0.006057
1.735000 36.721672 -0.006057
1.740000 38.571655 -0.006057
1.745000 40.180710 -0.006057
1.750000 41.496632 -0.006057
1.755000 42.485832 -0.006057
1.760000 43.115673 -0.006057
1.765000 43.406174 -0.006057
1.770000 43.377060 -0.006057
1.775000 43.075054 -0.006057
1.780000 42.552589 -0.006057
1.785000 41.790451 -0.006057
1.790000 40.736713 -0.006057
1.795000 39.428837 -0.006057
1.800000 37.967262 -0.006057
1.805000 36.438282 -0.006057
1.810000 34.897903 -0.006057
1.815000 33.399139 -0.006057
1.820000 31.978407 -0.006057
1.825000 30.649208 -0.006057
1.830000 29.417913 -0.006057
1.835000 28.272854 -0.006057
1.840000 27.212610 -0.006057
1.845000 26.239752 0.113954
1.850000 25.342026 2.994223
1.855000 24.536579 2.874212
1.860000 23.784248 -0.006057
1.865000 23.092180 -0.006057
1.870000 22.467054 -0.006057
1.875000 21.882795 -0.006057
1.880000 21.336864 -0.006057
1.885000 20.844418 -0.006057
1.890000 20.385189 -0.006057
1.895000 19.970633 -0.006057
1.900000 19.564772 -0.006057
1.905000 19.187311 -0.006057
1.910000 18.840948 -0.006057
1.915000 18.503311 -0.006057
1.920000 18.189775 -0.006057
1.925000 17.880753 -0.006057
1.930000 17.587843 -0.006057
1.935000 17.299366 -0.006057
1.940000 17.011457 -0.006057
1.945000 16.730804 -0.006057
1.950000 16.456825 -0.006057
1.955000 16.197018 -0.006057
1.960000 15.923627 -0.006057
1.965000 15.651907 -0.006057
1.970000 15.371928 -0.006057
1.975000 15.101932 -0.006057
1.980000 14.837734 -0.006057
1.985000 14.572159 -0.006057
1.990000 14.300736 -0.006057
1.995000 14.036234 -0.006057
2.000000 13.760575 -0.006057
2.005000 13.490778 -0.006057
2.010000 13.215112 -0.006057
2.015000 12.943867 -0.006057
2.020000 12.667389 -0.006057
2.025000 12.392512 -0.006057
2.030000 12.110450 -0.006057
2.035000 11.830945 -0.006057
2.040000 11.549671 -0.006057
2.045000 11.265088 0.113954
2.050000 10.986128 2.994223
2.055000 10.695752 2.874212
2.060000 10.411775 -0.006057
2.065000 10.133886 -0.006057
2.070000 9.883204 -0.006057
2.075000 9.707701 -0.006057
2.080000 9.590607 -0.006057
2.085000 9.505032 -0.006057
2.090000 9.428580 -0.006057
2.095000 9.363414 -0.006057
2.100000 9.304874 -0.006057
2.105000 9.248365 -0.006057
2.110000 9.187864 -0.006057
2.115000 9.133547 -0.006057
2.120000 9.050943 -0.006057
2.125000 8.973719 -0.006057
2.130000 8.882596 -0.006057
2.135000 8.798177 -0.006057
2.140000 8.690124 -0.006057
2.145000 8.586804 -0.006057
2.150000 8.470446 -0.006057
2.155000 8.348464 -0.006057
2.160000 8.218391 -0.006057
2.165000 8.087171 -0.006057
2.170000 7.956332 -0.006057
2.175000 7.807084 -0.006057
2.180000 7.661414 -0.006057
2.185000 7.511744 -0.006057
2.190000 7.369912 -0.006057
2.195000 7.220764 -0.006057
2.200000 7.083743 -0.006057
2.205000 6.928542 -0.006057
2.210000 6.790801 -0.006057
2.215000 6.646050 -0.006057
2.220000 6.499430 -0.006057
2.225000 6.345730 -0.006057
2.230000 6.202397 -0.006057
2.235000 6.064395 -0.006057
2.240000 5.933909 -0.006057
2.245000 5.794683 0.113954
2.250000 5.674869 2.994223
2.255000 5.551968 2.874212
2.260000 5.429671 -0.006057
2.265000 5.328245 -0.006057
2.270000 5.310379 -0.006057
2.275000 5.450349 -0.006057
2.280000 5.673497 -0.006057
2.285000 5.943387 -0.006057
2.290000 6.219290 -0.006057
2.295000 6.504831 -0.006057
2.300000 6.762899 -0.006057
2.305000 7.005277 -0.006057
2.310000 7.222863 -0.006057
2.315000 7.406295 -0.006057
2.320000 7.577455 -0.006057
2.325000 7.705596 -0.006057
2.330000 7.825211 -0.006057
2.335000 7.902390 -0.006057
2.340000 7.959060 -0.006057
2.345000 7.990609 -0.006057
2.350000 8.003939 -0.006057
2.355000 8.008658 -0.006057
2.360000 7.981653 -0.006057
2.365000 7.932866 -0.006057
2.370000 7.875001 -0.006057
2.375000 7.802993 -0.006057
2.380000 7.720397 -0.006057
2.385000 7.627321 -0.006057
2.390000 7.524140 -0.006057
2.395000 7.429064 -0.006057
2.400000 7.309565 -0.006057
2.405000 7.199902 -0.006057
2.410000 7.086984 -0.006057
2.415000 6.976394 -0.006057
2.420000 6.856642 -0.006057
2.425000 6.749002 -0.006057
2.430000 6.637217 -0.006057
2.435000 6.539690 -0.006057
2.440000 6.428004 -0.006057
2.445000 6.331105 0.113954
2.450000 6.219772 2.994223
2.455000 6.122283 2.874212
2.460000 6.031973 -0.006057
2.465000 5.935794 -0.006057
2.470000 5.954158 -0.006057
2.475000 6.152224 -0.006057
2.480000 6.457370 -0.006057
2.485000 6.789844 -0.006057
2.490000 7.134429 -0.006057
2.495000 7.455005 -0.006057
2.500000 7.757340 -0.006057
2.505000 8.027589 -0.006057
2.510000 8.273576 -0.006057
2.515000 8.503350 -0.006057
2.520000 8.688760 -0.006057
2.525000 8.862064 -0.006057
2.530000 8.980498 -0.006057
2.535000 9.085855 -0.006057
2.540000 9.153788 -0.006057
2.545000 9.186049 -0.006057
2.550000 9.198215 -0.006057
2.555000 9.200437 -0.006057
2.560000 9.175745 -0.006057
2.565000 9.122898 -0.006057
2.570000 9.061355 -0.006057
2.575000 8.975795 -0.006057
2.580000 8.899841 -0.006057
2.585000 8.796721 -0.006057
2.590000 8.683029 -0.006057
2.595000 8.557975 -0.006057
2.600000 8.421935 -0.006057
2.605000 8.278103 -0.006057
2.610000 8.128602 -0.006057
2.615000 7.987812 -0.006057
2.620000 7.842609 -0.006057
2.625000 7.695123 -0.006057
2.630000 7.559627 -0.006057
2.635000 7.422062 -0.006057
2.640000 7.294082 -0.006057
2.645000 7.160692 0.113954
2.650000 7.030046 2.994223
2.655000 6.897254 2.874212
2.660000 6.773824 -0.006057
2.665000 6.661258 -0.006057
2.670000 6.671554 -0.006057
2.675000 6.868064 -0.006057
2.680000 7.179730 -0.006057
2.685000 7.533081 -0.006057
2.690000 7.890224 -0.006057
2.695000 8.247726 -0.006057
2.700000 8.567390 -0.006057
2.705000 8.863190 -0.006057
2.710000 9.114585 -0.006057
2.715000 9.350397 -0.006057
2.720000 9.545008 -0.006057
2.725000 9.700691 -0.006057
2.730000 9.829047 -0.006057
2.735000 9.926038 -0.006057
2.740000 9.988400 -0.006057
2.745000 10.020264 -0.006057
2.750000 10.026523 -0.006057
2.755000 10.010595 -0.006057
2.760000 9.978058 -0.006057
2.765000 9.924736 -0.006057
2.770000 9.863576 -0.006057
2.775000 9.773342 -0.006057
2.780000 9.686816 -0.006057
2.785000 9.577392 -0.006057
2.790000 9.452223 -0.006057
2.795000 9.320534 -0.006057
2.800000 9.166559 -0.006057
2.805000 9.002011 -0.006057
2.810000 8.831289 -0.006057
2.815000 8.677965 -0.006057
2.820000 8.507648 -0.006057
2.825000 8.351912 -0.006057
2.830000 8.178706 -0.006057
2.835000 8.025797 -0.006057
2.840000 7.864482 -0.006057
2.845000 7.710515 0.113954
2.850000 7.553023 2.994223
2.855000 7.403507 2.874212
2.860000 7.237940 -0.006057
2.865000 7.107163 -0.006057
2.870000 7.113315 -0.006057
2.875000 7.305321 -0.006057
2.880000 7.619499 -0.006057
2.885000 7.981622 -0.006057
2.890000 8.362093 -0.006057
2.895000 8.712716 -0.006057
2.900000 9.039413 -0.006057
2.905000 9.325797 -0.006057
2.910000 9.581092 -0.006057
2.915000 9.815617 -0.006057
2.920000 9.994108 -0.006057
2.925000 10.152795 -0.006057
2.930000 10.271942 -0.006057
2.935000 10.363861 -0.006057
2.940000 10.423075 -0.006057
2.945000 10.457788 -0.006057
2.950000 10.458262 -0.006057
2.955000 10.445990 -0.006057
2.960000 10.405148 -0.006057
2.965000 10.357203 -0.006057
2.970000 10.296205 -0.006057
2.975000 10.224251 -0.006057
2.980000 10.132079 -0.006057
2.985000 10.022523 -0.006057
2.990000 9.914929 -0.006057
2.995000 9.788281 -0.006057
3.000000 9.649499 -0.006057
3.005000 9.493033 -0.006057
3.010000 9.309464 -0.006057
3.015000 9.125257 -0.006057
3.020000 8.943679 -0.006057
3.025000 8.764077 -0.006057
3.030000 8.591447 -0.006057
3.035000 8.417829 -0.006057 5Hz
3.040000 8.250125 -0.006057
3.045000 8.076245 0.113954
3.050000 7.907806 2.994223
3.055000 7.733720 2.874212
3.060000 7.571318 -0.006057
3.065000 7.405345 -0.006057
3.070000 7.394888 -0.006057
3.075000 7.585713 -0.006057
3.080000 7.896307 -0.006057
3.085000 8.267454 -0.006057
3.090000 8.636173 -0.006057
3.095000 8.984927 -0.006057
3.100000 9.301404 -0.006057
3.105000 9.594874 -0.006057
3.110000 9.848598 -0.006057
3.115000 10.072758 -0.006057
3.120000 10.264273 -0.006057
3.125000 10.414248 -0.006057
3.130000 10.524463 -0.006057
3.135000 10.612161 -0.006057
3.140000 10.677113 -0.006057
3.145000 10.702149 -0.006057
3.150000 10.699376 -0.006057
3.155000 10.685195 -0.006057
3.160000 10.659698 -0.006057
3.165000 10.606002 -0.006057
3.170000 10.544857 -0.006057
3.175000 10.477186 -0.006057
3.180000 10.390131 -0.006057
3.185000 10.280438 -0.006057
3.190000 10.168914 -0.006057
3.195000 10.058225 -0.006057
3.200000 9.897424 -0.006057
3.205000 9.737672 -0.006057
3.210000 9.561993 -0.006057
3.215000 9.375855 -0.006057
3.220000 9.181904 -0.006057
3.225000 9.010876 -0.006057
3.230000 8.830891 -0.006057
3.235000 8.652568 -0.006057
3.240000 8.474881 -0.006057
3.245000 8.306825 0.113954
3.250000 8.120320 2.994223
3.255000 7.954356 2.874212
3.260000 7.783059 -0.006057
3.265000 7.625422 -0.006057
3.270000 7.596064 -0.006057
3.275000 7.785901 -0.006057
3.280000 8.091621 -0.006057
3.285000 8.446404 -0.006057
3.290000 8.812174 -0.006057
3.295000 9.168505 -0.006057
3.300000 9.482208 -0.006057
3.305000 9.763184 -0.006057
3.310000 10.016701 -0.006057
3.315000 10.226213 -0.006057
3.320000 10.412886 -0.006057
3.325000 10.560555 -0.006057
3.330000 10.673068 -0.006057
3.335000 10.750407 -0.006057
3.340000 10.802979 -0.006057
3.345000 10.830046 -0.006057
3.350000 10.841400 -0.006057
3.355000 10.827618 -0.006057
3.360000 10.789273 -0.006057
3.365000 10.743544 -0.006057
3.370000 10.687723 -0.006057
3.375000 10.614743 -0.006057
3.380000 10.535449 -0.006057
3.385000 10.437922 -0.006057
3.390000 10.336740 -0.006057
3.395000 10.221117 -0.006057
3.400000 10.084901 -0.006057
3.405000 9.928344 -0.006057
3.410000 9.757675 -0.006057
3.415000 9.580256 -0.006057
3.420000 9.400349 -0.006057
3.425000 9.223720 -0.006057
3.430000 9.039873 -0.006057
3.435000 8.865849 -0.006057
3.440000 8.691395 -0.006057
3.445000 8.524527 0.113954
3.450000 8.350548 2.994223
3.455000 8.182890 2.874212
3.460000 8.015385 -0.006057
3.465000 7.853373 -0.006057
3.470000 7.834412 -0.006057
3.475000 8.011508 -0.006057
3.480000 8.302558 -0.006057
3.485000 8.649718 -0.006057
3.490000 8.995300 -0.006057
3.495000 9.344284 -0.006057
3.500000 9.645890 -0.006057
3.505000 9.929808 -0.006057
3.510000 10.169144 -0.006057
3.515000 10.380570 -0.006057
3.520000 10.556709 -0.006057
3.525000 10.686973 -0.006057
3.530000 10.800359 -0.006057
3.535000 10.875653 -0.006057
3.540000 10.931005 -0.006057
3.545000 10.965772 -0.006057
3.550000 10.962776 -0.006057
3.555000 10.954487 -0.006057
3.560000 10.929190 -0.006057
3.565000 10.875408 -0.006057
3.570000 10.814692 -0.006057
3.575000 10.737935 -0.006057
3.580000 10.657493 -0.006057
3.585000 10.560716 -0.006057
3.590000 10.463220 -0.006057
3.595000 10.357265 -0.006057
3.600000 10.230295 -0.006057
3.605000 10.085713 -0.006057
3.610000 9.909789 -0.006057
3.615000 9.750489 -0.006057
3.620000 9.571010 -0.006057
3.625000 9.391209 -0.006057
3.630000 9.207707 -0.006057
3.635000 9.039820 -0.006057
3.640000 8.868928 -0.006057
3.645000 8.696559 -0.006057
3.650000 8.525476 -0.006057
3.655000 8.357014 -0.006057
3.660000 8.186199 -0.006057
3.665000 8.013086 -0.006057
3.670000 7.839974 -0.006057
3.675000 7.660287 -0.006057
3.680000 7.490500 -0.006057
3.685000 7.302746 -0.006057
3.690000 7.140474 -0.006057
3.695000 6.963768 -0.006057
3.700000 6.794294 -0.006057
3.705000 6.615896 -0.006057
3.710000 6.444530 -0.006057
3.715000 6.289061 -0.006057
3.720000 6.133699 -0.006057
3.725000 5.971779 -0.006057
3.730000 5.832031 -0.006057
3.735000 5.692083 -0.006057
3.740000 5.551071 -0.006057
3.745000 5.428024 -0.006057
3.750000 5.283825 -0.006057
3.755000 5.170883 -0.006057
3.760000 5.044963 -0.006057
3.765000 4.923694 -0.006057
3.770000 4.804961 -0.006057
3.775000 4.702293 -0.006057
3.780000 4.593435 -0.006057
3.785000 4.484798 -0.006057
3.790000 4.384774 -0.006057
3.795000 4.289606 -0.006057
3.800000 4.193389 -0.006057
3.805000 4.109882 -0.006057
3.810000 4.030481 -0.006057
3.815000 3.946476 -0.006057
3.820000 3.864217 -0.006057
3.825000 3.786487 -0.006057
3.830000 3.722554 -0.006057
3.835000 3.649918 -0.006057
3.840000 3.589915 -0.006057
3.845000 3.520865 -0.006057
3.850000 3.461000 -0.006057
3.855000 3.398791 -0.006057
3.860000 3.349506 -0.006057
3.865000 3.290875 -0.006057
3.870000 3.246095 -0.006057
3.875000 3.187977 -0.006057
3.880000 3.138041 -0.006057
3.885000 3.088788 -0.006057
3.890000 3.034791 -0.006057
3.895000 3.007379 -0.006057
3.900000 2.961619 -0.006057
3.905000 2.930154 -0.006057
3.910000 2.884900 -0.006057
3.915000 2.855940 -0.006057
3.920000 2.811842 -0.006057
3.925000 2.777007 -0.006057
3.930000 2.747304 -0.006057
3.935000 2.713250 -0.006057
3.940000 2.674806 -0.006057
3.945000 2.650780 -0.006057
3.950000 2.617577 -0.006057
3.955000 2.584365 -0.006057
3.960000 2.570039 -0.006057
3.965000 2.535165 -0.006057
3.970000 2.511798 -0.006057
3.975000 2.486976 -0.006057
3.980000 2.462552 -0.006057
3.985000 2.446180 -0.006057
3.990000 2.420584 -0.006057
3.995000 2.399585 -0.006057
4.000000 2.374234 -0.006057
4.005000 2.362911 -0.006057
4.010000 2.341689 -0.006057
4.015000 2.314285 -0.006057
4.020000 2.298288 -0.006057
4.025000 2.277074 -0.006057
4.030000 2.260472 -0.006057
4.035000 2.250229 -0.006057
4.040000 2.245004 -0.006057
4.045000 2.225008 -0.006057
4.050000 2.206821 -0.006057
4.055000 2.196976 -0.006057
4.060000 2.180857 -0.006057
4.065000 2.167212 -0.006057
4.070000 2.151078 -0.006057
4.075000 2.133786 -0.006057
4.080000 2.122448 -0.006057
4.085000 2.112948 -0.006057
4.090000 2.092914 -0.006057
4.095000 2.082165 -0.006057
4.100000 2.071378 -0.006057
4.105000 2.061212 -0.006057
4.110000 2.051344 -0.006057
4.115000 2.038626 -0.006057
4.120000 2.039339 -0.006057
4.125000 2.029257 -0.006057
4.130000 2.011437 -0.006057
4.135000 2.004526 -0.006057
4.140000 1.996451 -0.006057
4.145000 1.983044 -0.006057
4.150000 1.980233 -0.006057
4.155000 1.980999 -0.006057
4.160000 1.972656 -0.006057
4.165000 1.964297 -0.006057
4.170000 1.956468 -0.006057
4.175000 1.946861 -0.006057
4.180000 1.941459 -0.006057
4.185000 1.939919 -0.006057
4.190000 1.927868 -0.006057
4.195000 1.926045 -0.006057
4.200000 1.917334 -0.006057
4.205000 1.910661 -0.006057
4.210000 1.904050 -0.006057
4.215000 1.902839 -0.006057
4.220000 1.902740 -0.006057
4.225000 1.895170 -0.006057
4.230000 1.882790 -0.006057
4.235000 1.871934 -0.006057
4.240000 1.869444 -0.006057
4.245000 1.868800 -0.006057
4.250000 1.858251 -0.006057
4.255000 1.851678 -0.006057
4.260000 1.842737 -0.006057
4.265000 1.835237 -0.006057
4.270000 1.831575 -0.006057
4.275000 1.838117 -0.006057
4.280000 1.829797 -0.006057
4.285000 1.823002 -0.006057
4.290000 1.816773 -0.006057
4.295000 1.812843 -0.006057
4.300000 1.803535 -0.006057
4.305000 1.805067 -0.006057
4.310000 1.798769 -0.006057
4.315000 1.795552 -0.006057
4.320000 1.790411 -0.006057
4.325000 1.793498 -0.006057
4.330000 1.788434 -0.006057
4.335000 1.782053 -0.006057
4.340000 1.792502 -0.006057
4.345000 1.776452 -0.006057
4.350000 1.770668 -0.006057
4.355000 1.765941 -0.006057
4.360000 1.766477 -0.006057
4.365000 1.761444 -0.006057
4.370000 1.759084 -0.006057
4.375000 1.749140 -0.006057
4.380000 1.752020 -0.006057
4.385000 1.745784 -0.006057
4.390000 1.744229 -0.006057
4.395000 1.741188 -0.006057
4.400000 1.733741 -0.006057
4.405000 1.737633 -0.006057
4.410000 1.729834 -0.006057
4.415000 1.731971 -0.006057
4.420000 1.729006 -0.006057
4.425000 1.730922 -0.006057
4.430000 1.722739 -0.006057
4.435000 1.718518 -0.006057
4.440000 1.707057 -0.006057
4.445000 1.715614 -0.006057
4.450000 1.705195 -0.006057
4.455000 1.711041 -0.006057
4.460000 1.703249 -0.006057
4.465000 1.700078 -0.006057
4.470000 1.701740 -0.006057
4.475000 1.695128 -0.006057
4.480000 1.695473 -0.006057
4.485000 1.690746 -0.006057
4.490000 1.692225 -0.006057
