0.005000 -1.236910 -0.006057
0.010000 -0.053230 -0.006057
0.015000 0.003004 -0.006057
0.020000 0.004597 -0.006057
0.025000 -0.004206 -0.006057
0.030000 -0.003187 -0.006057
0.035000 0.004153 -0.006057
0.040000 0.004551 -0.006057
0.045000 0.002360 -0.006057
0.050000 -0.003823 -0.006057
0.055000 0.003685 -0.006057
0.060000 0.000675 -0.006057
0.065000 0.001494 -0.006057
0.070000 0.002161 -0.006057
0.075000 0.000705 -0.006057
0.080000 -0.001739 -0.006057
0.085000 -0.001041 -0.006057
0.090000 -0.001019 -0.006057
0.095000 0.003502 -0.006057
0.100000 -0.002918 -0.006057
0.105000 0.001219 -0.006057
0.110000 -0.002719 -0.006057
0.115000 -0.005493 -0.006057
0.120000 0.001349 -0.006057
0.125000 -0.001172 -0.006057
0.130000 -0.011331 -0.006057
0.135000 -0.001846 -0.006057
0.140000 0.003885 -0.006057
0.145000 0.000667 -0.006057
0.150000 0.003233 -0.006057
0.155000 -0.005523 -0.006057
0.160000 -0.008435 -0.006057
0.165000 -0.006741 -0.006057
0.170000 -0.003884 -0.006057
0.175000 0.000345 -0.006057
0.180000 0.004597 -0.006057
0.185000 0.003984 -0.006057
0.190000 -0.007860 -0.006057
0.195000 -0.004504 -0.006057
0.200000 0.004490 -0.006057
0.205000 -0.004504 -0.006057
0.210000 -0.007837 -0.006057
0.215000 -0.001631 -0.006057
0.220000 -0.006435 -0.006057
0.225000 -0.006795 -0.006057
0.230000 -0.005309 -0.006057
0.235000 -0.009538 -0.006057
0.240000 -0.000398 -0.006057
0.245000 -0.003210 -0.006057
0.250000 -0.008059 -0.006057
0.255000 -0.002489 -0.006057
0.260000 -0.007094 -0.006057
0.265000 -0.010917 -0.006057
0.270000 -0.011047 -0.006057
0.275000 -0.011920 -0.006057
0.280000 -0.005408 -0.006057
0.285000 -0.004750 -0.006057
0.290000 0.004459 -0.006057
0.295000 -0.003079 -0.006057
0.300000 -0.008940 -0.006057
0.305000 0.000299 -0.006057
0.310000 -0.005531 -0.006057
0.315000 -0.009913 -0.006057
0.320000 -0.005424 -0.006057
0.325000 -0.004252 -0.006057
0.330000 -0.010189 -0.006057
0.335000 -0.006351 -0.006057
0.340000 -0.010166 -0.006057
0.345000 -0.004535 -0.006057
0.350000 -0.010878 -0.006057
0.355000 -0.000574 -0.006057
0.360000 -0.001011 -0.006057
0.365000 -0.004275 -0.006057
0.370000 -0.010534 -0.006057
0.375000 -0.009047 -0.006057
0.380000 -0.002811 -0.006057
0.385000 -0.010863 -0.006057
0.390000 -0.011085 -0.006057
0.395000 -0.000950 -0.006057
0.400000 -0.004359 -0.006057
0.405000 -0.012372 -0.006057
0.410000 -0.003424 -0.006057
0.415000 -0.004305 -0.006057
0.420000 -0.004420 -0.006057
0.425000 -0.005110 -0.006057
0.430000 -0.012886 -0.006057
0.435000 -0.008680 -0.006057
0.440000 -0.007125 -0.006057
0.445000 -0.000727 -0.006057
0.450000 -0.005102 -0.006057
0.455000 -0.004773 -0.006057
0.460000 -0.011882 -0.006057
0.465000 -0.003616 -0.006057
0.470000 -0.005263 -0.006057
0.475000 -0.001999 -0.006057
0.480000 -0.004757 -0.006057
0.485000 -0.006228 -0.006057
0.490000 -0.007814 -0.006057
0.495000 -0.012434 -0.006057
0.500000 -0.007485 -0.006057
0.505000 -0.011545 -0.006057
0.510000 -0.014778 -0.006057
0.515000 -0.008458 -0.006057
0.520000 -0.007776 -0.006057
0.525000 -0.014648 -0.006057
0.530000 -0.005623 -0.006057
0.535000 -0.008113 -0.006057
0.540000 -0.009086 -0.006057
0.545000 -0.009699 -0.006057
0.550000 -0.005270 -0.006057
0.555000 -0.010043 -0.006057
0.560000 -0.011093 -0.006057
0.565000 -0.006473 -0.006057
0.570000 -0.003493 -0.006057
0.575000 -0.017628 -0.006057
0.580000 -0.002352 -0.006057
0.585000 -0.012311 -0.006057
0.590000 -0.005194 -0.006057
0.595000 -0.006741 -0.006057
0.600000 -0.002987 -0.006057
0.605000 -0.004535 -0.006057
0.610000 -0.011645 -0.006057
0.615000 -0.006734 -0.006057
0.620000 -0.013460 -0.006057
0.625000 -0.004121 -0.006057
0.630000 -0.008320 -0.006057
0.635000 -0.008971 -0.006057
0.640000 -0.006519 -0.006057
0.645000 -0.006933 -0.006057
0.650000 -0.008029 -0.006057
0.655000 -0.009369 -0.006057
0.660000 0.000031 -0.006057
0.665000 0.003502 -0.006057
0.670000 -0.006167 -0.006057
0.675000 -0.005807 -0.006057
0.680000 0.002935 -0.006057
0.685000 -0.005087 -0.006057
0.690000 -0.003708 -0.006057
0.695000 1.032832 -0.006057
0.700000 4.839498 -0.006057
0.705000 6.866609 -0.006057
0.710000 7.932238 -0.006057
0.715000 8.745177 -0.006057
0.720000 9.336783 -0.006057
0.725000 9.740736 -0.006057
0.730000 9.955266 -0.006057
0.735000 9.940395 -0.006057
0.740000 9.642488 -0.006057
0.745000 9.129624 -0.006057
0.750000 8.361557 -0.006057
0.755000 7.329829 -0.006057
0.760000 6.268796 -0.006057
0.765000 5.259615 -0.006057
0.770000 4.530207 -0.006057
0.775000 4.029386 -0.006057
0.780000 3.462126 -0.006057
0.785000 2.905899 -0.006057
0.790000 2.729928 -0.006057
0.795000 3.390639 -0.006057
0.800000 4.559166 -0.006057
0.805000 5.478236 -0.006057
0.810000 6.276848 -0.006057
0.815000 6.756540 -0.006057
0.820000 6.554483 -0.006057
0.825000 6.265525 -0.006057
0.830000 6.379126 -0.006057
0.835000 6.623181 -0.006057
0.840000 7.562722 -0.006057
0.845000 7.663015 -0.006057
0.850000 6.383814 -0.006057
0.855000 6.180080 -0.006057
0.860000 7.070880 -0.006057
0.865000 7.907561 -0.006057
0.870000 6.936249 -0.006057
0.875000 6.260867 -0.006057
0.880000 6.895699 -0.006057
0.885000 7.536919 -0.006057
0.890000 7.116862 -0.006057
0.895000 6.752020 -0.006057
0.900000 7.054125 -0.006057
0.905000 7.138513 -0.006057
0.910000 6.973107 -0.006057
0.915000 6.943772 -0.006057
0.920000 7.206851 -0.006057
0.925000 7.148503 -0.006057
0.930000 6.985304 -0.006057
0.935000 6.953004 -0.006057
0.940000 7.161933 -0.006057
0.945000 7.157153 -0.006057
0.950000 7.026207 -0.006057
0.955000 7.055871 -0.006057
0.960000 7.101126 -0.006057
0.965000 7.102658 -0.006057
0.970000 7.096805 -0.006057
0.975000 7.135066 -0.006057
0.980000 7.095105 -0.006057
0.985000 7.112940 -0.006057
0.990000 7.120517 -0.006057
0.995000 7.139448 -0.006057
1.000000 7.123872 -0.006057
1.005000 7.140574 -0.006057
1.010000 7.100406 -0.006057
1.015000 7.119222 -0.006057
1.020000 7.112205 -0.006057
1.025000 7.131196 -0.006057
1.030000 7.145500 -0.006057
1.035000 7.121152 -0.006057
1.040000 7.144987 -0.006057
1.045000 7.164822 -0.006057
1.050000 7.175149 -0.006057
1.055000 7.156026 -0.006057
1.060000 7.174237 -0.006057
1.065000 7.176926 -0.006057
1.070000 7.183132 -0.006057
1.075000 7.149851 -0.006057
1.080000 7.160953 -0.006057
1.085000 7.169196 -0.006057
1.090000 7.164699 -0.006057
1.095000 7.152349 -0.006057
1.100000 7.160317 -0.006057
1.105000 7.196141 -0.006057
1.110000 7.194501 -0.006057
1.115000 7.191873 -0.006057
1.120000 7.206062 -0.006057
1.125000 7.226341 -0.006057
1.130000 7.207081 -0.006057
1.135000 7.206690 -0.006057
1.140000 7.205196 -0.006057
1.145000 7.205771 -0.006057
1.150000 7.197650 -0.006057
1.155000 7.181638 -0.006057
1.160000 7.185422 -0.006057
1.165000 7.195559 -0.006057
1.170000 7.207288 -0.006057
1.175000 7.209410 -0.006057
1.180000 7.220971 -0.006057
1.185000 7.237909 -0.006057
1.190000 7.253531 -0.006057
1.195000 7.233175 -0.006057
1.200000 7.244927 -0.006057
1.205000 7.253454 -0.006057
1.210000 7.237220 -0.006057
1.215000 7.223752 -0.006057
1.220000 7.218626 -0.006057
1.225000 7.226908 -0.006057
1.230000 7.214512 -0.006057
1.235000 7.212229 -0.006057
1.240000 7.237067 -0.006057
1.245000 7.258151 -0.006057
1.250000 7.255262 -0.006057
1.255000 7.264387 -0.006057
1.260000 7.263107 -0.006057
1.265000 7.281387 -0.006057
1.270000 7.270975 -0.006057
1.275000 7.259537 -0.006057
1.280000 7.264142 -0.006057
1.285000 7.265183 -0.006057
1.290000 7.261721 -0.006057
1.295000 7.238768 -0.006057
1.300000 7.245065 -0.006057
1.305000 7.263375 -0.006057
1.310000 7.277549 -0.006057
1.315000 7.269842 -0.006057
1.320000 7.275917 -0.006057
1.325000 7.300165 -0.006057
1.330000 7.296717 -0.006057
1.335000 7.276093 -0.006057
1.340000 7.277855 -0.006057
1.345000 7.298104 -0.006057
1.350000 7.285417 -0.006057
1.355000 7.268823 -0.006057
1.360000 7.277212 -0.006057
1.365000 7.286405 -0.006057
1.370000 7.277342 -0.006057
1.375000 7.279242 -0.006057
1.380000 7.284896 -0.006057
1.385000 7.300287 -0.006057
1.390000 7.304286 -0.006057
1.395000 7.307159 -0.006057
1.400000 7.297567 -0.006057
1.405000 7.316084 -0.006057
1.410000 7.319157 -0.006057
1.415000 7.302402 -0.006057
1.420000 7.293185 -0.006057
1.425000 7.315395 -0.006057
1.430000 7.311404 -0.006057
1.435000 7.298671 -0.006057
1.440000 7.309013 -0.006057
1.445000 7.317372 -0.006057
1.450000 7.316920 -0.006057
1.455000 7.303988 -0.006057
1.460000 7.320459 -0.006057
1.465000 7.328128 -0.006057
1.470000 7.318306 -0.006057
1.475000 7.310913 -0.006057
1.480000 7.310844 -0.006057
1.485000 7.331752 -0.006057
1.490000 7.334755 -0.006057
1.495000 7.324144 -0.006057
1.500000 7.320590 -0.006057
1.505000 7.345220 -0.006057
1.510000 7.349480 -0.006057
1.515000 7.329951 -0.006057
1.520000 7.328174 -0.006057
1.525000 7.344783 -0.006057
1.530000 7.335230 -0.006057
1.535000 7.329568 -0.006057
1.540000 7.324320 -0.006057
1.545000 7.344155 -0.006057
1.550000 7.337191 -0.006057
1.555000 7.335590 -0.006057
1.560000 7.345021 -0.006057
1.565000 7.358106 -0.006057
1.570000 7.353088 -0.006057
1.575000 7.341228 -0.006057
1.580000 7.350529 -0.006057
1.585000 7.357923 -0.006057
1.590000 7.355065 -0.006057
1.595000 7.339129 -0.006057
1.600000 7.346292 -0.006057
1.605000 7.348108 -0.006057
1.610000 7.356689 -0.006057
1.615000 7.344193 -0.006057
1.620000 7.342164 -0.006057
1.625000 7.360956 -0.006057
1.630000 7.364089 -0.006057
1.635000 7.364649 -0.006057
1.640000 7.363316 -0.006057
1.645000 7.393800 -0.006057
1.650000 7.380324 -0.006057
1.655000 7.369414 -0.006057
1.660000 7.357248 -0.006057
1.665000 7.384170 -0.006057
1.670000 7.357823 -0.006057
1.675000 7.341826 -0.006057
1.680000 7.350330 -0.006057
1.685000 7.373528 -0.006057
1.690000 7.375114 -0.006057
1.695000 7.364519 -0.006057
1.700000 7.375344 -0.006057
1.705000 7.388889 -0.006057
1.710000 7.402978 -0.006057
1.715000 7.384744 -0.006057
1.720000 7.388996 -0.006057
1.725000 7.392812 -0.006057
1.730000 7.402993 -0.006057
1.735000 7.373919 -0.006057
1.740000 7.365262 -0.006057
1.745000 7.380791 -0.006057
1.750000 7.375061 -0.006057
1.755000 7.370464 -0.006057
1.760000 7.378546 -0.006057
1.765000 7.396665 -0.006057
1.770000 7.394037 -0.006057
1.775000 7.403537 -0.006057
1.780000 7.397263 -0.006057
1.785000 7.419641 -0.006057
1.790000 7.414830 -0.006057
1.795000 7.412524 -0.006057
1.800000 7.395968 -0.006057
1.805000 7.401316 -0.006057
1.810000 7.395968 -0.006057
1.815000 7.382798 -0.006057
1.820000 7.382898 -0.006057
1.825000 7.394022 -0.006057
1.830000 7.404602 -0.006057
1.835000 7.394421 -0.006057
1.840000 7.410670 -0.006057
1.845000 7.414447 -0.006057
1.850000 7.426996 -0.006057
1.855000 7.414876 -0.006057
1.860000 7.409988 -0.006057
1.865000 7.411834 -0.006057
1.870000 7.419258 -0.006057
1.875000 7.399438 -0.006057
1.880000 7.395064 -0.006057
1.885000 7.407743 -0.006057
1.890000 7.413604 -0.006057
1.895000 7.394988 -0.006057
1.900000 7.401530 -0.006057
1.905000 7.425624 -0.006057
1.910000 7.437967 -0.006057
1.915000 7.423066 -0.006057
1.920000 7.424085 -0.006057
1.925000 7.432359 -0.006057
1.930000 7.419105 -0.006057
1.935000 7.416837 -0.006057
1.940000 7.410195 -0.006057
1.945000 7.428513 -0.006057
1.950000 7.421649 -0.006057
1.955000 7.423740 -0.006057
1.960000 7.411283 -0.006057
1.965000 7.435584 -0.006057
1.970000 7.429493 -0.006057
1.975000 7.429846 -0.006057
1.980000 7.430451 -0.006057
1.985000 7.444249 -0.006057
1.990000 7.456055 -0.006057
1.995000 7.423993 -0.006057
2.000000 7.432474 -0.006057
2.005000 7.425149 -0.006057
2.010000 7.447068 -0.006057
2.015000 7.436580 -0.006057
2.020000 7.434289 -0.006057
2.025000 7.435032 -0.006057
2.030000 7.440932 -0.006057
2.035000 7.439713 -0.006057
2.040000 7.437232 -0.006057
2.045000 7.449972 -0.006057
2.050000 7.449520 -0.006057
2.055000 7.446815 -0.006057
2.060000 7.442379 -0.006057
2.065000 7.454392 -0.006057
2.070000 7.451527 -0.006057
2.075000 7.446800 -0.006057
2.080000 7.443552 -0.006057
2.085000 7.452370 -0.006057
2.090000 7.461586 -0.006057
2.095000 7.452408 -0.006057
2.100000 7.451267 -0.006057
2.105000 7.460307 -0.006057
2.110000 7.473729 -0.006057
2.115000 7.444303 -0.006057
2.120000 7.456484 -0.006057
2.125000 7.461931 -0.006057
2.130000 7.473293 -0.006057
2.135000 7.449244 -0.006057
2.140000 7.458591 -0.006057
2.145000 7.470558 -0.006057
2.150000 7.474947 -0.006057
2.155000 7.463326 -0.006057
2.160000 7.471929 -0.006057
2.165000 7.481919 -0.006057
2.170000 7.488500 -0.006057
2.175000 7.484853 -0.006057
2.180000 7.473653 -0.006057
2.185000 7.480157 -0.006057
2.190000 7.474082 -0.006057
2.195000 7.476840 -0.006057
2.200000 7.455235 -0.006057
2.205000 7.476863 -0.006057
2.210000 7.481973 -0.006057
2.215000 7.469661 -0.006057
2.220000 7.466873 -0.006057
2.225000 7.490232 -0.006057
2.230000 7.504029 -0.006057
2.235000 7.486776 -0.006057
2.240000 7.488018 -0.006057
