0.000000 -62.397217 -0.006057
0.005000 0.174691 -0.006057
0.010000 1.375809 -0.006057
0.015000 1.422427 -0.006057
0.020000 1.421416 -0.006057
0.025000 1.431307 -0.006057
0.030000 1.420933 -0.006057
0.035000 1.425323 -0.006057
0.040000 1.426434 -0.006057
0.045000 1.432946 -0.006057
0.050000 1.424580 -0.006057
0.055000 1.426044 -0.006057
0.060000 1.428533 -0.006057
0.065000 1.425591 -0.006057
0.070000 1.426955 -0.006057
0.075000 1.433260 -0.006057
0.080000 1.437696 -0.006057
0.085000 1.427798 -0.006057
0.090000 1.427905 -0.006057
0.095000 1.421922 -0.006057
0.100000 1.428074 -0.006057
0.105000 1.429468 -0.006057
0.110000 1.437834 -0.006057
0.115000 1.429200 -0.006057
0.120000 1.429345 -0.006057
0.125000 1.430372 -0.006057
0.130000 1.423056 -0.006057
0.135000 1.424182 -0.006057
0.140000 1.429499 -0.006057
0.145000 1.435589 -0.006057
0.150000 1.429721 -0.006057
0.155000 1.434762 -0.006057
0.160000 1.431820 -0.006057
0.165000 1.429123 -0.006057
0.170000 1.425109 -0.006057
0.175000 1.432594 -0.006057
0.180000 1.424320 -0.006057
0.185000 1.436332 -0.006057
0.190000 1.427315 -0.006057
0.195000 1.425308 -0.006057
0.200000 1.423883 -0.006057
0.205000 1.422964 -0.006057
0.210000 1.427285 -0.006057
0.215000 1.428357 -0.006057
0.220000 1.430816 -0.006057
0.225000 1.427905 -0.006057
0.230000 1.418336 -0.006057
0.235000 1.425162 -0.006057
0.240000 1.429131 -0.006057
0.245000 1.421914 -0.006057
0.250000 1.429307 -0.006057
0.255000 1.425791 -0.006057
0.260000 1.433567 -0.006057
0.265000 1.426059 -0.006057
0.270000 1.426235 -0.006057
0.275000 1.429399 -0.006057
0.280000 1.425140 -0.006057
0.285000 1.426381 -0.006057
0.290000 1.424458 -0.006057
0.295000 1.427231 -0.006057
0.300000 1.431054 -0.006057
0.305000 1.428495 -0.006057
0.310000 1.431858 -0.006057
0.315000 1.426756 -0.006057
0.320000 1.425783 -0.006057
0.325000 1.429821 -0.006057
0.330000 1.425760 -0.006057
0.335000 1.428426 -0.006057
0.340000 1.431123 -0.006057
0.345000 1.423017 -0.006057
0.350000 1.428143 -0.006057
0.355000 1.413311 -0.006057
0.360000 1.426434 -0.006057
0.365000 1.420826 -0.006057
0.370000 1.430495 -0.006057
0.375000 1.429813 -0.006057
0.380000 1.432058 -0.006057
0.385000 1.424059 -0.006057
0.390000 1.420773 -0.006057
0.395000 1.422343 -0.006057
0.400000 1.422673 -0.006057
0.405000 1.423462 -0.006057
0.410000 1.422565 -0.006057
0.415000 1.420933 -0.006057
0.420000 1.424841 -0.006057
0.425000 1.426128 -0.006057
0.430000 1.415433 -0.006057
0.435000 1.419600 -0.006057
0.440000 1.417248 -0.006057
0.445000 1.426557 -0.006057
0.450000 1.416276 -0.006057
0.455000 1.419011 -0.006057
0.460000 1.410890 -0.006057
0.465000 1.418842 -0.006057
0.470000 1.421646 -0.006057
0.475000 1.423002 -0.006057
0.480000 1.432640 -0.006057
0.485000 1.419777 -0.006057
0.490000 1.419325 -0.006057
0.495000 1.412498 -0.006057
0.500000 1.417785 -0.006057
0.505000 1.418367 -0.006057
0.510000 1.417333 -0.006057
0.515000 1.421347 -0.006057
0.520000 1.429912 -0.006057
0.525000 1.430533 -0.006057
0.530000 1.414437 -0.006057
0.535000 1.419118 -0.006057
0.540000 1.415755 -0.006057
0.545000 1.422619 -0.006057
0.550000 1.413793 -0.006057
0.555000 1.421347 -0.006057
0.560000 1.411449 -0.006057
0.565000 1.417547 -0.006057
0.570000 1.416291 -0.006057
0.575000 1.420581 -0.006057
0.580000 1.412843 -0.006057
0.585000 1.426013 -0.006057
0.590000 1.415709 -0.006057
0.595000 1.408109 -0.006057
0.600000 1.416628 -0.006057
0.605000 1.413510 -0.006057
0.610000 1.416314 -0.006057
0.615000 1.415900 -0.006057
0.620000 1.423538 -0.006057
0.625000 1.410675 -0.006057
0.630000 1.411579 -0.006057
0.635000 1.413127 -0.006057
0.640000 1.418604 -0.006057
0.645000 1.402661 0.081953
0.650000 1.415777 2.194180
0.655000 1.412192 2.106170
0.660000 1.422971 -0.006057
0.665000 1.414475 -0.006057
0.670000 1.433988 -0.006057
0.675000 1.911650 -0.006057
0.680000 3.915563 -0.006057
0.685000 7.457426 -0.006057
0.690000 11.557762 -0.006057
0.695000 15.852570 -0.006057
0.700000 20.309097 -0.006057
0.705000 24.737602 -0.006057
0.710000 29.074009 -0.006057
0.715000 33.249763 -0.006057
0.720000 37.262966 -0.006057
0.725000 40.997578 -0.006057
0.730000 44.474972 -0.006057
0.735000 47.651726 -0.006057
0.740000 50.572395 -0.006057
0.745000 53.242989 -0.006057
0.750000 55.622639 -0.006057
0.755000 57.726437 -0.006057
0.760000 59.539249 -0.006057
0.765000 61.057945 -0.006057
0.770000 62.254734 -0.006057
0.775000 63.157825 -0.006057
0.780000 63.790455 -0.006057
0.785000 64.141266 -0.006057
0.790000 64.179276 -0.006057
0.795000 63.936172 -0.006057
0.800000 63.493034 -0.006057
0.805000 62.938942 -0.006057
0.810000 62.364506 -0.006057
0.815000 61.803322 -0.006057
0.820000 61.276520 -0.006057
0.825000 60.773441 -0.006057
0.830000 60.292896 -0.006057
0.835000 59.813736 -0.006057
0.840000 59.354950 -0.006057
0.845000 58.899002 -0.006057
0.850000 58.456230 -0.006057
0.855000 58.037483 -0.006057
0.860000 57.630180 -0.006057
0.865000 57.237820 -0.006057
0.870000 56.859970 -0.006057
0.875000 56.515091 -0.006057
0.880000 56.169479 -0.006057
0.885000 55.831207 -0.006057
0.890000 55.521416 -0.006057
0.895000 55.222584 -0.006057
0.900000 54.950291 -0.006057
0.905000 54.684368 -0.006057
0.910000 54.441891 -0.006057
0.915000 54.201649 -0.006057
0.920000 53.975750 -0.006057
0.925000 53.765606 -0.006057
0.930000 53.560345 -0.006057
0.935000 53.356113 -0.006057
0.940000 53.162315 -0.006057
0.945000 52.985126 -0.006057
0.950000 52.813866 -0.006057
0.955000 52.649380 -0.006057
0.960000 52.489048 -0.006057
0.965000 52.337814 -0.006057
0.970000 52.188343 -0.006057
0.975000 52.040146 -0.006057
0.980000 51.897923 -0.006057
0.985000 51.769047 -0.006057
0.990000 51.625290 -0.006057
0.995000 51.487911 -0.006057
1.000000 51.370144 -0.006057
1.005000 51.251606 -0.006057
1.010000 51.128601 -0.006057
1.015000 51.005791 -0.006057
1.020000 50.884068 -0.006057
1.025000 50.780151 -0.006057
1.030000 50.663700 -0.006057
1.035000 50.549824 -0.006057
1.040000 50.446445 -0.006057
1.045000 50.345943 -0.006057
1.050000 50.245338 -0.006057
1.055000 50.137989 -0.006057
1.060000 50.040077 -0.006057
1.065000 49.943516 -0.006057
1.070000 49.832752 -0.006057
1.075000 49.734413 -0.006057
1.080000 49.645142 -0.006057
1.085000 49.538086 -0.006057
1.090000 49.446396 -0.006057
1.095000 49.348625 -0.006057
1.100000 49.263676 -0.006057
1.105000 49.170208 -0.006057
1.110000 49.080036 -0.006057
1.115000 48.987350 -0.006057
1.120000 48.904839 -0.006057
1.125000 48.828766 -0.006057
1.130000 48.740784 -0.006057
1.135000 48.655926 -0.006057
1.140000 48.573738 -0.006057
1.145000 48.492943 -0.006057
1.150000 48.401928 -0.006057
1.155000 48.319096 -0.006057
1.160000 48.244061 -0.006057
1.165000 48.165516 -0.006057
1.170000 48.094498 -0.006057
1.175000 48.009491 -0.006057
1.180000 47.937077 -0.006057
1.185000 47.863266 -0.006057
1.190000 47.790501 -0.006057
1.195000 47.715130 -0.006057
1.200000 47.644798 -0.006057
1.205000 47.572723 -0.006057
1.210000 47.494854 -0.006057
1.215000 47.417538 -0.006057
1.220000 47.342426 -0.006057
1.225000 47.271469 -0.006057
1.230000 47.201630 -0.006057
1.235000 47.130901 -0.006057
1.240000 47.070240 -0.006057
1.245000 47.002682 -0.006057
1.250000 46.936520 -0.006057
1.255000 46.868595 -0.006057
1.260000 46.789410 -0.006057
1.265000 46.723217 -0.006057
1.270000 46.661804 -0.006057
1.275000 46.595367 -0.006057
1.280000 46.528011 -0.006057
1.285000 46.472897 -0.006057
1.290000 46.406670 -0.006057
1.295000 46.337688 -0.006057
1.300000 46.268082 -0.006057
1.305000 46.203957 -0.006057
1.310000 46.142712 -0.006057
1.315000 46.071709 -0.006057
1.320000 46.015461 -0.006057
1.325000 45.955120 -0.006057
1.330000 45.893707 -0.006057
1.335000 45.825554 -0.006057
1.340000 45.767372 -0.006057
1.345000 45.707050 -0.006057
1.350000 45.653759 -0.006057
1.355000 45.582863 -0.006057
1.360000 45.529617 -0.006057
1.365000 45.465721 -0.006057
1.370000 45.409977 -0.006057
1.375000 45.348045 -0.006057
1.380000 45.293297 -0.006057
1.385000 45.232864 -0.006057
1.390000 45.177185 -0.006057
1.395000 45.109093 -0.006057
1.400000 45.056152 -0.006057
1.405000 44.997791 -0.006057
1.410000 44.936501 -0.006057
1.415000 44.871044 -0.006057
1.420000 44.815437 -0.006057
1.425000 44.759190 -0.006057
1.430000 44.702816 -0.006057
1.435000 44.644577 -0.006057
1.440000 44.581219 -0.006057
1.445000 44.523117 -0.006057
1.450000 44.463650 -0.006057
1.455000 44.415169 -0.006057
1.460000 44.341576 -0.006057
1.465000 44.287395 -0.006057
1.470000 44.226166 -0.006057
1.475000 44.163681 -0.006057
1.480000 44.113300 -0.006057
1.485000 44.058281 -0.006057
1.490000 44.008987 -0.006057
1.495000 43.945370 -0.006057
1.500000 43.891449 -0.006057
1.505000 43.842354 -0.006057
1.510000 43.772793 -0.006057
1.515000 43.710979 -0.006057
1.520000 43.654915 -0.006057
1.525000 43.594593 -0.006057
1.530000 43.541821 -0.006057
1.535000 43.486156 -0.006057
1.540000 43.424084 -0.006057
1.545000 43.358521 -0.006057
1.550000 43.298485 -0.006057
1.555000 43.235802 -0.006057
1.560000 43.185192 -0.006057
1.565000 43.128162 -0.006057
1.570000 43.074642 -0.006057
1.575000 43.017197 -0.006057
1.580000 42.967339 -0.006057
1.585000 42.911442 -0.006057
1.590000 42.851349 -0.006057
1.595000 42.791176 -0.006057
1.600000 42.740963 -0.006057
1.605000 42.692436 -0.006057
1.610000 42.631916 -0.006057
1.615000 42.571926 -0.006057
1.620000 42.519356 -0.006057
1.625000 42.464622 -0.006057
1.630000 42.417599 -0.006057
1.635000 42.344051 -0.006057
1.640000 42.303570 -0.006057
1.645000 42.245129 -0.006057
1.650000 42.192299 -0.006057
1.655000 42.126904 -0.006057
1.660000 42.073689 -0.006057
1.665000 42.023876 -0.006057
1.670000 41.956104 -0.006057
1.675000 41.906197 -0.006057
1.680000 41.845459 -0.006057
1.685000 41.791756 -0.006057
1.690000 41.734802 -0.006057
1.695000 41.682629 -0.006057
1.700000 41.624512 -0.006057
1.705000 41.566883 -0.006057
1.710000 41.512962 -0.006057
1.715000 41.451107 -0.006057
1.720000 41.383980 -0.006057
1.725000 41.337566 -0.006057
1.730000 41.289272 -0.006057
1.735000 41.232365 -0.006057
1.740000 41.175426 -0.006057
1.745000 41.120003 -0.006057
1.750000 41.073177 -0.006057
1.755000 41.009838 -0.006057
1.760000 40.951870 -0.006057
1.765000 40.899422 -0.006057
1.770000 40.844002 -0.006057
1.775000 40.785591 -0.006057
1.780000 40.747101 -0.006057
1.785000 40.692616 -0.006057
1.790000 40.638897 -0.006057
1.795000 40.578571 -0.006057
1.800000 40.524849 -0.006057
1.805000 40.475483 -0.006057
1.810000 40.422680 -0.006057
1.815000 40.361973 -0.006057
1.820000 40.306858 -0.006057
1.825000 40.259052 -0.006057
1.830000 40.208076 -0.006057
1.835000 40.149666 -0.006057
1.840000 40.092743 -0.006057
1.845000 40.046654 -0.006057
1.850000 39.987907 -0.006057
1.855000 39.941849 -0.006057
1.860000 39.889385 -0.006057
1.865000 39.834606 -0.006057
1.870000 39.780964 -0.006057
1.875000 39.735256 -0.006057
1.880000 39.675392 -0.006057
1.885000 39.624062 -0.006057
1.890000 39.579826 -0.006057
1.895000 39.524632 -0.006057
1.900000 39.475723 -0.006057
1.905000 39.434998 -0.006057
1.910000 39.379944 -0.006057
1.915000 39.333179 -0.006057
1.920000 39.283291 -0.006057
1.925000 39.229813 -0.006057
1.930000 39.182316 -0.006057
1.935000 39.139702 -0.006057
1.940000 39.088833 -0.006057
1.945000 39.029320 -0.006057
1.950000 38.972214 -0.006057
1.955000 38.926704 -0.006057
