0.000000 -62.615871 -0.006057
0.005000 -0.457121 -0.006057
0.010000 0.743008 -0.006057
0.015000 0.797632 -0.006057
0.020000 0.794001 -0.006057
0.025000 0.791488 -0.006057
0.030000 0.799188 -0.006057
0.035000 0.795081 -0.006057
0.040000 0.790806 -0.006057
0.045000 0.792959 -0.006057
0.050000 0.799601 -0.006057
0.055000 0.801203 -0.006057
0.060000 0.797042 -0.006057
0.065000 0.791205 -0.006057
0.070000 0.797326 -0.006057
0.075000 0.792285 -0.006057
0.080000 0.782433 -0.006057
0.085000 0.797632 -0.006057
0.090000 0.791718 -0.006057
0.095000 0.793986 -0.006057
0.100000 0.788316 -0.006057
0.105000 0.798950 -0.006057
0.110000 0.798015 -0.006057
0.115000 0.796414 -0.006057
0.120000 0.795357 -0.006057
0.125000 0.792630 -0.006057
0.130000 0.788286 -0.006057
0.135000 0.799486 -0.006057
0.140000 0.791189 -0.006057
0.145000 0.790416 -0.006057
0.150000 0.795878 -0.006057
0.155000 0.790898 -0.006057
0.160000 0.801563 -0.006057
0.165000 0.796054 -0.006057
0.170000 0.796920 -0.006057
0.175000 0.784777 -0.006057
0.180000 0.794338 -0.006057
0.185000 0.794468 -0.006057
0.190000 0.792982 -0.006057
0.195000 0.792040 -0.006057
0.200000 0.793618 -0.006057
0.205000 0.789113 -0.006057
0.210000 0.784716 -0.006057
0.215000 0.795786 -0.006057
0.220000 0.790347 -0.006057
0.225000 0.789060 -0.006057
0.230000 0.790017 -0.006057
0.235000 0.794499 -0.006057
0.240000 0.788768 -0.006057
0.245000 0.793488 -0.006057
0.250000 0.790262 -0.006057
0.255000 0.786340 -0.006057
0.260000 0.796736 -0.006057
0.265000 0.795296 -0.006057
0.270000 0.795503 -0.006057
0.275000 0.789925 -0.006057
0.280000 0.788447 -0.006057
0.285000 0.789964 -0.006057
0.290000 0.796292 -0.006057
0.295000 0.788623 -0.006057
0.300000 0.797495 -0.006057
0.305000 0.786087 -0.006057
0.310000 0.792752 -0.006057
0.315000 0.780693 -0.006057
0.320000 0.785658 -0.006057
0.325000 0.796414 -0.006057
0.330000 0.794016 -0.006057
0.335000 0.795319 -0.006057
0.340000 0.783819 -0.006057
0.345000 0.788240 -0.006057
0.350000 0.795648 -0.006057
0.355000 0.798391 -0.006057
0.360000 0.792453 -0.006057
0.365000 0.785489 -0.006057
0.370000 0.788232 -0.006057
0.375000 0.793074 -0.006057
0.380000 0.799908 -0.006057
0.385000 0.791197 -0.006057
0.390000 0.787382 -0.006057
0.395000 0.793748 -0.006057
0.400000 0.793373 -0.006057
0.405000 0.789320 -0.006057
0.410000 0.791626 -0.006057
0.415000 0.796322 -0.006057
0.420000 0.792040 -0.006057
0.425000 0.789558 -0.006057
0.430000 0.788722 -0.006057
0.435000 0.791833 -0.006057
0.440000 0.789014 -0.006057
0.445000 0.792361 -0.006057
0.450000 0.788247 -0.006057
0.455000 0.790783 -0.006057
0.460000 0.788416 -0.006057
0.465000 0.786715 -0.006057
0.470000 0.788132 -0.006057
0.475000 0.787711 -0.006057
0.480000 0.787596 -0.006057
0.485000 0.784877 -0.006057
0.490000 0.789083 -0.006057
0.495000 0.791404 -0.006057
0.500000 0.789994 -0.006057
0.505000 0.787167 -0.006057
0.510000 0.798376 -0.006057
0.515000 0.792024 -0.006057
0.520000 0.797625 -0.006057
0.525000 0.795993 -0.006057
0.530000 0.793105 -0.006057
0.535000 0.790898 -0.006057
0.540000 0.800865 -0.006057
0.545000 0.800574 -0.006057
0.550000 0.794078 -0.006057
0.555000 0.793036 -0.006057
0.560000 0.793886 -0.006057
0.565000 0.789052 -0.006057
0.570000 0.795641 -0.006057
0.575000 0.797525 -0.006057
0.580000 0.796491 -0.006057
0.585000 0.787068 -0.006057
0.590000 0.791251 -0.006057
0.595000 0.794836 -0.006057
0.600000 0.796238 -0.006057
0.605000 0.791864 -0.006057
0.610000 0.788860 -0.006057
0.615000 0.790959 -0.006057
0.620000 0.793886 -0.006057
0.625000 0.793664 -0.006057
0.630000 0.789542 -0.006057
0.635000 0.787780 -0.006057
0.640000 0.786263 -0.006057
0.645000 0.788447 0.113954
0.650000 0.789029 2.994223
0.655000 0.791090 2.874212
0.660000 0.791519 -0.006057
0.665000 0.801049 -0.006057
0.670000 0.912497 -0.006057
0.675000 1.366370 -0.006057
0.680000 2.597389 -0.006057
0.685000 4.694923 -0.006057
0.690000 7.267114 -0.006057
0.695000 10.038765 -0.006057
0.700000 12.948809 -0.006057
0.705000 15.841744 -0.006057
0.710000 18.699009 -0.006057
0.715000 21.440912 -0.006057
0.720000 23.997734 -0.006057
0.725000 26.367977 -0.006057
0.730000 28.514856 -0.006057
0.735000 30.437254 -0.006057
0.740000 32.088650 -0.006057
0.745000 33.453274 -0.006057
0.750000 34.446934 -0.006057
0.755000 35.045902 -0.006057
0.760000 35.195602 -0.006057
0.765000 34.915768 -0.006057
0.770000 34.271385 -0.006057
0.775000 33.398895 -0.006057
0.780000 32.230881 -0.006057
0.785000 30.831484 -0.006057
0.790000 29.335211 -0.006057
0.795000 27.835114 -0.006057
0.800000 26.426155 -0.006057
0.805000 25.137257 -0.006057
0.810000 24.030272 -0.006057
0.815000 23.055704 -0.006057
0.820000 22.221682 -0.006057
0.825000 21.489277 -0.006057
0.830000 20.847351 -0.006057
0.835000 20.297268 -0.006057
0.840000 19.815149 -0.006057
0.845000 19.403818 -0.006057
0.850000 19.030256 -0.006057
0.855000 18.692759 -0.006057
0.860000 18.392254 -0.006057
0.865000 18.127138 -0.006057
0.870000 17.891701 -0.006057
0.875000 17.677738 -0.006057
0.880000 17.479366 -0.006057
0.885000 17.297123 -0.006057
0.890000 17.126951 -0.006057
0.895000 16.980070 -0.006057
0.900000 16.841686 -0.006057
0.905000 16.719320 -0.006057
0.910000 16.602526 -0.006057
0.915000 16.495047 -0.006057
0.920000 16.394569 -0.006057
0.925000 16.295908 -0.006057
0.930000 16.210562 -0.006057
0.935000 16.136877 -0.006057
0.940000 16.061176 -0.006057
0.945000 15.982626 -0.006057
0.950000 15.926470 -0.006057
0.955000 15.860545 -0.006057
0.960000 15.813650 -0.006057
0.965000 15.743175 -0.006057
0.970000 15.696825 -0.006057
0.975000 15.651056 -0.006057
0.980000 15.598202 -0.006057
0.985000 15.548212 -0.006057
0.990000 15.515024 -0.006057
0.995000 15.472182 -0.006057
1.000000 15.429954 -0.006057
1.005000 15.391012 -0.006057
1.010000 15.352622 -0.006057
1.015000 15.317104 -0.006057
1.020000 15.280982 -0.006057
1.025000 15.245050 -0.006057
1.030000 15.212176 -0.006057
1.035000 15.185676 -0.006057
1.040000 15.144957 -0.006057
1.045000 15.112060 -0.006057
1.050000 15.092423 -0.006057
1.055000 15.060185 -0.006057
1.060000 15.034068 -0.006057
1.065000 14.997080 -0.006057
1.070000 14.964397 -0.006057
1.075000 14.935989 -0.006057
1.080000 14.913175 -0.006057
1.085000 14.883479 -0.006057
1.090000 14.855103 -0.006057
1.095000 14.830050 -0.006057
1.100000 14.808621 -0.006057
1.105000 14.768400 -0.006057
1.110000 14.750458 -0.006057
1.115000 14.713293 -0.006057
1.120000 14.681484 -0.006057
1.125000 14.657435 -0.006057
1.130000 14.632758 -0.006057
1.135000 14.612395 -0.006057
1.140000 14.577552 -0.006057
1.145000 14.552646 -0.006057
1.150000 14.523273 -0.006057
1.155000 14.502962 -0.006057
1.160000 14.478324 -0.006057
1.165000 14.452751 -0.006057
1.170000 14.432403 -0.006057
1.175000 14.412544 -0.006057
1.180000 14.391629 -0.006057
1.185000 14.362793 -0.006057
1.190000 14.335565 -0.006057
1.195000 14.316749 -0.006057
1.200000 14.297642 -0.006057
1.205000 14.269809 -0.006057
1.210000 14.253023 -0.006057
1.215000 14.230767 -0.006057
1.220000 14.210487 -0.006057
1.225000 14.195303 -0.006057
1.230000 14.176840 -0.006057
1.235000 14.160721 -0.006057
1.240000 14.138021 -0.006057
1.245000 14.116285 -0.006057
1.250000 14.097040 -0.006057
1.255000 14.078784 -0.006057
1.260000 14.067537 -0.006057
1.265000 14.044431 -0.006057
1.270000 14.029484 -0.006057
1.275000 14.017808 -0.006057
1.280000 13.996824 -0.006057
1.285000 13.976200 -0.006057
1.290000 13.959966 -0.006057
1.295000 13.943824 -0.006057
1.300000 13.934370 -0.006057
1.305000 13.920181 -0.006057
1.310000 13.903487 -0.006057
1.315000 13.883522 -0.006057
1.320000 13.867978 -0.006057
1.325000 13.856770 -0.006057
1.330000 13.833602 -0.006057
1.335000 13.821589 -0.006057
1.340000 13.807492 -0.006057
1.345000 13.791075 -0.006057
1.350000 13.774381 -0.006057
1.355000 13.771294 -0.006057
1.360000 13.759295 -0.006057
1.365000 13.737538 -0.006057
1.370000 13.721074 -0.006057
1.375000 13.714532 -0.006057
1.380000 13.701668 -0.006057
1.385000 13.685365 -0.006057
1.390000 13.673153 -0.006057
1.395000 13.660106 -0.006057
1.400000 13.650146 -0.006057
1.405000 13.628435 -0.006057
1.410000 13.622367 -0.006057
1.415000 13.611802 -0.006057
1.420000 13.593729 -0.006057
1.425000 13.585195 -0.006057
1.430000 13.569482 -0.006057
1.435000 13.560127 -0.006057
1.440000 13.536378 -0.006057
1.445000 13.519439 -0.006057
1.450000 13.510705 -0.006057
1.455000 13.501189 -0.006057
1.460000 13.490893 -0.006057
1.465000 13.472054 -0.006057
1.470000 13.459842 -0.006057
1.475000 13.450028 -0.006057
1.480000 13.431289 -0.006057
1.485000 13.419820 -0.006057
1.490000 13.405524 -0.006057
1.495000 13.392584 -0.006057
1.500000 13.381567 -0.006057
1.505000 13.363402 -0.006057
1.510000 13.357013 -0.006057
1.515000 13.345513 -0.006057
1.520000 13.326904 -0.006057
1.525000 13.308495 -0.006057
1.530000 13.301354 -0.006057
1.535000 13.287150 -0.006057
1.540000 13.278118 -0.006057
1.545000 13.263623 -0.006057
1.550000 13.250361 -0.006057
1.555000 13.238089 -0.006057
1.560000 13.223946 -0.006057
1.565000 13.214277 -0.006057
1.570000 13.195545 -0.006057
1.575000 13.184973 -0.006057
1.580000 13.168869 -0.006057
1.585000 13.154573 -0.006057
1.590000 13.154450 -0.006057
1.595000 13.135796 -0.006057
1.600000 13.118136 -0.006057
1.605000 13.101926 -0.006057
1.610000 13.092518 -0.006057
1.615000 13.080451 -0.006057
1.620000 13.066148 -0.006057
1.625000 13.042298 -0.006057
1.630000 13.034461 -0.006057
1.635000 13.020885 -0.006057
1.640000 13.010880 -0.006057
1.645000 13.001004 -0.006057
1.650000 12.982617 -0.006057
1.655000 12.961450 -0.006057
1.660000 12.956293 -0.006057
1.665000 12.947859 -0.006057
1.670000 12.926270 -0.006057
1.675000 12.920217 -0.006057
1.680000 12.904595 -0.006057
1.685000 12.894697 -0.006057
1.690000 12.877866 -0.006057
1.695000 12.869109 -0.006057
1.700000 12.857150 -0.006057
1.705000 12.842693 -0.006057
1.710000 12.830733 -0.006057
1.715000 12.813603 -0.006057
1.720000 12.802855 -0.006057
1.725000 12.788658 -0.006057
1.730000 12.776507 -0.006057
1.735000 12.761630 -0.006057
1.740000 12.758580 -0.006057
1.745000 12.739450 -0.006057
1.750000 12.730341 -0.006057
1.755000 12.709479 -0.006057
1.760000 12.692288 -0.006057
1.765000 12.674047 -0.006057
1.770000 12.665366 -0.006057
1.775000 12.665734 -0.006057
1.780000 12.653859 -0.006057
1.785000 12.624203 -0.006057
1.790000 12.617813 -0.006057
1.795000 12.608673 -0.006057
1.800000 12.592102 -0.006057
1.805000 12.581438 -0.006057
1.810000 12.566092 -0.006057
1.815000 12.558745 -0.006057
1.820000 12.543622 -0.006057
1.825000 12.529963 -0.006057
1.830000 12.518042 -0.006057
1.835000 12.498084 -0.006057
1.840000 12.487457 -0.006057
1.845000 12.470687 -0.006057
1.850000 12.462084 -0.006057
1.855000 12.444808 -0.006057
1.860000 12.432826 -0.006057
1.865000 12.425280 -0.006057
1.870000 12.411895 -0.006057
1.875000 12.398948 -0.006057
1.880000 12.387135 -0.006057
1.885000 12.369759 -0.006057
1.890000 12.368739 -0.006057
1.895000 12.348950 -0.006057
1.900000 12.332847 -0.006057
1.905000 12.322803 -0.006057
1.910000 12.309534 -0.006057
1.915000 12.290166 -0.006057
1.920000 12.285010 -0.006057
1.925000 12.273243 -0.006057
1.930000 12.255852 -0.006057
1.935000 12.243900 -0.006057
1.940000 12.232363 -0.006057
1.945000 12.219959 -0.006057
1.950000 12.209815 -0.006057
