0.000000 123.493500 -0.006057
0.005000 539.012268 -0.006057
0.010000 546.999329 -0.006057
0.015000 547.331238 -0.006057
0.020000 547.310608 -0.006057
0.025000 547.311035 -0.006057
0.030000 547.311035 -0.006057
0.035000 547.311035 -0.006057
0.040000 547.311035 -0.006057
0.045000 547.311035 -0.006057
0.050000 547.311035 -0.006057
0.055000 547.311035 -0.006057
0.060000 547.311035 -0.006057
0.065000 547.311035 -0.006057
0.070000 547.311035 -0.006057
0.075000 547.311035 -0.006057
0.080000 547.311035 -0.006057
0.085000 547.311035 -0.006057
0.090000 547.311035 -0.006057
0.095000 547.311035 -0.006057
0.100000 547.311035 -0.006057
0.105000 547.311035 -0.006057
0.110000 547.311035 -0.006057
0.115000 547.311035 -0.006057
0.120000 547.311035 -0.006057
0.125000 547.311035 -0.006057
0.130000 547.311035 -0.006057
0.135000 547.311035 -0.006057
0.140000 547.311035 -0.006057
0.145000 547.311035 -0.006057
0.150000 547.311035 -0.006057
0.155000 547.311035 -0.006057
0.160000 547.311035 -0.006057
0.165000 547.311035 -0.006057
0.170000 547.311035 -0.006057
0.175000 547.311035 -0.006057
0.180000 547.311035 -0.006057
0.185000 547.311035 -0.006057
0.190000 547.311035 -0.006057
0.195000 547.311035 -0.006057
0.200000 547.311035 -0.006057
0.205000 547.311035 -0.006057
0.210000 547.311035 -0.006057
0.215000 547.311035 -0.006057
0.220000 547.311035 -0.006057
0.225000 547.311035 -0.006057
0.230000 547.311035 -0.006057
0.235000 547.311035 -0.006057
0.240000 547.311035 -0.006057
0.245000 547.311035 -0.006057
0.250000 547.311035 -0.006057
0.255000 547.311035 -0.006057
0.260000 547.311035 -0.006057
0.265000 547.311035 -0.006057
0.270000 547.311035 -0.006057
0.275000 547.311035 -0.006057
0.280000 547.311035 -0.006057
0.285000 547.311035 -0.006057
0.290000 547.311035 -0.006057
0.295000 547.311035 -0.006057
0.300000 547.311035 -0.006057
0.305000 547.311035 -0.006057
0.310000 547.311035 -0.006057
0.315000 547.311035 -0.006057
0.320000 547.311035 -0.006057
0.325000 547.311035 -0.006057
0.330000 547.311035 -0.006057
0.335000 547.311035 -0.006057
0.340000 547.311035 -0.006057
0.345000 547.311035 -0.006057
0.350000 547.311035 -0.006057
0.355000 547.311035 -0.006057
0.360000 547.311035 -0.006057
0.365000 547.311035 -0.006057
0.370000 547.311035 -0.006057
0.375000 547.311035 -0.006057
0.380000 547.311035 -0.006057
0.385000 547.311035 -0.006057
0.390000 547.311035 -0.006057
0.395000 547.311035 -0.006057
0.400000 547.311035 -0.006057
0.405000 547.311035 -0.006057
0.410000 547.311035 -0.006057
0.415000 547.311035 -0.006057
0.420000 547.311035 -0.006057
0.425000 547.311035 -0.006057
0.430000 547.311035 -0.006057
0.435000 547.311035 -0.006057
0.440000 547.311035 -0.006057
0.445000 547.311035 -0.006057
0.450000 547.311035 -0.006057
0.455000 547.311035 -0.006057
0.460000 547.311035 -0.006057
0.465000 547.311035 -0.006057
0.470000 547.311035 -0.006057
0.475000 547.311035 -0.006057
0.480000 547.311035 -0.006057
0.485000 547.311035 -0.006057
0.490000 547.311035 -0.006057
0.495000 547.311035 -0.006057
0.500000 547.311035 -0.006057
0.505000 547.311035 -0.006057
0.510000 547.311035 -0.006057
0.515000 547.311035 -0.006057
0.520000 547.311035 -0.006057
0.525000 547.311035 -0.006057
0.530000 547.311035 -0.006057
0.535000 547.311035 -0.006057
0.540000 547.311035 -0.006057
0.545000 547.311035 -0.006057
0.550000 547.311035 -0.006057
0.555000 547.311035 -0.006057
0.560000 547.311035 -0.006057
0.565000 547.311035 -0.006057
0.570000 547.311035 -0.006057
0.575000 547.311035 -0.006057
0.580000 547.311035 -0.006057
0.585000 547.311035 -0.006057
0.590000 547.311035 -0.006057
0.595000 547.311035 -0.006057
0.600000 547.311035 -0.006057
0.605000 547.311035 -0.006057
0.610000 547.311035 -0.006057
0.615000 547.311035 -0.006057
0.620000 547.311035 -0.006057
0.625000 547.311035 -0.006057
0.630000 547.311035 -0.006057
0.635000 547.311035 -0.006057
0.640000 547.311035 -0.006057
0.645000 547.311035 0.173960
0.650000 547.311035 2.994223
0.655000 547.311035 2.814206
0.660000 547.311035 -0.006057
0.665000 547.311035 -0.006057
0.670000 547.311035 -0.006057
0.675000 547.311035 -0.006057
0.680000 547.311035 -0.006057
0.685000 547.311035 -0.006057
0.690000 547.311035 -0.006057
0.695000 547.311035 -0.006057
0.700000 547.311035 -0.006057
0.705000 547.311035 -0.006057
0.710000 547.311035 -0.006057
0.715000 547.311035 -0.006057
0.720000 547.311035 -0.006057
0.725000 547.311035 -0.006057
0.730000 547.311035 -0.006057
0.735000 547.311035 -0.006057
0.740000 547.311035 -0.006057
0.745000 547.311035 -0.006057
0.750000 547.311035 -0.006057
0.755000 547.311035 -0.006057
0.760000 547.311035 -0.006057
0.765000 547.311035 -0.006057
0.770000 547.311035 -0.006057
0.775000 547.311035 -0.006057
0.780000 547.311035 -0.006057
0.785000 547.311035 -0.006057
0.790000 547.311035 -0.006057
0.795000 547.311035 -0.006057
0.800000 547.311035 -0.006057
0.805000 547.311035 -0.006057
0.810000 547.311035 -0.006057
0.815000 547.311035 -0.006057
0.820000 547.311035 -0.006057
0.825000 547.311035 -0.006057
0.830000 547.311035 -0.006057
0.835000 547.311035 -0.006057
0.840000 547.311035 -0.006057
0.845000 547.311035 -0.006057
0.850000 547.311035 -0.006057
0.855000 547.311035 -0.006057
0.860000 547.311035 -0.006057
0.865000 547.311035 -0.006057
0.870000 547.311035 -0.006057
0.875000 547.311035 -0.006057
0.880000 547.311035 -0.006057
0.885000 547.311035 -0.006057
0.890000 547.311035 -0.006057
0.895000 547.311035 -0.006057
0.900000 547.311035 -0.006057
0.905000 547.311035 -0.006057
0.910000 547.311035 -0.006057
0.915000 547.311035 -0.006057
0.920000 547.311035 -0.006057
0.925000 547.311035 -0.006057
0.930000 547.311035 -0.006057
0.935000 547.311035 -0.006057
0.940000 547.311035 -0.006057
0.945000 547.311035 -0.006057
0.950000 547.311035 -0.006057
0.955000 547.311035 -0.006057
0.960000 547.311035 -0.006057
0.965000 547.311035 -0.006057
0.970000 547.311035 -0.006057
0.975000 547.311035 -0.006057
0.980000 547.311035 -0.006057
0.985000 547.311035 -0.006057
0.990000 547.311035 -0.006057
0.995000 547.311035 -0.006057
1.000000 547.311035 -0.006057
1.005000 547.311035 -0.006057
1.010000 547.311035 -0.006057
1.015000 547.311035 -0.006057
1.020000 547.311035 -0.006057
1.025000 547.311035 -0.006057
1.030000 547.311035 -0.006057
1.035000 547.311035 -0.006057
1.040000 547.311035 -0.006057
1.045000 547.311035 -0.006057
1.050000 547.311035 -0.006057
1.055000 547.311035 -0.006057
1.060000 547.311035 -0.006057
1.065000 547.311035 -0.006057
1.070000 547.311035 -0.006057
1.075000 547.311035 -0.006057
1.080000 547.311035 -0.006057
1.085000 547.311035 -0.006057
1.090000 547.311035 -0.006057
1.095000 547.311035 -0.006057
1.100000 547.311035 -0.006057
1.105000 547.311035 -0.006057
1.110000 547.311035 -0.006057
1.115000 547.311035 -0.006057
1.120000 547.311035 -0.006057
1.125000 547.311035 -0.006057
1.130000 547.311035 -0.006057
1.135000 547.311035 -0.006057
1.140000 547.311035 -0.006057
1.145000 547.311035 -0.006057
1.150000 547.311035 -0.006057
1.155000 547.311035 -0.006057
1.160000 547.311035 -0.006057
1.165000 547.311035 -0.006057
1.170000 547.311035 -0.006057
1.175000 547.311035 -0.006057
1.180000 547.311035 -0.006057
1.185000 547.311035 -0.006057
1.190000 547.311035 -0.006057
1.195000 547.311035 -0.006057
1.200000 547.311035 -0.006057
1.205000 547.311035 -0.006057
1.210000 547.311035 -0.006057
1.215000 547.311035 -0.006057
1.220000 547.311035 -0.006057
1.225000 547.311035 -0.006057
1.230000 547.311035 -0.006057
1.235000 547.311035 -0.006057
1.240000 547.311035 -0.006057
1.245000 547.311035 -0.006057
1.250000 547.311035 -0.006057
1.255000 547.311035 -0.006057
1.260000 547.311035 -0.006057
1.265000 547.311035 -0.006057
1.270000 547.311035 -0.006057
1.275000 547.311035 -0.006057
1.280000 547.311035 -0.006057
1.285000 547.311035 -0.006057
1.290000 547.311035 -0.006057
1.295000 547.311035 -0.006057
1.300000 547.311035 -0.006057
1.305000 547.311035 -0.006057
1.310000 547.311035 -0.006057
1.315000 547.311035 -0.006057
1.320000 547.311035 -0.006057
1.325000 547.311035 -0.006057
1.330000 547.311035 -0.006057
1.335000 547.311035 -0.006057
1.340000 547.311035 -0.006057
1.345000 547.311035 -0.006057
1.350000 547.311035 -0.006057
1.355000 547.311035 -0.006057
1.360000 547.311035 -0.006057
1.365000 547.311035 -0.006057
1.370000 547.311035 -0.006057
1.375000 547.311035 -0.006057
1.380000 547.311035 -0.006057
1.385000 547.311035 -0.006057
1.390000 547.311035 -0.006057
1.395000 547.311035 -0.006057
1.400000 547.311035 -0.006057
1.405000 547.311035 -0.006057
1.410000 547.311035 -0.006057
1.415000 547.311035 -0.006057
1.420000 547.311035 -0.006057
1.425000 547.311035 -0.006057
1.430000 547.311035 -0.006057
1.435000 547.311035 -0.006057
1.440000 547.311035 -0.006057
1.445000 547.311035 -0.006057
1.450000 547.311035 -0.006057
1.455000 547.311035 -0.006057
1.460000 547.311035 -0.006057
1.465000 547.311035 -0.006057
1.470000 547.311035 -0.006057
1.475000 547.311035 -0.006057
1.480000 547.311035 -0.006057
1.485000 547.311035 -0.006057
1.490000 547.311035 -0.006057
1.495000 547.311035 -0.006057
1.500000 547.311035 -0.006057
1.505000 547.311035 -0.006057
1.510000 547.311035 -0.006057
1.515000 547.311035 -0.006057
1.520000 547.311035 -0.006057
1.525000 547.311035 -0.006057
1.530000 547.311035 -0.006057
1.535000 547.311035 -0.006057
1.540000 547.311035 -0.006057
1.545000 547.311035 -0.006057
1.550000 547.311035 -0.006057
1.555000 547.311035 -0.006057
1.560000 547.311035 -0.006057
1.565000 547.311035 -0.006057
1.570000 547.311035 -0.006057
1.575000 547.311035 -0.006057
1.580000 547.311035 -0.006057
1.585000 547.311035 -0.006057
1.590000 547.311035 -0.006057
1.595000 547.311035 -0.006057
1.600000 547.311035 -0.006057
1.605000 547.311035 -0.006057
1.610000 547.311035 -0.006057
1.615000 547.311035 -0.006057
1.620000 547.311035 -0.006057
1.625000 547.311035 -0.006057
1.630000 547.311035 -0.006057
1.635000 547.311035 -0.006057
1.640000 547.311035 -0.006057
1.645000 547.311035 -0.006057
1.650000 547.311035 -0.006057
1.655000 547.311035 -0.006057
1.660000 547.311035 -0.006057
1.665000 547.311035 -0.006057
1.670000 547.311035 -0.006057
1.675000 547.311035 -0.006057
1.680000 547.311035 -0.006057
1.685000 547.311035 -0.006057
1.690000 547.311035 -0.006057
1.695000 547.311035 -0.006057
1.700000 547.311035 -0.006057
1.705000 547.311035 -0.006057
1.710000 547.311035 -0.006057
1.715000 547.311035 -0.006057
1.720000 547.311035 -0.006057
1.725000 547.311035 -0.006057
1.730000 547.311035 -0.006057
1.735000 547.311035 -0.006057
1.740000 547.311035 -0.006057
1.745000 547.311035 -0.006057
1.750000 547.311035 -0.006057
1.755000 547.311035 -0.006057
1.760000 547.311035 -0.006057
1.765000 547.311035 -0.006057
1.770000 547.311035 -0.006057
