0.000000 -62.725616 -0.006057
0.005000 -0.767140 -0.006057
0.010000 0.420754 -0.006057
0.015000 0.475455 -0.006057
0.020000 0.469955 -0.006057
0.025000 0.476313 -0.006057
0.030000 0.477930 -0.006057
0.035000 0.463956 -0.006057
0.040000 0.468415 -0.006057
0.045000 0.465028 -0.006057
0.050000 0.469817 -0.006057
0.055000 0.476781 -0.006057
0.060000 0.474161 -0.006057
0.065000 0.468545 -0.006057
0.070000 0.465228 -0.006057
0.075000 0.462424 -0.006057
0.080000 0.478872 -0.006057
0.085000 0.465864 -0.006057
0.090000 0.472123 -0.006057
0.095000 0.469962 -0.006057
0.100000 0.469005 -0.006057
0.105000 0.472391 -0.006057
0.110000 0.464454 -0.006057
0.115000 0.467059 -0.006057
0.120000 0.467388 -0.006057
0.125000 0.468177 -0.006057
0.130000 0.471203 -0.006057
0.135000 0.467120 -0.006057
0.140000 0.460593 -0.006057
0.145000 0.465090 -0.006057
0.150000 0.469150 -0.006057
0.155000 0.480282 -0.006057
0.160000 0.469028 -0.006057
0.165000 0.470253 -0.006057
0.170000 0.472176 -0.006057
0.175000 0.479186 -0.006057
0.180000 0.473096 -0.006057
0.185000 0.473195 -0.006057
0.190000 0.473525 -0.006057
0.195000 0.471525 -0.006057
0.200000 0.459520 -0.006057
0.205000 0.465519 -0.006057
0.210000 0.472567 -0.006057
0.215000 0.476329 -0.006057
0.220000 0.461673 -0.006057
0.225000 0.466775 -0.006057
0.230000 0.470445 -0.006057
0.235000 0.471426 -0.006057
0.240000 0.474781 -0.006057
0.245000 0.473134 -0.006057
0.250000 0.474988 -0.006057
0.255000 0.470966 -0.006057
0.260000 0.472054 -0.006057
0.265000 0.472751 -0.006057
0.270000 0.469365 -0.006057
0.275000 0.472529 -0.006057
0.280000 0.459612 -0.006057
0.285000 0.473034 -0.006057
0.290000 0.474314 -0.006057
0.295000 0.466814 -0.006057
0.300000 0.474314 -0.006057
0.305000 0.472422 -0.006057
0.310000 0.474138 -0.006057
0.315000 0.467465 -0.006057
0.320000 0.466691 -0.006057
0.325000 0.475394 -0.006057
0.330000 0.471065 -0.006057
0.335000 0.467066 -0.006057
0.340000 0.470774 -0.006057
0.345000 0.470912 -0.006057
0.350000 0.474398 -0.006057
0.355000 0.470230 -0.006057
0.360000 0.472674 -0.006057
0.365000 0.477578 -0.006057
0.370000 0.479248 -0.006057
0.375000 0.481830 -0.006057
0.380000 0.480343 -0.006057
0.385000 0.475563 -0.006057
0.390000 0.476574 -0.006057
0.395000 0.476237 -0.006057
0.400000 0.470866 -0.006057
0.405000 0.473992 -0.006057
0.410000 0.472958 -0.006057
0.415000 0.482013 -0.006057
0.420000 0.466913 -0.006057
0.425000 0.477585 -0.006057
0.430000 0.477539 -0.006057
0.435000 0.469641 -0.006057
0.440000 0.465611 -0.006057
0.445000 0.478796 -0.006057
0.450000 0.475961 -0.006057
0.455000 0.473241 -0.006057
0.460000 0.470483 -0.006057
0.465000 0.480274 -0.006057
0.470000 0.481109 -0.006057
0.475000 0.474176 -0.006057
0.480000 0.470506 -0.006057
0.485000 0.471180 -0.006057
0.490000 0.469587 -0.006057
0.495000 0.466109 -0.006057
0.500000 0.479661 -0.006057
0.505000 0.471602 -0.006057
0.510000 0.481385 -0.006057
0.515000 0.480619 -0.006057
0.520000 0.476995 -0.006057
0.525000 0.478076 -0.006057
0.530000 0.486150 -0.006057
0.535000 0.480021 -0.006057
0.540000 0.477309 -0.006057
0.545000 0.472644 -0.006057
0.550000 0.473157 -0.006057
0.555000 0.483224 -0.006057
0.560000 0.465442 -0.006057
0.565000 0.472759 -0.006057
0.570000 0.474528 -0.006057
0.575000 0.484281 -0.006057
0.580000 0.475478 -0.006057
0.585000 0.478014 -0.006057
0.590000 0.479317 -0.006057
0.595000 0.475624 -0.006057
0.600000 0.470054 -0.006057
0.605000 0.482611 -0.006057
0.610000 0.483017 -0.006057
0.615000 0.472322 -0.006057
0.620000 0.472391 -0.006057
0.625000 0.471410 -0.006057
0.630000 0.481178 -0.006057
0.635000 0.471885 -0.006057
0.640000 0.472054 -0.006057
0.645000 0.474107 0.049951
0.650000 0.478811 1.394136
0.655000 0.479998 1.338129
0.660000 0.480826 -0.006057
0.665000 0.472965 -0.006057
0.670000 0.488449 -0.006057
0.675000 0.786884 -0.006057
0.680000 1.928351 -0.006057
0.685000 4.274805 -0.006057
0.690000 7.239840 -0.006057
0.695000 10.378869 -0.006057
0.700000 13.641597 -0.006057
0.705000 16.854059 -0.006057
0.710000 19.997057 -0.006057
0.715000 22.915037 -0.006057
0.720000 25.644766 -0.006057
0.725000 28.121323 -0.006057
0.730000 30.377504 -0.006057
0.735000 32.256340 -0.006057
0.740000 33.926662 -0.006057
0.745000 35.185001 -0.006057
0.750000 35.913261 -0.006057
0.755000 35.964161 -0.006057
0.760000 35.417351 -0.006057
0.765000 34.541977 -0.006057
0.770000 33.371132 -0.006057
0.775000 31.922878 -0.006057
0.780000 30.385250 -0.006057
0.785000 28.897963 -0.006057
0.790000 27.485096 -0.006057
0.795000 26.163645 -0.006057
0.800000 24.898785 -0.006057
0.805000 23.755089 -0.006057
0.810000 22.734463 -0.006057
0.815000 21.834890 -0.006057
0.820000 21.038261 -0.006057
0.825000 20.306906 -0.006057
0.830000 19.677063 -0.006057
0.835000 19.142601 -0.006057
0.840000 18.659241 -0.006057
0.845000 18.252268 -0.006057
0.850000 17.889357 -0.006057
0.855000 17.586424 -0.006057
0.860000 17.303343 -0.006057
0.865000 17.069086 -0.006057
0.870000 16.858969 -0.006057
0.875000 16.648394 -0.006057
0.880000 16.479164 -0.006057
0.885000 16.321413 -0.006057
0.890000 16.194635 -0.006057
0.895000 16.067972 -0.006057
0.900000 15.977968 -0.006057
0.905000 15.891634 -0.006057
0.910000 15.809368 -0.006057
0.915000 15.742999 -0.006057
0.920000 15.683372 -0.006057
0.925000 15.625315 -0.006057
0.930000 15.578444 -0.006057
0.935000 15.537234 -0.006057
0.940000 15.506773 -0.006057
0.945000 15.485321 -0.006057
0.950000 15.453175 -0.006057
0.955000 15.429923 -0.006057
0.960000 15.410602 -0.006057
0.965000 15.388522 -0.006057
0.970000 15.371039 -0.006057
0.975000 15.363278 -0.006057
0.980000 15.350408 -0.006057
0.985000 15.332458 -0.006057
0.990000 15.326298 -0.006057
0.995000 15.315273 -0.006057
1.000000 15.306769 -0.006057
1.005000 15.301567 -0.006057
1.010000 15.298442 -0.006057
1.015000 15.297928 -0.006057
1.020000 15.293929 -0.006057
1.025000 15.288789 -0.006057
1.030000 15.292795 -0.006057
1.035000 15.291760 -0.006057
1.040000 15.286965 -0.006057
1.045000 15.284751 -0.006057
1.050000 15.291730 -0.006057
1.055000 15.291209 -0.006057
1.060000 15.287969 -0.006057
1.065000 15.287310 -0.006057
1.070000 15.295553 -0.006057
1.075000 15.294649 -0.006057
1.080000 15.297177 -0.006057
1.085000 15.297422 -0.006057
1.090000 15.298985 -0.006057
1.095000 15.302341 -0.006057
1.100000 15.302494 -0.006057
1.105000 15.298181 -0.006057
1.110000 15.303467 -0.006057
1.115000 15.305735 -0.006057
1.120000 15.306325 -0.006057
1.125000 15.312331 -0.006057
1.130000 15.320843 -0.006057
1.135000 15.321916 -0.006057
1.140000 15.328818 -0.006057
1.145000 15.316277 -0.006057
1.150000 15.320736 -0.006057
1.155000 15.329293 -0.006057
1.160000 15.330174 -0.006057
1.165000 15.329025 -0.006057
1.170000 15.338762 -0.006057
1.175000 15.329232 -0.006057
1.180000 15.337421 -0.006057
1.185000 15.337092 -0.006057
1.190000 15.346377 -0.006057
1.195000 15.340969 -0.006057
1.200000 15.349135 -0.006057
1.205000 15.352820 -0.006057
1.210000 15.346899 -0.006057
1.215000 15.347075 -0.006057
1.220000 15.356161 -0.006057
1.225000 15.355855 -0.006057
1.230000 15.356283 -0.006057
1.235000 15.354583 -0.006057
1.240000 15.356131 -0.006057
1.245000 15.365814 -0.006057
1.250000 15.362758 -0.006057
1.255000 15.373897 -0.006057
1.260000 15.359463 -0.006057
1.265000 15.368274 -0.006057
1.270000 15.374962 -0.006057
1.275000 15.376778 -0.006057
1.280000 15.366642 -0.006057
1.285000 15.370196 -0.006057
1.290000 15.379443 -0.006057
1.295000 15.382753 -0.006057
1.300000 15.378095 -0.006057
1.305000 15.377965 -0.006057
1.310000 15.380455 -0.006057
1.315000 15.381037 -0.006057
1.320000 15.380225 -0.006057
1.325000 15.386699 -0.006057
1.330000 15.389426 -0.006057
1.335000 15.389242 -0.006057
1.340000 15.392912 -0.006057
1.345000 15.393019 -0.006057
1.350000 15.394084 -0.006057
1.355000 15.394337 -0.006057
1.360000 15.397340 -0.006057
1.365000 15.391043 -0.006057
1.370000 15.393402 -0.006057
1.375000 15.396781 -0.006057
1.380000 15.394766 -0.006057
1.385000 15.390215 -0.006057
1.390000 15.401446 -0.006057
1.395000 15.401454 -0.006057
1.400000 15.399531 -0.006057
1.405000 15.398244 -0.006057
1.410000 15.398849 -0.006057
1.415000 15.398129 -0.006057
1.420000 15.393241 -0.006057
1.425000 15.385948 -0.006057
1.430000 15.391227 -0.006057
1.435000 15.396245 -0.006057
1.440000 15.398995 -0.006057
1.445000 15.402588 -0.006057
1.450000 15.403891 -0.006057
1.455000 15.404159 -0.006057
1.460000 15.395761 -0.006057
1.465000 15.391219 -0.006057
1.470000 15.393402 -0.006057
1.475000 15.396015 -0.006057
1.480000 15.390062 -0.006057
1.485000 15.401944 -0.006057
1.490000 15.396122 -0.006057
1.495000 15.394268 -0.006057
1.500000 15.391518 -0.006057
1.505000 15.396635 -0.006057
1.510000 15.397180 -0.006057
1.515000 15.390238 -0.006057
1.520000 15.383458 -0.006057
1.525000 15.388353 -0.006057
1.530000 15.386308 -0.006057
1.535000 15.387825 -0.006057
1.540000 15.382723 -0.006057
1.545000 15.385343 -0.006057
1.550000 15.387694 -0.006057
1.555000 15.382470 -0.006057
1.560000 15.373667 -0.006057
1.565000 15.373169 -0.006057
1.570000 15.375813 -0.006057
1.575000 15.374394 -0.006057
1.580000 15.362972 -0.006057
1.585000 15.365362 -0.006057
1.590000 15.368473 -0.006057
1.595000 15.358391 -0.006057
1.600000 15.360574 -0.006057
1.605000 15.362604 -0.006057
1.610000 15.359218 -0.006057
1.615000 15.363700 -0.006057
1.620000 15.361470 -0.006057
1.625000 15.353549 -0.006057
1.630000 15.359118 -0.006057
1.635000 15.353863 -0.006057
1.640000 15.349442 -0.006057
1.645000 15.342532 -0.006057
1.650000 15.340111 -0.006057
1.655000 15.336885 -0.006057
1.660000 15.335162 -0.006057
1.665000 15.331094 -0.006057
1.670000 15.328972 -0.006057
1.675000 15.336395 -0.006057
1.680000 15.325317 -0.006057
1.685000 15.318575 -0.006057
1.690000 15.314982 -0.006057
1.695000 15.317188 -0.006057
1.700000 15.308002 -0.006057
1.705000 15.308432 -0.006057
1.710000 15.304893 -0.006057
1.715000 15.301192 -0.006057
1.720000 15.298771 -0.006057
1.725000 15.285111 -0.006057
1.730000 15.287923 -0.006057
1.735000 15.277557 -0.006057
1.740000 15.278193 -0.006057
1.745000 15.267996 -0.006057
1.750000 15.270616 -0.006057
1.755000 15.260250 -0.006057
1.760000 15.257936 -0.006057
1.765000 15.262871 -0.006057
1.770000 15.252551 -0.006057
1.775000 15.248276 -0.006057
1.780000 15.240339 -0.006057
1.785000 15.237719 -0.006057
1.790000 15.234218 -0.006057
1.795000 15.232348 -0.006057
1.800000 15.227169 -0.006057
1.805000 15.219193 -0.006057
1.810000 15.213333 -0.006057
1.815000 15.217064 -0.006057
1.820000 15.207726 -0.006057
1.825000 15.194939 -0.006057
1.830000 15.196202 -0.006057
1.835000 15.188304 -0.006057
1.840000 15.191491 -0.006057
1.845000 15.184917 -0.006057
1.850000 15.177134 -0.006057
1.855000 15.175019 -0.006057
1.860000 15.166553 -0.006057
1.865000 15.158517 -0.006057
1.870000 15.158072 -0.006057
1.875000 15.147308 -0.006057
1.880000 15.148565 -0.006057
1.885000 15.148894 -0.006057
1.890000 15.138844 -0.006057
1.895000 15.134477 -0.006057
1.900000 15.127934 -0.006057
1.905000 15.121797 -0.006057
1.910000 15.117437 -0.006057
1.915000 15.118227 -0.006057
1.920000 15.112052 -0.006057
1.925000 15.102843 -0.006057
1.930000 15.092332 -0.006057
1.935000 15.094163 -0.006057
1.940000 15.088769 -0.006057
1.945000 15.083583 -0.006057
1.950000 15.077845 -0.006057
1.955000 15.077178 -0.006057
1.960000 15.053329 -0.006057
1.965000 15.060262 -0.006057
1.970000 15.049911 -0.006057
1.975000 15.045752 -0.006057
1.980000 15.032972 -0.006057
1.985000 15.026867 -0.006057
1.990000 15.028522 -0.006057
1.995000 15.019596 -0.006057
2.000000 15.015919 -0.006057
2.005000 15.008427 -0.006057
2.010000 15.002573 -0.006057
2.015000 14.993541 -0.006057
2.020000 14.983565 -0.006057
2.025000 14.981772 -0.006057
2.030000 14.966841 -0.006057
2.035000 14.965010 -0.006057
2.040000 14.951457 -0.006057
2.045000 14.949994 -0.006057
2.050000 14.940035 -0.006057
2.055000 14.936296 -0.006057
2.060000 14.931278 -0.006057
2.065000 14.928428 -0.006057
2.070000 14.906280 -0.006057
2.075000 14.909765 -0.006057
2.080000 14.897814 -0.006057
2.085000 14.891869 -0.006057
2.090000 14.876462 -0.006057
2.095000 14.879879 -0.006057
2.100000 14.866946 -0.006057
2.105000 14.861637 -0.006057
2.110000 14.845894 -0.006057
2.115000 14.845541 -0.006057
2.120000 14.840646 -0.006057
2.125000 14.827682 -0.006057
2.130000 14.822895 -0.006057
2.135000 14.813066 -0.006057
2.140000 14.810905 -0.006057
2.145000 14.793077 -0.006057
2.150000 14.791239 -0.006057
2.155000 14.785339 -0.006057
