0.000000 -62.426685 -0.006057
0.005000 0.102370 -0.006057
0.010000 1.299879 -0.006057
0.015000 1.356204 -0.006057
0.020000 1.347769 -0.006057
0.025000 1.350619 -0.006057
0.030000 1.346888 -0.006057
0.035000 1.352764 -0.006057
0.040000 1.347424 -0.006057
0.045000 1.345310 -0.006057
0.050000 1.343686 -0.006057
0.055000 1.354043 -0.006057
0.060000 1.346535 -0.006057
0.065000 1.347723 -0.006057
0.070000 1.354710 -0.006057
0.075000 1.355461 -0.006057
0.080000 1.358127 -0.006057
0.085000 1.352450 -0.006057
0.090000 1.347792 -0.006057
0.095000 1.351362 -0.006057
0.100000 1.349408 -0.006057
0.105000 1.347692 -0.006057
0.110000 1.352726 -0.006057
0.115000 1.353147 -0.006057
0.120000 1.357568 -0.006057
0.125000 1.356526 -0.006057
0.130000 1.352887 -0.006057
0.135000 1.355016 -0.006057
0.140000 1.348006 -0.006057
0.145000 1.354005 -0.006057
0.150000 1.353806 -0.006057
0.155000 1.355943 -0.006057
0.160000 1.343517 -0.006057
0.165000 1.341058 -0.006057
0.170000 1.339901 -0.006057
0.175000 1.346459 -0.006057
0.180000 1.352105 -0.006057
0.185000 1.353147 -0.006057
0.190000 1.346934 -0.006057
0.195000 1.348550 -0.006057
0.200000 1.347807 -0.006057
0.205000 1.348834 -0.006057
0.210000 1.354380 -0.006057
0.215000 1.351339 -0.006057
0.220000 1.355836 -0.006057
0.225000 1.345141 -0.006057
0.230000 1.349638 -0.006057
0.235000 1.347700 -0.006057
0.240000 1.356549 -0.006057
0.245000 1.350343 -0.006057
0.250000 1.351845 -0.006057
0.255000 1.353783 -0.006057
0.260000 1.357736 -0.006057
0.265000 1.354901 -0.006057
0.270000 1.353178 -0.006057
0.275000 1.345800 -0.006057
0.280000 1.354089 -0.006057
0.285000 1.353231 -0.006057
0.290000 1.352741 -0.006057
0.295000 1.357667 -0.006057
0.300000 1.346474 -0.006057
0.305000 1.350826 -0.006057
0.310000 1.356166 -0.006057
0.315000 1.349746 -0.006057
0.320000 1.348895 -0.006057
0.325000 1.356418 -0.006057
0.330000 1.351799 -0.006057
0.335000 1.350083 -0.006057
0.340000 1.353116 -0.006057
0.345000 1.347761 -0.006057
0.350000 1.350979 -0.006057
0.355000 1.350979 -0.006057
0.360000 1.356763 -0.006057
0.365000 1.344199 -0.006057
0.370000 1.357958 -0.006057
0.375000 1.359483 -0.006057
0.380000 1.352511 -0.006057
0.385000 1.349577 -0.006057
0.390000 1.359514 -0.006057
0.395000 1.355001 -0.006057
0.400000 1.350558 -0.006057
0.405000 1.355200 -0.006057
0.410000 1.351569 -0.006057
0.415000 1.353155 -0.006057
0.420000 1.347577 -0.006057
0.425000 1.346765 -0.006057
0.430000 1.350527 -0.006057
0.435000 1.353515 -0.006057
0.440000 1.353270 -0.006057
0.445000 1.350841 -0.006057
0.450000 1.356158 -0.006057
0.455000 1.364938 -0.006057
0.460000 1.356602 -0.006057
0.465000 1.349585 -0.006057
0.470000 1.350389 -0.006057
0.475000 1.338882 -0.006057
0.480000 1.345279 -0.006057
0.485000 1.349041 -0.006057
0.490000 1.357353 -0.006057
0.495000 1.351132 -0.006057
0.500000 1.348757 -0.006057
0.505000 1.352871 -0.006057
0.510000 1.356564 -0.006057
0.515000 1.352549 -0.006057
0.520000 1.353997 -0.006057
0.525000 1.353208 -0.006057
0.530000 1.360624 -0.006057
0.535000 1.353469 -0.006057
0.540000 1.357162 -0.006057
0.545000 1.362846 -0.006057
0.550000 1.348742 -0.006057
0.555000 1.358203 -0.006057
0.560000 1.349263 -0.006057
0.565000 1.347930 -0.006057
0.570000 1.353676 -0.006057
0.575000 1.355522 -0.006057
0.580000 1.349470 -0.006057
0.585000 1.348972 -0.006057
0.590000 1.351883 -0.006057
0.595000 1.350481 -0.006057
0.600000 1.347455 -0.006057
0.605000 1.349891 -0.006057
0.610000 1.350420 -0.006057
0.615000 1.360961 -0.006057
0.620000 1.354051 -0.006057
0.625000 1.353936 -0.006057
0.630000 1.361743 -0.006057
0.635000 1.353630 -0.006057
0.640000 1.357453 -0.006057
0.645000 1.350849 0.129946
0.650000 1.354633 3.394012
0.655000 1.353890 3.258010
0.660000 1.351906 -0.006057
0.665000 1.355736 -0.006057
0.670000 1.451977 -0.006057
0.675000 1.813954 -0.006057
0.680000 2.733974 -0.006057
0.685000 4.393255 -0.006057
0.690000 6.538625 -0.006057
0.695000 8.968325 -0.006057
0.700000 11.509374 -0.006057
0.705000 14.110287 -0.006057
0.710000 16.669216 -0.006057
0.715000 19.180479 -0.006057
0.720000 21.542776 -0.006057
0.725000 23.792498 -0.006057
0.730000 25.826214 -0.006057
0.735000 27.705463 -0.006057
0.740000 29.341661 -0.006057
0.745000 30.760410 -0.006057
0.750000 31.885965 -0.006057
0.755000 32.716057 -0.006057
0.760000 33.190388 -0.006057
0.765000 33.332977 -0.006057
0.770000 33.089535 -0.006057
0.775000 32.515190 -0.006057
0.780000 31.739246 -0.006057
0.785000 30.733007 -0.006057
0.790000 29.568817 -0.006057
0.795000 28.311543 -0.006057
0.800000 27.042547 -0.006057
0.805000 25.821701 -0.006057
0.810000 24.703732 -0.006057
0.815000 23.735920 -0.006057
0.820000 22.885626 -0.006057
0.825000 22.176281 -0.006057
0.830000 21.562649 -0.006057
0.835000 21.042208 -0.006057
0.840000 20.582825 -0.006057
0.845000 20.193567 -0.006057
0.850000 19.858841 -0.006057
0.855000 19.566542 -0.006057
0.860000 19.296560 -0.006057
0.865000 19.068480 -0.006057
0.870000 18.855703 -0.006057
0.875000 18.670065 -0.006057
0.880000 18.494270 -0.006057
0.885000 18.342602 -0.006057
0.890000 18.202202 -0.006057
0.895000 18.071165 -0.006057
0.900000 17.962881 -0.006057
0.905000 17.858168 -0.006057
0.910000 17.762587 -0.006057
0.915000 17.676184 -0.006057
0.920000 17.592140 -0.006057
0.925000 17.511368 -0.006057
0.930000 17.447067 -0.006057
0.935000 17.382277 -0.006057
0.940000 17.312214 -0.006057
0.945000 17.251225 -0.006057
0.950000 17.198805 -0.006057
0.955000 17.155735 -0.006057
0.960000 17.096275 -0.006057
0.965000 17.056591 -0.006057
0.970000 17.014086 -0.006057
0.975000 16.977251 -0.006057
0.980000 16.928801 -0.006057
0.985000 16.899788 -0.006057
0.990000 16.864632 -0.006057
0.995000 16.834667 -0.006057
1.000000 16.798338 -0.006057
1.005000 16.772060 -0.006057
1.010000 16.740175 -0.006057
1.015000 16.708082 -0.006057
1.020000 16.685543 -0.006057
1.025000 16.653902 -0.006057
1.030000 16.639421 -0.006057
1.035000 16.613297 -0.006057
1.040000 16.584789 -0.006057
1.045000 16.562725 -0.006057
1.050000 16.542952 -0.006057
1.055000 16.524420 -0.006057
1.060000 16.497713 -0.006057
1.065000 16.472645 -0.006057
1.070000 16.462065 -0.006057
1.075000 16.446306 -0.006057
1.080000 16.426678 -0.006057
1.085000 16.411325 -0.006057
1.090000 16.392784 -0.006057
1.095000 16.373034 -0.006057
1.100000 16.356853 -0.006057
1.105000 16.341890 -0.006057
1.110000 16.327259 -0.006057
1.115000 16.320578 -0.006057
1.120000 16.299065 -0.006057
1.125000 16.285635 -0.006057
1.130000 16.272947 -0.006057
1.135000 16.261816 -0.006057
1.140000 16.250631 -0.006057
1.145000 16.231470 -0.006057
1.150000 16.209137 -0.006057
1.155000 16.206135 -0.006057
1.160000 16.193747 -0.006057
1.165000 16.177092 -0.006057
1.170000 16.172533 -0.006057
1.175000 16.161860 -0.006057
1.180000 16.147058 -0.006057
1.185000 16.135277 -0.006057
1.190000 16.118935 -0.006057
1.195000 16.119034 -0.006057
1.200000 16.106585 -0.006057
1.205000 16.091829 -0.006057
1.210000 16.083279 -0.006057
1.215000 16.064922 -0.006057
1.220000 16.049662 -0.006057
1.225000 16.047701 -0.006057
1.230000 16.039150 -0.006057
1.235000 16.028433 -0.006057
1.240000 16.012720 -0.006057
1.245000 16.004238 -0.006057
1.250000 16.000929 -0.006057
1.255000 15.989391 -0.006057
1.260000 15.975700 -0.006057
1.265000 15.970621 -0.006057
1.270000 15.963895 -0.006057
1.275000 15.954662 -0.006057
1.280000 15.937962 -0.006057
1.285000 15.929251 -0.006057
1.290000 15.910856 -0.006057
1.295000 15.894278 -0.006057
1.300000 15.893764 -0.006057
1.305000 15.888983 -0.006057
1.310000 15.877675 -0.006057
1.315000 15.870297 -0.006057
1.320000 15.858017 -0.006057
1.325000 15.838917 -0.006057
1.330000 15.838457 -0.006057
1.335000 15.830046 -0.006057
1.340000 15.810801 -0.006057
1.345000 15.802764 -0.006057
1.350000 15.798773 -0.006057
1.355000 15.785166 -0.006057
1.360000 15.775091 -0.006057
1.365000 15.764604 -0.006057
1.370000 15.764036 -0.006057
1.375000 15.748500 -0.006057
1.380000 15.734020 -0.006057
1.385000 15.719081 -0.006057
1.390000 15.709320 -0.006057
1.395000 15.714530 -0.006057
1.400000 15.689531 -0.006057
1.405000 15.679878 -0.006057
1.410000 15.665743 -0.006057
1.415000 15.657469 -0.006057
1.420000 15.650551 -0.006057
1.425000 15.639243 -0.006057
1.430000 15.638952 -0.006057
1.435000 15.614643 -0.006057
1.440000 15.599213 -0.006057
1.445000 15.593421 -0.006057
1.450000 15.587622 -0.006057
1.455000 15.570430 -0.006057
1.460000 15.561168 -0.006057
1.465000 15.546244 -0.006057
1.470000 15.530967 -0.006057
1.475000 15.528049 -0.006057
1.480000 15.509791 -0.006057
1.485000 15.493358 -0.006057
1.490000 15.486111 -0.006057
1.495000 15.471968 -0.006057
1.500000 15.461687 -0.006057
1.505000 15.447176 -0.006057
1.510000 15.438067 -0.006057
1.515000 15.425311 -0.006057
1.520000 15.412440 -0.006057
1.525000 15.396865 -0.006057
1.530000 15.384676 -0.006057
1.535000 15.378126 -0.006057
1.540000 15.358720 -0.006057
1.545000 15.349143 -0.006057
1.550000 15.338173 -0.006057
1.555000 15.322482 -0.006057
1.560000 15.302678 -0.006057
1.565000 15.289447 -0.006057
1.570000 15.279503 -0.006057
1.575000 15.263728 -0.006057
1.580000 15.256312 -0.006057
1.585000 15.245793 -0.006057
1.590000 15.229751 -0.006057
1.595000 15.208300 -0.006057
1.600000 15.192142 -0.006057
1.605000 15.181700 -0.006057
1.610000 15.164807 -0.006057
1.615000 15.155415 -0.006057
1.620000 15.139564 -0.006057
1.625000 15.117040 -0.006057
1.630000 15.110703 -0.006057
1.635000 15.085735 -0.006057
1.640000 15.071930 -0.006057
1.645000 15.060484 -0.006057
1.650000 15.045261 -0.006057
1.655000 15.035930 -0.006057
1.660000 15.015934 -0.006057
1.665000 15.002902 -0.006057
1.670000 14.991672 -0.006057
1.675000 14.980923 -0.006057
1.680000 14.961884 -0.006057
1.685000 14.935591 -0.006057
1.690000 14.927294 -0.006057
1.695000 14.912455 -0.006057
1.700000 14.889861 -0.006057
1.705000 14.885571 -0.006057
1.710000 14.863078 -0.006057
1.715000 14.850039 -0.006057
1.720000 14.837474 -0.006057
1.725000 14.809993 -0.006057
1.730000 14.802547 -0.006057
1.735000 14.787630 -0.006057
1.740000 14.767918 -0.006057
1.745000 14.745922 -0.006057
1.750000 14.734982 -0.006057
1.755000 14.724524 -0.006057
1.760000 14.700622 -0.006057
1.765000 14.685521 -0.006057
1.770000 14.673163 -0.006057
1.775000 14.653490 -0.006057
1.780000 14.638765 -0.006057
1.785000 14.624852 -0.006057
1.790000 14.604788 -0.006057
1.795000 14.586806 -0.006057
1.800000 14.564160 -0.006057
1.805000 14.557625 -0.006057
1.810000 14.531769 -0.006057
1.815000 14.521341 -0.006057
1.820000 14.502916 -0.006057
1.825000 14.476937 -0.006057
1.830000 14.462771 -0.006057
1.835000 14.448797 -0.006057
1.840000 14.427392 -0.006057
1.845000 14.401742 -0.006057
1.850000 14.401314 -0.006057
1.855000 14.375341 -0.006057
1.860000 14.352887 -0.006057
1.865000 14.332662 -0.006057
1.870000 14.320273 -0.006057
1.875000 14.297389 -0.006057
1.880000 14.277316 -0.006057
1.885000 14.257367 -0.006057
1.890000 14.242206 -0.006057
1.895000 14.221390 -0.006057
1.900000 14.201700 -0.006057
1.905000 14.189910 -0.006057
1.910000 14.165876 -0.006057
1.915000 14.152952 -0.006057
1.920000 14.122376 -0.006057
1.925000 14.108456 -0.006057
1.930000 14.083603 -0.006057
1.935000 14.062887 -0.006057
1.940000 14.043221 -0.006057
1.945000 14.026504 -0.006057
1.950000 14.001505 -0.006057
1.955000 13.992289 -0.006057
1.960000 13.962632 -0.006057
1.965000 13.945548 -0.006057
1.970000 13.931504 -0.006057
1.975000 13.899067 -0.006057
1.980000 13.901557 -0.006057
1.985000 13.864178 -0.006057
1.990000 13.842397 -0.006057
1.995000 13.832920 -0.006057
2.000000 13.805431 -0.006057
2.005000 13.772673 -0.006057
2.010000 13.766030 -0.006057
2.015000 13.746701 -0.006057
2.020000 13.731861 -0.006057
2.025000 13.712432 -0.006057
2.030000 13.682561 -0.006057
2.035000 13.664227 -0.006057
2.040000 13.643489 -0.006057
2.045000 13.629454 -0.006057
2.050000 13.605344 -0.006057
2.055000 13.589362 -0.006057
2.060000 13.567038 -0.006057
2.065000 13.543839 -0.006057
2.070000 13.519584 -0.006057
2.075000 13.507816 -0.006057
2.080000 13.482642 -0.006057
2.085000 13.460463 -0.006057
2.090000 13.446826 -0.006057
2.095000 13.432400 -0.006057
2.100000 13.405701 -0.006057
2.105000 13.396821 -0.006057
2.110000 13.367984 -0.006057
2.115000 13.366291 -0.006057
2.120000 13.347836 -0.006057
2.125000 13.320148 -0.006057
2.130000 13.305400 -0.006057
2.135000 13.278302 -0.006057
2.140000 13.268127 -0.006057
2.145000 13.245481 -0.006057
