0.000000 -63.209816 -0.006057
0.005000 -2.167219 -0.006057
0.010000 -0.991468 -0.006057
0.015000 -0.946979 -0.006057
0.020000 -0.945309 -0.006057
0.025000 -0.936629 -0.006057
0.030000 -0.948695 -0.006057
0.035000 -0.951124 -0.006057
0.040000 -0.951959 -0.006057
0.045000 -0.948197 -0.006057
0.050000 -0.947623 -0.006057
0.055000 -0.947991 -0.006057
0.060000 -0.944528 -0.006057
0.065000 -0.943317 -0.006057
0.070000 -0.957667 -0.006057
0.075000 -0.949071 -0.006057
0.080000 -0.964447 -0.006057
0.085000 -0.942858 -0.006057
0.090000 -0.955253 -0.006057
0.095000 -0.947416 -0.006057
0.100000 -0.946589 -0.006057
0.105000 -0.956839 -0.006057
0.110000 -0.944842 -0.006057
0.115000 -0.952756 -0.006057
0.120000 -0.951277 -0.006057
0.125000 -0.947699 -0.006057
0.130000 -0.954625 -0.006057
0.135000 -0.950220 -0.006057
0.140000 -0.945593 -0.006057
0.145000 -0.951285 -0.006057
0.150000 -0.947263 -0.006057
0.155000 -0.952128 -0.006057
0.160000 -0.948021 -0.006057
0.165000 -0.943877 -0.006057
0.170000 -0.952396 -0.006057
0.175000 -0.956426 -0.006057
0.180000 -0.950741 -0.006057
0.185000 -0.949477 -0.006057
0.190000 -0.951936 -0.006057
0.195000 -0.953836 -0.006057
0.200000 -0.955184 -0.006057
0.205000 -0.942551 -0.006057
0.210000 -0.952442 -0.006057
0.215000 -0.945332 -0.006057
0.220000 -0.947569 -0.006057
0.225000 -0.948136 -0.006057
0.230000 -0.942949 -0.006057
0.235000 -0.960195 -0.006057
0.240000 -0.952779 -0.006057
0.245000 -0.943486 -0.006057
0.250000 -0.948466 -0.006057
0.255000 -0.959505 -0.006057
0.260000 -0.951178 -0.006057
0.265000 -0.953016 -0.006057
0.270000 -0.947975 -0.006057
0.275000 -0.950726 -0.006057
0.280000 -0.948879 -0.006057
0.285000 -0.946443 -0.006057
0.290000 -0.944895 -0.006057
0.295000 -0.950503 -0.006057
0.300000 -0.944505 -0.006057
0.305000 -0.942275 -0.006057
0.310000 -0.946282 -0.006057
0.315000 -0.952511 -0.006057
0.320000 -0.948105 -0.006057
0.325000 -0.936606 -0.006057
0.330000 -0.945761 -0.006057
0.335000 -0.943723 -0.006057
0.340000 -0.951645 -0.006057
0.345000 -0.943685 -0.006057
0.350000 -0.947845 -0.006057
0.355000 -0.946458 -0.006057
0.360000 -0.948036 -0.006057
0.365000 -0.941793 -0.006057
0.370000 -0.937985 -0.006057
0.375000 -0.952373 -0.006057
0.380000 -0.944543 -0.006057
0.385000 -0.943394 -0.006057
0.390000 -0.950151 -0.006057
0.395000 -0.944719 -0.006057
0.400000 -0.934231 -0.006057
0.405000 -0.942743 -0.006057
0.410000 -0.946780 -0.006057
0.415000 -0.942582 -0.006057
0.420000 -0.939624 -0.006057
0.425000 -0.944405 -0.006057
0.430000 -0.949768 -0.006057
0.435000 -0.945861 -0.006057
0.440000 -0.956372 -0.006057
0.445000 -0.948213 -0.006057
0.450000 -0.945845 -0.006057
0.455000 -0.953147 -0.006057
0.460000 -0.948718 -0.006057
0.465000 -0.940835 -0.006057
0.470000 -0.948182 -0.006057
0.475000 -0.951706 -0.006057
0.480000 -0.952319 -0.006057
0.485000 -0.946106 -0.006057
0.490000 -0.944811 -0.006057
0.495000 -0.944689 -0.006057
0.500000 -0.947508 -0.006057
0.505000 -0.949653 -0.006057
0.510000 -0.950120 -0.006057
0.515000 -0.951224 -0.006057
0.520000 -0.947025 -0.006057
0.525000 -0.945393 -0.006057
0.530000 -0.944528 -0.006057
0.535000 -0.943777 -0.006057
0.540000 -0.937150 -0.006057
0.545000 -0.945432 -0.006057
0.550000 -0.943133 -0.006057
0.555000 -0.946726 -0.006057
0.560000 -0.950488 -0.006057
0.565000 -0.955644 -0.006057
0.570000 -0.951844 -0.006057
0.575000 -0.956671 -0.006057
0.580000 -0.951584 -0.006057
0.585000 -0.951400 -0.006057
0.590000 -0.959881 -0.006057
0.595000 -0.953392 -0.006057
0.600000 -0.955108 -0.006057
0.605000 -0.942789 -0.006057
0.610000 -0.960233 -0.006057
0.615000 -0.951530 -0.006057
0.620000 -0.962777 -0.006057
0.625000 -0.955430 -0.006057
0.630000 -0.960256 -0.006057
0.635000 -0.958977 -0.006057
0.640000 -0.960256 -0.006057
0.645000 -0.960593 0.093937
0.650000 -0.961796 2.493788
0.655000 -0.959712 2.393794
0.660000 -0.963757 -0.006057
0.665000 -0.959161 -0.006057
0.670000 -0.954618 -0.006057
0.675000 -0.917047 -0.006057
0.680000 -0.853390 -0.006057
0.685000 -0.789541 -0.006057
0.690000 -0.710309 -0.006057
0.695000 -0.650942 -0.006057
0.700000 -0.584060 -0.006057
0.705000 -0.514128 -0.006057
0.710000 -0.455382 -0.006057
0.715000 -0.401210 -0.006057
0.720000 -0.360460 -0.006057
0.725000 -0.315274 -0.006057
0.730000 -0.276500 -0.006057
0.735000 -0.258420 -0.006057
0.740000 -0.226917 -0.006057
0.745000 -0.194947 -0.006057
0.750000 -0.191859 -0.006057
0.755000 -0.173411 -0.006057
0.760000 -0.172752 -0.006057
0.765000 -0.165459 -0.006057
0.770000 -0.173020 -0.006057
0.775000 -0.178514 -0.006057
0.780000 -0.186527 -0.006057
0.785000 -0.204347 -0.006057
0.790000 -0.221409 -0.006057
0.795000 -0.244607 -0.006057
0.800000 -0.244768 -0.006057
0.805000 -0.263101 -0.006057
0.810000 -0.286437 -0.006057
0.815000 -0.316883 -0.006057
0.820000 -0.348547 -0.006057
0.825000 -0.377575 -0.006057
0.830000 -0.401830 -0.006057
0.835000 -0.428315 -0.006057
0.840000 -0.457244 -0.006057
0.845000 -0.491528 -0.006057
0.850000 -0.524096 -0.006057
0.855000 -0.558425 -0.006057
0.860000 -0.587776 -0.006057
0.865000 -0.607250 -0.006057
0.870000 -0.636455 -0.006057
0.875000 -0.658098 -0.006057
0.880000 -0.683096 -0.006057
0.885000 -0.699216 -0.006057
0.890000 -0.720123 -0.006057
0.895000 -0.746830 -0.006057
0.900000 -0.758452 -0.006057
0.905000 -0.775851 -0.006057
0.910000 -0.793357 -0.006057
0.915000 -0.803676 -0.006057
0.920000 -0.816968 -0.006057
0.925000 -0.835156 -0.006057
0.930000 -0.839944 -0.006057
0.935000 -0.855167 -0.006057
0.940000 -0.862645 -0.006057
0.945000 -0.877392 -0.006057
0.950000 -0.882265 -0.006057
0.955000 -0.896346 -0.006057
0.960000 -0.900100 -0.006057
0.965000 -0.900299 -0.006057
0.970000 -0.913913 -0.006057
0.975000 -0.923597 -0.006057
0.980000 -0.925267 -0.006057
0.985000 -0.951300 -0.006057
0.990000 -0.957651 -0.006057
0.995000 -0.953959 -0.006057
1.000000 -0.949745 -0.006057
1.005000 -0.944842 -0.006057
1.010000 -0.961505 -0.006057
1.015000 -0.970637 -0.006057
1.020000 -0.979647 -0.006057
1.025000 -0.976191 -0.006057
1.030000 -0.969771 -0.006057
1.035000 -0.978053 -0.006057
1.040000 -0.964531 -0.006057
1.045000 -0.982313 -0.006057
1.050000 -0.975364 -0.006057
1.055000 -0.979325 -0.006057
1.060000 -0.964615 -0.006057
1.065000 -0.968523 -0.006057
1.070000 -0.964263 -0.006057
1.075000 -0.975824 -0.006057
1.080000 -0.972575 -0.006057
1.085000 -0.979049 -0.006057
1.090000 -0.975310 -0.006057
1.095000 -0.985607 -0.006057
1.100000 -0.976115 -0.006057
1.105000 -0.979470 -0.006057
1.110000 -0.977548 -0.006057
1.115000 -0.977708 -0.006057
1.120000 -0.982106 -0.006057
1.125000 -0.964738 -0.006057
1.130000 -0.970438 -0.006057
1.135000 -0.977210 -0.006057
1.140000 -0.977731 -0.006057
1.145000 -0.973901 -0.006057
1.150000 -0.975640 -0.006057
1.155000 -0.976896 -0.006057
1.160000 -0.982520 -0.006057
1.165000 -0.982405 -0.006057
1.170000 -0.983018 -0.006057
1.175000 -0.983539 -0.006057
1.180000 -0.978896 -0.006057
1.185000 -0.989805 -0.006057
1.190000 -0.989560 -0.006057
1.195000 -0.992924 -0.006057
1.200000 -0.999673 -0.006057
1.205000 -0.989989 -0.006057
1.210000 -0.995689 -0.006057
1.215000 -0.990786 -0.006057
1.220000 -0.994578 -0.006057
1.225000 -0.987668 -0.006057
1.230000 -0.988840 -0.006057
1.235000 -0.989836 -0.006057
1.240000 -0.995605 -0.006057
1.245000 -0.995421 -0.006057
1.250000 -0.995368 -0.006057
1.255000 -0.988480 -0.006057
1.260000 -0.993774 -0.006057
1.265000 -0.986151 -0.006057
1.270000 -0.982083 -0.006057
1.275000 -0.985017 -0.006057
1.280000 -0.989422 -0.006057
1.285000 -0.982995 -0.006057
1.290000 -0.989691 -0.006057
1.295000 -0.982650 -0.006057
1.300000 -0.989629 -0.006057
1.305000 -0.986044 -0.006057
1.310000 -0.987775 -0.006057
1.315000 -0.987101 -0.006057
1.320000 -0.989016 -0.006057
1.325000 -0.989032 -0.006057
1.330000 -0.995590 -0.006057
1.335000 -0.992112 -0.006057
1.340000 -0.988334 -0.006057
1.345000 -0.991744 -0.006057
1.350000 -0.983608 -0.006057
1.355000 -0.991238 -0.006057
1.360000 -0.992472 -0.006057
1.365000 -0.995850 -0.006057
1.370000 -0.991491 -0.006057
1.375000 -0.988296 -0.006057
1.380000 -0.990250 -0.006057
1.385000 -0.994448 -0.006057
1.390000 -0.987224 -0.006057
1.395000 -0.995728 -0.006057
1.400000 -1.002240 -0.006057
1.405000 -0.992832 -0.006057
1.410000 -0.997015 -0.006057
1.415000 -0.996999 -0.006057
1.420000 -0.998164 -0.006057
1.425000 -0.995896 -0.006057
1.430000 -0.997045 -0.006057
1.435000 -0.991828 -0.006057
1.440000 -0.990487 -0.006057
1.445000 -0.994977 -0.006057
1.450000 -0.993973 -0.006057
1.455000 -0.996953 -0.006057
1.460000 -1.005442 -0.006057
1.465000 -0.999903 -0.006057
1.470000 -0.996961 -0.006057
1.475000 -1.002071 -0.006057
1.480000 -0.993192 -0.006057
1.485000 -1.007112 -0.006057
1.490000 -0.994984 -0.006057
1.495000 -1.003098 -0.006057
1.500000 -1.001382 -0.006057
1.505000 -0.993805 -0.006057
1.510000 -0.996540 -0.006057
1.515000 -0.996685 -0.006057
1.520000 -1.004806 -0.006057
1.525000 -1.004875 -0.006057
1.530000 -1.000026 -0.006057
1.535000 -1.000072 -0.006057
1.540000 -1.002355 -0.006057
1.545000 -1.045732 -0.006057
1.550000 -1.042285 -0.006057
1.555000 -1.031046 -0.006057
1.560000 -1.041289 -0.006057
1.565000 -1.003419 -0.006057
1.570000 -0.996662 -0.006057
1.575000 -1.001083 -0.006057
1.580000 -0.999443 -0.006057
1.585000 -0.995513 -0.006057
1.590000 -0.994793 -0.006057
1.595000 -1.006928 -0.006057
1.600000 -0.997068 -0.006057
1.605000 -1.002025 -0.006057
1.610000 -0.996632 -0.006057
1.615000 -1.004768 -0.006057
1.620000 -0.999290 -0.006057
1.625000 -1.000010 -0.006057
1.630000 -1.004124 -0.006057
1.635000 -1.007924 -0.006057
1.640000 -1.006132 -0.006057
1.645000 -1.007625 -0.006057
1.650000 -1.002523 -0.006057
1.655000 -1.007756 -0.006057
1.660000 -1.001558 -0.006057
1.665000 -1.008537 -0.006057
1.670000 -1.000094 -0.006057
1.675000 -1.005695 -0.006057
1.680000 -1.009954 -0.006057
1.685000 -1.000309 -0.006057
1.690000 -1.009740 -0.006057
1.695000 -1.001841 -0.006057
1.700000 -1.005120 -0.006057
1.705000 -0.993797 -0.006057
1.710000 -1.001619 -0.006057
1.715000 -0.990403 -0.006057
1.720000 -0.997536 -0.006057
1.725000 -1.006354 -0.006057
1.730000 -0.991376 -0.006057
1.735000 -0.996003 -0.006057
1.740000 -0.998401 -0.006057
1.745000 -0.996815 -0.006057
1.750000 -0.994333 -0.006057
1.755000 -1.009464 -0.006057
1.760000 -1.013915 -0.006057
1.765000 -1.004178 -0.006057
1.770000 -0.996639 -0.006057
1.775000 -1.003665 -0.006057
1.780000 -1.006813 -0.006057
1.785000 -1.003243 -0.006057
1.790000 -1.002002 -0.006057
1.795000 -1.001757 -0.006057
1.800000 -1.008928 -0.006057
1.805000 -1.008008 -0.006057
1.810000 -1.011012 -0.006057
1.815000 -1.002508 -0.006057
1.820000 -1.008537 -0.006057
1.825000 -1.004944 -0.006057
1.830000 -1.008369 -0.006057
1.835000 -1.004768 -0.006057
1.840000 -1.004860 -0.006057
1.845000 -1.005204 -0.006057
1.850000 -1.011969 -0.006057
1.855000 -1.012245 -0.006057
1.860000 -1.009594 -0.006057
1.865000 -1.013371 -0.006057
1.870000 -1.012529 -0.006057
1.875000 -1.013279 -0.006057
1.880000 -1.009564 -0.006057
1.885000 -1.017156 -0.006057
1.890000 -1.011969 -0.006057
1.895000 -1.013770 -0.006057
1.900000 -1.011280 -0.006057
1.905000 -1.014881 -0.006057
1.910000 -1.017340 -0.006057
1.915000 -1.013532 -0.006057
1.920000 -1.011173 -0.006057
1.925000 -1.005886 -0.006057
1.930000 -1.004392 -0.006057
1.935000 -1.006384 -0.006057
1.940000 -1.015501 -0.006057
1.945000 -1.012781 -0.006057
1.950000 -1.015141 -0.006057
1.955000 -1.007832 -0.006057
1.960000 -1.014628 -0.006057
1.965000 -1.008644 -0.006057
1.970000 -1.013348 -0.006057
1.975000 -1.016336 -0.006057
1.980000 -1.014038 -0.006057
1.985000 -1.015279 -0.006057
1.990000 -1.010705 -0.006057
1.995000 -1.010269 -0.006057
2.000000 -1.010200 -0.006057
2.005000 -1.007526 -0.006057
2.010000 -1.002148 -0.006057
2.015000 -1.014046 -0.006057
2.020000 -1.005411 -0.006057
2.025000 -1.010100 -0.006057
2.030000 -0.997934 -0.006057
2.035000 -1.006614 -0.006057
2.040000 -1.006744 -0.006057
2.045000 -1.002883 -0.006057
2.050000 -1.007158 -0.006057
2.055000 -1.016773 -0.006057
2.060000 -1.014161 -0.006057
2.065000 -1.006170 -0.006057
2.070000 -1.010085 -0.006057
2.075000 -1.004055 -0.006057
2.080000 -1.009954 -0.006057
2.085000 -1.010790 -0.006057
2.090000 -1.006614 -0.006057
2.095000 -1.007679 -0.006057
2.100000 -1.010360 -0.006057
2.105000 -1.000409 -0.006057
2.110000 -1.005748 -0.006057
2.115000 -1.006223 -0.006057
2.120000 -1.004094 -0.006057
2.125000 -1.008621 -0.006057
2.130000 -0.998922 -0.006057
2.135000 -1.015049 -0.006057
2.140000 -1.006813 -0.006057
2.145000 -1.013433 -0.006057
2.150000 -1.000975 -0.006057
2.155000 -1.013923 -0.006057
2.160000 -1.003435 -0.006057
2.165000 -1.009342 -0.006057
2.170000 -1.016037 -0.006057
2.175000 -1.009587 -0.006057
2.180000 -1.011441 -0.006057
2.185000 -1.016505 -0.006057
2.190000 -1.011157 -0.006057
2.195000 -1.001673 -0.006057
2.200000 -1.006637 -0.006057
2.205000 -1.008445 -0.006057
2.210000 -1.012628 -0.006057
2.215000 -1.007710 -0.006057
2.220000 -1.011571 -0.006057
2.225000 -1.003963 -0.006057
2.230000 -1.004025 -0.006057
2.235000 -1.003121 -0.006057
2.240000 -0.998692 -0.006057
