0.000000 -63.028400 -0.006057
0.005000 -1.655496 -0.006057
0.010000 -0.468820 -0.006057
0.015000 -0.421657 -0.006057
0.020000 -0.423052 -0.006057
0.025000 -0.427572 -0.006057
0.030000 -0.424216 -0.006057
0.035000 -0.414471 -0.006057
0.040000 -0.424040 -0.006057
0.045000 -0.416823 -0.006057
0.050000 -0.414624 -0.006057
0.055000 -0.420868 -0.006057
0.060000 -0.421336 -0.006057
0.065000 -0.413575 -0.006057
0.070000 -0.421037 -0.006057
0.075000 -0.407637 -0.006057
0.080000 -0.418547 -0.006057
0.085000 -0.412043 -0.006057
0.090000 -0.419030 -0.006057
0.095000 -0.423351 -0.006057
0.100000 -0.417091 -0.006057
0.105000 -0.410258 -0.006057
0.110000 -0.417413 -0.006057
0.115000 -0.423466 -0.006057
0.120000 -0.416333 -0.006057
0.125000 -0.418333 -0.006057
0.130000 -0.417022 -0.006057
0.135000 -0.420608 -0.006057
0.140000 -0.408273 -0.006057
0.145000 -0.416011 -0.006057
0.150000 -0.403424 -0.006057
0.155000 -0.417421 -0.006057
0.160000 -0.412617 -0.006057
0.165000 -0.405753 -0.006057
0.170000 -0.414502 -0.006057
0.175000 -0.407362 -0.006057
0.180000 -0.406320 -0.006057
0.185000 -0.397011 -0.006057
0.190000 -0.403171 -0.006057
0.195000 -0.404703 -0.006057
0.200000 -0.408105 -0.006057
0.205000 -0.411077 -0.006057
0.210000 -0.406772 -0.006057
0.215000 -0.401983 -0.006057
0.220000 -0.405439 -0.006057
0.225000 -0.398038 -0.006057
0.230000 -0.398582 -0.006057
0.235000 -0.391855 -0.006057
0.240000 -0.404665 -0.006057
0.245000 -0.402918 -0.006057
0.250000 -0.403638 -0.006057
0.255000 -0.410189 -0.006057
0.260000 -0.405554 -0.006057
0.265000 -0.397617 -0.006057
0.270000 -0.396506 -0.006057
0.275000 -0.396912 -0.006057
0.280000 -0.396238 -0.006057
0.285000 -0.404083 -0.006057
0.290000 -0.399632 -0.006057
0.295000 -0.403416 -0.006057
0.300000 -0.404466 -0.006057
0.305000 -0.398490 -0.006057
0.310000 -0.400934 -0.006057
0.315000 -0.403631 -0.006057
0.320000 -0.402596 -0.006057
0.325000 -0.403117 -0.006057
0.330000 -0.403056 -0.006057
0.335000 -0.404688 -0.006057
0.340000 -0.407423 -0.006057
0.345000 -0.404496 -0.006057
0.350000 -0.400421 -0.006057
0.355000 -0.402428 -0.006057
0.360000 -0.395088 -0.006057
0.365000 -0.397011 -0.006057
0.370000 -0.394667 -0.006057
0.375000 -0.401823 -0.006057
0.380000 -0.407323 -0.006057
0.385000 -0.403960 -0.006057
0.390000 -0.402198 -0.006057
0.395000 -0.400696 -0.006057
0.400000 -0.400988 -0.006057
0.405000 -0.399440 -0.006057
0.410000 -0.394483 -0.006057
0.415000 -0.403385 -0.006057
0.420000 -0.405538 -0.006057
0.425000 -0.408595 -0.006057
0.430000 -0.403140 -0.006057
0.435000 -0.410319 -0.006057
0.440000 -0.414969 -0.006057
0.445000 -0.403929 -0.006057
0.450000 -0.409829 -0.006057
0.455000 -0.405829 -0.006057
0.460000 -0.413636 -0.006057
0.465000 -0.404175 -0.006057
0.470000 -0.400007 -0.006057
0.475000 -0.397509 -0.006057
0.480000 -0.395847 -0.006057
0.485000 -0.395471 -0.006057
0.490000 -0.392836 -0.006057
0.495000 -0.396130 -0.006057
0.500000 -0.401309 -0.006057
0.505000 -0.399494 -0.006057
0.510000 -0.389044 -0.006057
0.515000 -0.401110 -0.006057
0.520000 -0.391840 -0.006057
0.525000 -0.391932 -0.006057
0.530000 -0.399471 -0.006057
0.535000 -0.399731 -0.006057
0.540000 -0.402573 -0.006057
0.545000 -0.395969 -0.006057
0.550000 -0.396544 -0.006057
0.555000 -0.408327 -0.006057
0.560000 -0.399601 -0.006057
0.565000 -0.402573 -0.006057
0.570000 -0.386945 -0.006057
0.575000 -0.392162 -0.006057
0.580000 -0.398115 -0.006057
0.585000 -0.404397 -0.006057
0.590000 -0.394330 -0.006057
0.595000 -0.386040 -0.006057
0.600000 -0.391472 -0.006057
0.605000 -0.391986 -0.006057
0.610000 -0.385987 -0.006057
0.615000 -0.379797 -0.006057
0.620000 -0.390438 -0.006057
0.625000 -0.383681 -0.006057
0.630000 -0.391212 -0.006057
0.635000 -0.384386 -0.006057
0.640000 -0.383788 -0.006057
0.645000 -0.378349 0.145938
0.650000 -0.386692 3.793800
0.655000 -0.379682 3.641806
0.660000 -0.385282 -0.006057
0.665000 -0.354423 -0.006057
0.670000 -0.178544 -0.006057
0.675000 0.242516 -0.006057
0.680000 0.934017 -0.006057
0.685000 1.751929 -0.006057
0.690000 2.587943 -0.006057
0.695000 3.418909 -0.006057
0.700000 4.193680 -0.006057
0.705000 4.905652 -0.006057
0.710000 5.546467 -0.006057
0.715000 6.125041 -0.006057
0.720000 6.621051 -0.006057
0.725000 7.069631 -0.006057
0.730000 7.442050 -0.006057
0.735000 7.749870 -0.006057
0.740000 7.980626 -0.006057
0.745000 8.162695 -0.006057
0.750000 8.284263 -0.006057
0.755000 8.343630 -0.006057
0.760000 8.337187 -0.006057
0.765000 8.292637 -0.006057
0.770000 8.202663 -0.006057
0.775000 8.075579 -0.006057
0.780000 7.887558 -0.006057
0.785000 7.676805 -0.006057
0.790000 7.435714 -0.006057
0.795000 7.161726 -0.006057
0.800000 6.865483 -0.006057
0.805000 6.539505 -0.006057
0.810000 6.196176 -0.006057
0.815000 5.855282 -0.006057
0.820000 5.496768 -0.006057
0.825000 5.166516 -0.006057
0.830000 4.831867 -0.006057
0.835000 4.524086 -0.006057
0.840000 4.217767 -0.006057
0.845000 3.931061 -0.006057
0.850000 3.658023 -0.006057
0.855000 3.399013 -0.006057
0.860000 3.151142 -0.006057
0.865000 2.917100 -0.006057
0.870000 2.711243 -0.006057
0.875000 2.510665 -0.006057
0.880000 2.324244 -0.006057
0.885000 2.145378 -0.006057
0.890000 1.977406 -0.006057
0.895000 1.826625 -0.006057
0.900000 1.688180 -0.006057
0.905000 1.557732 -0.006057
0.910000 1.442078 -0.006057
0.915000 1.318426 -0.006057
0.920000 1.215169 -0.006057
0.925000 1.118070 -0.006057
0.930000 1.043695 -0.006057
0.935000 0.957675 -0.006057
0.940000 0.886050 -0.006057
0.945000 0.817919 -0.006057
0.950000 0.760422 -0.006057
0.955000 0.702511 -0.006057
0.960000 0.651702 -0.006057
0.965000 0.599169 -0.006057
0.970000 0.550535 -0.006057
0.975000 0.502001 -0.006057
0.980000 0.465810 -0.006057
0.985000 0.437931 -0.006057
0.990000 0.390883 -0.006057
0.995000 0.362077 -0.006057
1.000000 0.339109 -0.006057
1.005000 0.309146 -0.006057
1.010000 0.286392 -0.006057
1.015000 0.269920 -0.006057
1.020000 0.238869 -0.006057
1.025000 0.217426 -0.006057
1.030000 0.203996 -0.006057
1.035000 0.187784 -0.006057
1.040000 0.178078 -0.006057
1.045000 0.165942 -0.006057
1.050000 0.145272 -0.006057
1.055000 0.127161 -0.006057
1.060000 0.110897 -0.006057
1.065000 0.102002 -0.006057
1.070000 0.105258 -0.006057
1.075000 0.083056 -0.006057
1.080000 0.070599 -0.006057
1.085000 0.071326 -0.006057
1.090000 0.068967 -0.006057
1.095000 0.055092 -0.006057
1.100000 0.036054 -0.006057
1.105000 0.036077 -0.006057
1.110000 0.033641 -0.006057
1.115000 0.025589 -0.006057
1.120000 0.018541 -0.006057
1.125000 0.008811 -0.006057
1.130000 0.006106 -0.006057
1.135000 -0.002060 -0.006057
1.140000 -0.008626 -0.006057
1.145000 -0.009637 -0.006057
1.150000 -0.015184 -0.006057
1.155000 -0.018187 -0.006057
1.160000 -0.027542 -0.006057
1.165000 -0.033717 -0.006057
1.170000 -0.035249 -0.006057
1.175000 -0.037011 -0.006057
1.180000 -0.048449 -0.006057
1.185000 -0.040803 -0.006057
1.190000 -0.033854 -0.006057
1.195000 -0.052065 -0.006057
1.200000 -0.054226 -0.006057
1.205000 -0.060324 -0.006057
1.210000 -0.060615 -0.006057
1.215000 -0.065549 -0.006057
1.220000 -0.061305 -0.006057
1.225000 -0.079646 -0.006057
1.230000 -0.076175 -0.006057
1.235000 -0.071869 -0.006057
1.240000 -0.077493 -0.006057
1.245000 -0.079132 -0.006057
1.250000 -0.074949 -0.006057
1.255000 -0.072007 -0.006057
1.260000 -0.084281 -0.006057
1.265000 -0.084618 -0.006057
1.270000 -0.084411 -0.006057
1.275000 -0.090118 -0.006057
1.280000 -0.097642 -0.006057
1.285000 -0.084985 -0.006057
1.290000 -0.100553 -0.006057
1.295000 -0.100990 -0.006057
1.300000 -0.101227 -0.006057
1.305000 -0.105548 -0.006057
1.310000 -0.108498 -0.006057
1.315000 -0.100086 -0.006057
1.320000 -0.109340 -0.006057
1.325000 -0.108253 -0.006057
1.330000 -0.109394 -0.006057
1.335000 -0.112014 -0.006057
1.340000 -0.109432 -0.006057
1.345000 -0.110605 -0.006057
1.350000 -0.110988 -0.006057
1.355000 -0.115354 -0.006057
1.360000 -0.114581 -0.006057
1.365000 -0.115408 -0.006057
1.370000 -0.111011 -0.006057
1.375000 -0.122341 -0.006057
1.380000 -0.119767 -0.006057
1.385000 -0.124716 -0.006057
1.390000 -0.121683 -0.006057
1.395000 -0.124655 -0.006057
1.400000 -0.118833 -0.006057
1.405000 -0.125360 -0.006057
1.410000 -0.119453 -0.006057
1.415000 -0.127789 -0.006057
1.420000 -0.135289 -0.006057
1.425000 -0.134944 -0.006057
1.430000 -0.136262 -0.006057
1.435000 -0.130179 -0.006057
1.440000 -0.141134 -0.006057
1.445000 -0.143471 -0.006057
1.450000 -0.131880 -0.006057
1.455000 -0.133764 -0.006057
1.460000 -0.134163 -0.006057
1.465000 -0.139939 -0.006057
1.470000 -0.126111 -0.006057
1.475000 -0.137036 -0.006057
1.480000 -0.136699 -0.006057
1.485000 -0.135005 -0.006057
1.490000 -0.136155 -0.006057
1.495000 -0.136814 -0.006057
1.500000 -0.143571 -0.006057
1.505000 -0.136545 -0.006057
1.510000 -0.136990 -0.006057
1.515000 -0.145080 -0.006057
1.520000 -0.140039 -0.006057
1.525000 -0.141157 -0.006057
1.530000 -0.147807 -0.006057
1.535000 -0.135358 -0.006057
1.540000 -0.148030 -0.006057
1.545000 -0.138951 -0.006057
1.550000 -0.142330 -0.006057
1.555000 -0.142100 -0.006057
1.560000 -0.141433 -0.006057
1.565000 -0.136752 -0.006057
1.570000 -0.138706 -0.006057
1.575000 -0.146183 -0.006057
1.580000 -0.148083 -0.006057
1.585000 -0.146582 -0.006057
1.590000 -0.152458 -0.006057
1.595000 -0.152259 -0.006057
1.600000 -0.147746 -0.006057
1.605000 -0.151278 -0.006057
1.610000 -0.144881 -0.006057
1.615000 -0.153584 -0.006057
1.620000 -0.141809 -0.006057
1.625000 -0.149960 -0.006057
1.630000 -0.140782 -0.006057
1.635000 -0.150044 -0.006057
1.640000 -0.148918 -0.006057
1.645000 -0.147784 -0.006057
1.650000 -0.146061 -0.006057
1.655000 -0.142529 -0.006057
1.660000 -0.153622 -0.006057
1.665000 -0.149884 -0.006057
1.670000 -0.147424 -0.006057
1.675000 -0.151416 -0.006057
1.680000 -0.155124 -0.006057
1.685000 -0.147470 -0.006057
1.690000 -0.152473 -0.006057
1.695000 -0.154664 -0.006057
1.700000 -0.157683 -0.006057
1.705000 -0.156434 -0.006057
1.710000 -0.151063 -0.006057
1.715000 -0.150803 -0.006057
1.720000 -0.143494 -0.006057
1.725000 -0.152289 -0.006057
1.730000 -0.150037 -0.006057
1.735000 -0.147593 -0.006057
1.740000 -0.146605 -0.006057
1.745000 -0.151868 -0.006057
1.750000 -0.148091 -0.006057
1.755000 -0.153975 -0.006057
1.760000 -0.154994 -0.006057
1.765000 -0.153661 -0.006057
1.770000 -0.152703 -0.006057
1.775000 -0.159682 -0.006057
1.780000 -0.159851 -0.006057
1.785000 -0.149271 -0.006057
1.790000 -0.160609 -0.006057
1.795000 -0.154588 -0.006057
1.800000 -0.157805 -0.006057
1.805000 -0.155522 -0.006057
1.810000 -0.152979 -0.006057
1.815000 -0.160985 -0.006057
1.820000 -0.162448 -0.006057
1.825000 -0.167213 -0.006057
1.830000 -0.159077 -0.006057
1.835000 -0.152557 -0.006057
1.840000 -0.153117 -0.006057
1.845000 -0.154672 -0.006057
1.850000 -0.152190 -0.006057
1.855000 -0.159698 -0.006057
1.860000 -0.155767 -0.006057
1.865000 -0.164371 -0.006057
1.870000 -0.151738 -0.006057
1.875000 -0.160877 -0.006057
1.880000 -0.160387 -0.006057
1.885000 -0.156717 -0.006057
1.890000 -0.151730 -0.006057
1.895000 -0.159629 -0.006057
1.900000 -0.162892 -0.006057
1.905000 -0.166286 -0.006057
1.910000 -0.168661 -0.006057
1.915000 -0.165106 -0.006057
1.920000 -0.162938 -0.006057
1.925000 -0.154986 -0.006057
1.930000 -0.163122 -0.006057
1.935000 -0.161452 -0.006057
1.940000 -0.160686 -0.006057
1.945000 -0.160035 -0.006057
1.950000 -0.166754 -0.006057
1.955000 -0.157461 -0.006057
1.960000 -0.165873 -0.006057
1.965000 -0.166968 -0.006057
1.970000 -0.165604 -0.006057
1.975000 -0.159284 -0.006057
1.980000 -0.156595 -0.006057
1.985000 -0.164156 -0.006057
1.990000 -0.160694 -0.006057
1.995000 -0.163398 -0.006057
2.000000 -0.164241 -0.006057
2.005000 -0.174315 -0.006057
2.010000 -0.161820 -0.006057
2.015000 -0.167091 -0.006057
2.020000 -0.171120 -0.006057
2.025000 -0.172936 -0.006057
2.030000 -0.166095 -0.006057
2.035000 -0.169366 -0.006057
2.040000 -0.166179 -0.006057
2.045000 -0.165834 -0.006057
2.050000 -0.163911 -0.006057
2.055000 -0.163804 -0.006057
2.060000 -0.168914 -0.006057
2.065000 -0.160364 -0.006057
2.070000 -0.165336 -0.006057
2.075000 -0.160157 -0.006057
2.080000 -0.164647 -0.006057
2.085000 -0.158150 -0.006057
2.090000 -0.169573 -0.006057
2.095000 -0.161368 -0.006057
2.100000 -0.169558 -0.006057
2.105000 -0.175120 -0.006057
2.110000 -0.168523 -0.006057
2.115000 -0.164838 -0.006057
2.120000 -0.168447 -0.006057
2.125000 -0.168807 -0.006057
2.130000 -0.166026 -0.006057
2.135000 -0.169289 -0.006057
2.140000 -0.162670 -0.006057
2.145000 -0.175733 -0.006057
2.150000 -0.165489 -0.006057
2.155000 -0.166914 -0.006057
2.160000 -0.163237 -0.006057
2.165000 -0.170293 -0.006057
2.170000 -0.169910 -0.006057
2.175000 -0.166202 -0.006057
2.180000 -0.170967 -0.006057
2.185000 -0.165298 -0.006057
2.190000 -0.165030 -0.006057
2.195000 -0.167167 -0.006057
2.200000 -0.170094 -0.006057
2.205000 -0.177196 -0.006057
2.210000 -0.181080 -0.006057
2.215000 -0.167420 -0.006057
2.220000 -0.163996 -0.006057
2.225000 -0.158863 -0.006057
2.230000 -0.167550 -0.006057
2.235000 -0.167627 -0.006057
2.240000 -0.174361 -0.006057
