0.000000 -62.487801 -0.006057
0.005000 -0.081262 -0.006057
0.010000 1.116967 -0.006057
0.015000 1.166367 -0.006057
0.020000 1.161440 -0.006057
0.025000 1.160843 -0.006057
0.030000 1.170243 -0.006057
0.035000 1.165432 -0.006057
0.040000 1.170588 -0.006057
0.045000 1.165555 -0.006057
0.050000 1.163333 -0.006057
0.055000 1.157365 -0.006057
0.060000 1.165807 -0.006057
0.065000 1.164482 -0.006057
0.070000 1.165769 -0.006057
0.075000 1.165095 -0.006057
0.080000 1.168328 -0.006057
0.085000 1.171124 -0.006057
0.090000 1.155924 -0.006057
0.095000 1.170412 -0.006057
0.100000 1.165195 -0.006057
0.105000 1.177184 -0.006057
0.110000 1.167585 -0.006057
0.115000 1.172511 -0.006057
0.120000 1.169224 -0.006057
0.125000 1.167615 -0.006057
0.130000 1.168397 -0.006057
0.135000 1.167240 -0.006057
0.140000 1.171844 -0.006057
0.145000 1.175353 -0.006057
0.150000 1.163317 -0.006057
0.155000 1.168205 -0.006057
0.160000 1.173200 -0.006057
0.165000 1.162888 -0.006057
0.170000 1.163907 -0.006057
0.175000 1.165999 -0.006057
0.180000 1.169707 -0.006057
0.185000 1.164375 -0.006057
0.190000 1.167263 -0.006057
0.195000 1.163088 -0.006057
0.200000 1.160950 -0.006057
0.205000 1.169278 -0.006057
0.210000 1.159924 -0.006057
0.215000 1.168190 -0.006057
0.220000 1.170251 -0.006057
0.225000 1.172312 -0.006057
0.230000 1.171507 -0.006057
0.235000 1.172549 -0.006057
0.240000 1.172373 -0.006057
0.245000 1.175936 -0.006057
0.250000 1.166244 -0.006057
0.255000 1.163348 -0.006057
0.260000 1.168244 -0.006057
0.265000 1.174656 -0.006057
0.270000 1.174204 -0.006057
0.275000 1.167700 -0.006057
0.280000 1.169829 -0.006057
0.285000 1.166397 -0.006057
0.290000 1.172189 -0.006057
0.295000 1.163203 -0.006057
0.300000 1.175016 -0.006057
0.305000 1.164988 -0.006057
0.310000 1.170381 -0.006057
0.315000 1.160406 -0.006057
0.320000 1.167945 -0.006057
0.325000 1.169799 -0.006057
0.330000 1.174871 -0.006057
0.335000 1.165279 -0.006057
0.340000 1.158116 -0.006057
0.345000 1.170802 -0.006057
0.350000 1.158261 -0.006057
0.355000 1.163256 -0.006057
0.360000 1.166413 -0.006057
0.365000 1.170818 -0.006057
0.370000 1.168512 -0.006057
0.375000 1.178249 -0.006057
0.380000 1.164689 -0.006057
0.385000 1.167003 -0.006057
0.390000 1.158230 -0.006057
0.395000 1.167753 -0.006057
0.400000 1.165271 -0.006057
0.405000 1.164222 -0.006057
0.410000 1.173990 -0.006057
0.415000 1.160521 -0.006057
0.420000 1.174304 -0.006057
0.425000 1.166688 -0.006057
0.430000 1.177131 -0.006057
0.435000 1.167807 -0.006057
0.440000 1.170848 -0.006057
0.445000 1.167799 -0.006057
0.450000 1.164428 -0.006057
0.455000 1.163815 -0.006057
0.460000 1.173875 -0.006057
0.465000 1.173200 -0.006057
0.470000 1.165953 -0.006057
0.475000 1.167003 -0.006057
0.480000 1.167999 -0.006057
0.485000 1.172603 -0.006057
0.490000 1.168029 -0.006057
0.495000 1.171737 -0.006057
0.500000 1.166367 -0.006057
0.505000 1.174648 -0.006057
0.510000 1.162934 -0.006057
0.515000 1.173936 -0.006057
0.520000 1.180777 -0.006057
0.525000 1.173660 -0.006057
0.530000 1.166405 -0.006057
0.535000 1.168389 -0.006057
0.540000 1.164919 -0.006057
0.545000 1.173882 -0.006057
0.550000 1.165371 -0.006057
0.555000 1.164076 -0.006057
0.560000 1.170603 -0.006057
0.565000 1.168864 -0.006057
0.570000 1.180333 -0.006057
0.575000 1.172871 -0.006057
0.580000 1.188385 -0.006057
0.585000 1.179276 -0.006057
0.590000 1.173951 -0.006057
0.595000 1.168803 -0.006057
0.600000 1.178969 -0.006057
0.605000 1.179322 -0.006057
0.610000 1.173400 -0.006057
0.615000 1.168573 -0.006057
0.620000 1.165616 -0.006057
0.625000 1.175499 -0.006057
0.630000 1.167117 -0.006057
0.635000 1.177452 -0.006057
0.640000 1.171392 -0.006057
0.645000 1.180969 0.189942
0.650000 1.171124 4.893919
0.655000 1.174442 4.697920
0.660000 1.173392 -0.006057
0.665000 1.219857 -0.006057
0.670000 1.501775 -0.006057
0.675000 2.215225 -0.006057
0.680000 3.376052 -0.006057
0.685000 4.708951 -0.006057
0.690000 6.122468 -0.006057
0.695000 7.555053 -0.006057
0.700000 8.968463 -0.006057
0.705000 10.310938 -0.006057
0.710000 11.579067 -0.006057
0.715000 12.725155 -0.006057
0.720000 13.743330 -0.006057
0.725000 14.618340 -0.006057
0.730000 15.341988 -0.006057
0.735000 15.926041 -0.006057
0.740000 16.358332 -0.006057
0.745000 16.662344 -0.006057
0.750000 16.826479 -0.006057
0.755000 16.860294 -0.006057
0.760000 16.757681 -0.006057
0.765000 16.557930 -0.006057
0.770000 16.239147 -0.006057
0.775000 15.816140 -0.006057
0.780000 15.281395 -0.006057
0.785000 14.655306 -0.006057
0.790000 13.945318 -0.006057
0.795000 13.179848 -0.006057
0.800000 12.381718 -0.006057
0.805000 11.580248 -0.006057
0.810000 10.786285 -0.006057
0.815000 10.017084 -0.006057
0.820000 9.305005 -0.006057
0.825000 8.637843 -0.006057
0.830000 8.028876 -0.006057
0.835000 7.466053 -0.006057
0.840000 6.953112 -0.006057
0.845000 6.473581 -0.006057
0.850000 6.029315 -0.006057
0.855000 5.624680 -0.006057
0.860000 5.242477 -0.006057
0.865000 4.903116 -0.006057
0.870000 4.582487 -0.006057
0.875000 4.294096 -0.006057
0.880000 4.028574 -0.006057
0.885000 3.787575 -0.006057
0.890000 3.565491 -0.006057
0.895000 3.356493 -0.006057
0.900000 3.161584 -0.006057
0.905000 2.996332 -0.006057
0.910000 2.830398 -0.006057
0.915000 2.689493 -0.006057
0.920000 2.560531 -0.006057
0.925000 2.442265 -0.006057
0.930000 2.325868 -0.006057
0.935000 2.238699 -0.006057
0.940000 2.149913 -0.006057
0.945000 2.062660 -0.006057
0.950000 1.979390 -0.006057
0.955000 1.913848 -0.006057
0.960000 1.856887 -0.006057
0.965000 1.789737 -0.006057
0.970000 1.748175 -0.006057
0.975000 1.692186 -0.006057
0.980000 1.651613 -0.006057
0.985000 1.606756 -0.006057
0.990000 1.568879 -0.006057
0.995000 1.532121 -0.006057
1.000000 1.504533 -0.006057
1.005000 1.474562 -0.006057
1.010000 1.448698 -0.006057
1.015000 1.426986 -0.006057
1.020000 1.401765 -0.006057
1.025000 1.378575 -0.006057
1.030000 1.357522 -0.006057
1.035000 1.345539 -0.006057
1.040000 1.319361 -0.006057
1.045000 1.300469 -0.006057
1.050000 1.283867 -0.006057
1.055000 1.271999 -0.006057
1.060000 1.254586 -0.006057
1.065000 1.240627 -0.006057
1.070000 1.223933 -0.006057
1.075000 1.214939 -0.006057
1.080000 1.200130 -0.006057
1.085000 1.194598 -0.006057
1.090000 1.183903 -0.006057
1.095000 1.171055 -0.006057
1.100000 1.164153 -0.006057
1.105000 1.152531 -0.006057
1.110000 1.153304 -0.006057
1.115000 1.133178 -0.006057
1.120000 1.135354 -0.006057
1.125000 1.121832 -0.006057
1.130000 1.111543 -0.006057
1.135000 1.103315 -0.006057
1.140000 1.102648 -0.006057
1.145000 1.095600 -0.006057
1.150000 1.087579 -0.006057
1.155000 1.074271 -0.006057
1.160000 1.080952 -0.006057
1.165000 1.073359 -0.006057
1.170000 1.073704 -0.006057
1.175000 1.068640 -0.006057
1.180000 1.053601 -0.006057
1.185000 1.055317 -0.006057
1.190000 1.053877 -0.006057
1.195000 1.047036 -0.006057
1.200000 1.038271 -0.006057
1.205000 1.036478 -0.006057
1.210000 1.031614 -0.006057
1.215000 1.027055 -0.006057
1.220000 1.021524 -0.006057
1.225000 1.005933 -0.006057
1.230000 1.011150 -0.006057
1.235000 0.995667 -0.006057
1.240000 0.994863 -0.006057
1.245000 0.992756 -0.006057
1.250000 0.993645 -0.006057
1.255000 0.988956 -0.006057
1.260000 0.990281 -0.006057
1.265000 0.986221 -0.006057
1.270000 0.982298 -0.006057
1.275000 0.978284 -0.006057
1.280000 0.980628 -0.006057
1.285000 0.979540 -0.006057
1.290000 0.977931 -0.006057
1.295000 0.972760 -0.006057
1.300000 0.972752 -0.006057
1.305000 0.974744 -0.006057
1.310000 0.963344 -0.006057
1.315000 0.967068 -0.006057
1.320000 0.953975 -0.006057
1.325000 0.962816 -0.006057
1.330000 0.959085 -0.006057
1.335000 0.958901 -0.006057
1.340000 0.951684 -0.006057
1.345000 0.952083 -0.006057
1.350000 0.945065 -0.006057
1.355000 0.941679 -0.006057
1.360000 0.941096 -0.006057
1.365000 0.935381 -0.006057
1.370000 0.943701 -0.006057
1.375000 0.932171 -0.006057
1.380000 0.936829 -0.006057
1.385000 0.931573 -0.006057
1.390000 0.931581 -0.006057
1.395000 0.925851 -0.006057
1.400000 0.931290 -0.006057
1.405000 0.936193 -0.006057
1.410000 0.925061 -0.006057
1.415000 0.915079 -0.006057
1.420000 0.923353 -0.006057
1.425000 0.916611 -0.006057
1.430000 0.907464 -0.006057
1.435000 0.917101 -0.006057
1.440000 0.913700 -0.006057
1.445000 0.913853 -0.006057
1.450000 0.912053 -0.006057
1.455000 0.918067 -0.006057
1.460000 0.913945 -0.006057
1.465000 0.906697 -0.006057
1.470000 0.907801 -0.006057
1.475000 0.905112 -0.006057
1.480000 0.902262 -0.006057
1.485000 0.908720 -0.006057
1.490000 0.905035 -0.006057
1.495000 0.898691 -0.006057
1.500000 0.902997 -0.006057
1.505000 0.895711 -0.006057
1.510000 0.899473 -0.006057
1.515000 0.889444 -0.006057
1.520000 0.899458 -0.006057
1.525000 0.879669 -0.006057
1.530000 0.893988 -0.006057
1.535000 0.890938 -0.006057
1.540000 0.885047 -0.006057
1.545000 0.890532 -0.006057
1.550000 0.886028 -0.006057
1.555000 0.889115 -0.006057
1.560000 0.881576 -0.006057
1.565000 0.876957 -0.006057
1.570000 0.884549 -0.006057
1.575000 0.877960 -0.006057
1.580000 0.878573 -0.006057
1.585000 0.886893 -0.006057
1.590000 0.877930 -0.006057
1.595000 0.870897 -0.006057
1.600000 0.876160 -0.006057
1.605000 0.870529 -0.006057
1.610000 0.876351 -0.006057
1.615000 0.864768 -0.006057
1.620000 0.873471 -0.006057
1.625000 0.865718 -0.006057
1.630000 0.866231 -0.006057
1.635000 0.864423 -0.006057
1.640000 0.862707 -0.006057
1.645000 0.865572 -0.006057
1.650000 0.871448 -0.006057
1.655000 0.867441 -0.006057
1.660000 0.865710 -0.006057
1.665000 0.858355 -0.006057
1.670000 0.851169 -0.006057
1.675000 0.854096 -0.006057
1.680000 0.855046 -0.006057
1.685000 0.860493 -0.006057
1.690000 0.862508 -0.006057
1.695000 0.857398 -0.006057
1.700000 0.848173 -0.006057
1.705000 0.850027 -0.006057
1.710000 0.850380 -0.006057
1.715000 0.846771 -0.006057
1.720000 0.852793 -0.006057
1.725000 0.851912 -0.006057
1.730000 0.857735 -0.006057
1.735000 0.848304 -0.006057
1.740000 0.850027 -0.006057
1.745000 0.850020 -0.006057
1.750000 0.844412 -0.006057
1.755000 0.844182 -0.006057
1.760000 0.842098 -0.006057
1.765000 0.846825 -0.006057
1.770000 0.848327 -0.006057
1.775000 0.838766 -0.006057
1.780000 0.836482 -0.006057
1.785000 0.840574 -0.006057
1.790000 0.843868 -0.006057
1.795000 0.836574 -0.006057
1.800000 0.839616 -0.006057
1.805000 0.842803 -0.006057
1.810000 0.843944 -0.006057
1.815000 0.839884 -0.006057
1.820000 0.832920 -0.006057
1.825000 0.841861 -0.006057
1.830000 0.843446 -0.006057
1.835000 0.840872 -0.006057
1.840000 0.825703 -0.006057
1.845000 0.840459 -0.006057
1.850000 0.836505 -0.006057
1.855000 0.841914 -0.006057
1.860000 0.825550 -0.006057
1.865000 0.831495 -0.006057
1.870000 0.833043 -0.006057
1.875000 0.832659 -0.006057
1.880000 0.833104 -0.006057
1.885000 0.839363 -0.006057
1.890000 0.830415 -0.006057
1.895000 0.837019 -0.006057
1.900000 0.831817 -0.006057
1.905000 0.834713 -0.006057
1.910000 0.833655 -0.006057
1.915000 0.826308 -0.006057
1.920000 0.827235 -0.006057
1.925000 0.822983 -0.006057
1.930000 0.836099 -0.006057
1.935000 0.823006 -0.006057
1.940000 0.826408 -0.006057
1.945000 0.833732 -0.006057
1.950000 0.824715 -0.006057
1.955000 0.827649 -0.006057
1.960000 0.826439 -0.006057
1.965000 0.832836 -0.006057
1.970000 0.824378 -0.006057
1.975000 0.819482 -0.006057
1.980000 0.820616 -0.006057
1.985000 0.829411 -0.006057
1.990000 0.829810 -0.006057
1.995000 0.832728 -0.006057
2.000000 0.818525 -0.006057
2.005000 0.816341 -0.006057
2.010000 0.825741 -0.006057
2.015000 0.827435 -0.006057
2.020000 0.821160 -0.006057
2.025000 0.823274 -0.006057
2.030000 0.827266 -0.006057
2.035000 0.825014 -0.006057
2.040000 0.828408 -0.006057
2.045000 0.832813 -0.006057
2.050000 0.826645 -0.006057
2.055000 0.820264 -0.006057
2.060000 0.830767 -0.006057
2.065000 0.820961 -0.006057
2.070000 0.819712 -0.006057
2.075000 0.819153 -0.006057
2.080000 0.821099 -0.006057
2.085000 0.819467 -0.006057
2.090000 0.819635 -0.006057
2.095000 0.820785 -0.006057
2.100000 0.820172 -0.006057
2.105000 0.826416 -0.006057
2.110000 0.819114 -0.006057
2.115000 0.826316 -0.006057
2.120000 0.827871 -0.006057
2.125000 0.818440 -0.006057
2.130000 0.825695 -0.006057
2.135000 0.818908 -0.006057
2.140000 0.814954 -0.006057
2.145000 0.823121 -0.006057
2.150000 0.821129 -0.006057
2.155000 0.815644 -0.006057
2.160000 0.807638 -0.006057
2.165000 0.814602 -0.006057
2.170000 0.818701 -0.006057
2.175000 0.812886 -0.006057
2.180000 0.809117 -0.006057
2.185000 0.815521 -0.006057
2.190000 0.824110 -0.006057
2.195000 0.819421 -0.006057
2.200000 0.820103 -0.006057
2.205000 0.818670 -0.006057
2.210000 0.826531 -0.006057
2.215000 0.818287 -0.006057
2.220000 0.819160 -0.006057
2.225000 0.825328 -0.006057
2.230000 0.820003 -0.006057
2.235000 0.816824 -0.006057
2.240000 0.816632 -0.006057
2.245000 0.819122 -0.006057
2.250000 0.817973 -0.006057
2.255000 0.820248 -0.006057
2.260000 0.816517 -0.006057
2.265000 0.817268 -0.006057
2.270000 0.818777 -0.006057
2.275000 0.811063 -0.006057
2.280000 0.821397 -0.006057
2.285000 0.822026 -0.006057
2.290000 0.823282 -0.006057
2.295000 0.816012 -0.006057
2.300000 0.817406 -0.006057
2.305000 0.820555 -0.006057
2.310000 0.821091 -0.006057
2.315000 0.815920 -0.006057
2.320000 0.810496 -0.006057
2.325000 0.813606 -0.006057
2.330000 0.813269 -0.006057
2.335000 0.806550 -0.006057
2.340000 0.816946 -0.006057
2.345000 0.817827 -0.006057
2.350000 0.810105 -0.006057
2.355000 0.816939 -0.006057
2.360000 0.804053 -0.006057
2.365000 0.810779 -0.006057
2.370000 0.815805 -0.006057
2.375000 0.825358 -0.006057
2.380000 0.815774 -0.006057
2.385000 0.820049 -0.006057
2.390000 0.820647 -0.006057
2.395000 0.819252 -0.006057
2.400000 0.815391 -0.006057
2.405000 0.810113 -0.006057
2.410000 0.816908 -0.006057
2.415000 0.809576 -0.006057
2.420000 0.816517 -0.006057
2.425000 0.810618 -0.006057
2.430000 0.820011 -0.006057
2.435000 0.815054 -0.006057
2.440000 0.815659 -0.006057
2.445000 0.819367 -0.006057
2.450000 0.825328 -0.006057
2.455000 0.812748 -0.006057
2.460000 0.823811 -0.006057
2.465000 0.813346 -0.006057
2.470000 0.812963 -0.006057
2.475000 0.815284 -0.006057
2.480000 0.810748 -0.006057
2.485000 0.808596 -0.006057
2.490000 0.809852 -0.006057
2.495000 0.817176 -0.006057
2.500000 0.806336 -0.006057
2.505000 0.824439 -0.006057
2.510000 0.815200 -0.006057
2.515000 0.809714 -0.006057
2.520000 0.813775 -0.006057
2.525000 0.815927 -0.006057
2.530000 0.820938 -0.006057
2.535000 0.811530 -0.006057
2.540000 0.818103 -0.006057
2.545000 0.815330 -0.006057
2.550000 0.816648 -0.006057
2.555000 0.814181 -0.006057
2.560000 0.812533 -0.006057
2.565000 0.810021 -0.006057
2.570000 0.816364 -0.006057
2.575000 0.807217 -0.006057
2.580000 0.817582 -0.006057
2.585000 0.811446 -0.006057
2.590000 0.814954 -0.006057
2.595000 0.814357 -0.006057
2.600000 0.815690 -0.006057
2.605000 0.816762 -0.006057
2.610000 0.808473 -0.006057
2.615000 0.815567 -0.006057
2.620000 0.810526 -0.006057
2.625000 0.815851 -0.006057
2.630000 0.810411 -0.006057
2.635000 0.806795 -0.006057
2.640000 0.804520 -0.006057
2.645000 0.811928 -0.006057
2.650000 0.814824 -0.006057
2.655000 0.815207 -0.006057
2.660000 0.811384 -0.006057
2.665000 0.812878 -0.006057
2.670000 0.815422 -0.006057
2.675000 0.806650 -0.006057
2.680000 0.803417 -0.006057
2.685000 0.808220 -0.006057
2.690000 0.807247 -0.006057
2.695000 0.802566 -0.006057
2.700000 0.810388 -0.006057
2.705000 0.804344 -0.006057
2.710000 0.804106 -0.006057
2.715000 0.796560 -0.006057
2.720000 0.812978 -0.006057
2.725000 0.804627 -0.006057
2.730000 0.810059 -0.006057
2.735000 0.804489 -0.006057
2.740000 0.805179 -0.006057
2.745000 0.814686 -0.006057
2.750000 0.807377 -0.006057
2.755000 0.808350 -0.006057
2.760000 0.804596 -0.006057
2.765000 0.807829 -0.006057
2.770000 0.809048 -0.006057
2.775000 0.804665 -0.006057
2.780000 0.804658 -0.006057
2.785000 0.810526 -0.006057
2.790000 0.803149 -0.006057
2.795000 0.804091 -0.006057
2.800000 0.795909 -0.006057
