0.000000 -62.029404 -0.006057
0.005000 1.255306 -0.006057
0.010000 2.476373 -0.006057
0.015000 2.534330 -0.006057
0.020000 2.525052 -0.006057
0.025000 2.522769 -0.006057
0.030000 2.527404 -0.006057
0.035000 2.528791 -0.006057
0.040000 2.530507 -0.006057
0.045000 2.521881 -0.006057
0.050000 2.524754 -0.006057
0.055000 2.524447 -0.006057
0.060000 2.526623 -0.006057
0.065000 2.521000 -0.006057
0.070000 2.532399 -0.006057
0.075000 2.532399 -0.006057
0.080000 2.525052 -0.006057
0.085000 2.530469 -0.006057
0.090000 2.528055 -0.006057
0.095000 2.525374 -0.006057
0.100000 2.527902 -0.006057
0.105000 2.532208 -0.006057
0.110000 2.532108 -0.006057
0.115000 2.528507 -0.006057
0.120000 2.528615 -0.006057
0.125000 2.529006 -0.006057
0.130000 2.531649 -0.006057
0.135000 2.522609 -0.006057
0.140000 2.529036 -0.006057
0.145000 2.519674 -0.006057
0.150000 2.532108 -0.006057
0.155000 2.525029 -0.006057
0.160000 2.526700 -0.006057
0.165000 2.527313 -0.006057
0.170000 2.523612 -0.006057
0.175000 2.527726 -0.006057
0.180000 2.523160 -0.006057
0.185000 2.531718 -0.006057
0.190000 2.524409 -0.006057
0.195000 2.522470 -0.006057
0.200000 2.526431 -0.006057
0.205000 2.535242 -0.006057
0.210000 2.521459 -0.006057
0.215000 2.519919 -0.006057
0.220000 2.521965 -0.006057
0.225000 2.526883 -0.006057
0.230000 2.525367 -0.006057
0.235000 2.533541 -0.006057
0.240000 2.532399 -0.006057
0.245000 2.532522 -0.006057
0.250000 2.526240 -0.006057
0.255000 2.528791 -0.006057
0.260000 2.524822 -0.006057
0.265000 2.529894 -0.006057
0.270000 2.526171 -0.006057
0.275000 2.528661 -0.006057
0.280000 2.533579 -0.006057
0.285000 2.527588 -0.006057
0.290000 2.531779 -0.006057
0.295000 2.525719 -0.006057
0.300000 2.530729 -0.006057
0.305000 2.528822 -0.006057
0.310000 2.529113 -0.006057
0.315000 2.529350 -0.006057
0.320000 2.521904 -0.006057
0.325000 2.531932 -0.006057
0.330000 2.525175 -0.006057
0.335000 2.527121 -0.006057
0.340000 2.527205 -0.006057
0.345000 2.529672 -0.006057
0.350000 2.531457 -0.006057
0.355000 2.527481 -0.006057
0.360000 2.531718 -0.006057
0.365000 2.529986 -0.006057
0.370000 2.526585 -0.006057
0.375000 2.523321 -0.006057
0.380000 2.525711 -0.006057
0.385000 2.522386 -0.006057
0.390000 2.521643 -0.006057
0.395000 2.524953 -0.006057
0.400000 2.528891 -0.006057
0.405000 2.528025 -0.006057
0.410000 2.525857 -0.006057
0.415000 2.526868 -0.006057
0.420000 2.532284 -0.006057
0.425000 2.538191 -0.006057
0.430000 2.530116 -0.006057
0.435000 2.524968 -0.006057
0.440000 2.525060 -0.006057
0.445000 2.522991 -0.006057
0.450000 2.520034 -0.006057
0.455000 2.525443 -0.006057
0.460000 2.529419 -0.006057
0.465000 2.520486 -0.006057
0.470000 2.531396 -0.006057
0.475000 2.527864 -0.006057
0.480000 2.522340 -0.006057
0.485000 2.528147 -0.006057
0.490000 2.525520 -0.006057
0.495000 2.525727 -0.006057
0.500000 2.514909 -0.006057
0.505000 2.527351 -0.006057
0.510000 2.518923 -0.006057
0.515000 2.526408 -0.006057
0.520000 2.519575 -0.006057
0.525000 2.531220 -0.006057
0.530000 2.521681 -0.006057
0.535000 2.522746 -0.006057
0.540000 2.525903 -0.006057
0.545000 2.522463 -0.006057
0.550000 2.525006 -0.006057
0.555000 2.529434 -0.006057
0.560000 2.523313 -0.006057
0.565000 2.520019 -0.006057
0.570000 2.535878 -0.006057
0.575000 2.533794 -0.006057
0.580000 2.524263 -0.006057
0.585000 2.523673 -0.006057
0.590000 2.525343 -0.006057
0.595000 2.525788 -0.006057
0.600000 2.527282 -0.006057
0.605000 2.528278 -0.006057
0.610000 2.523896 -0.006057
0.615000 2.531197 -0.006057
0.620000 2.529626 -0.006057
0.625000 2.529312 -0.006057
0.630000 2.519904 -0.006057
0.635000 2.527190 -0.006057
0.640000 2.522984 -0.006057
0.645000 2.528216 0.073938
0.650000 2.528714 1.993818
0.655000 2.526194 1.913823
0.660000 2.528109 -0.006057
0.665000 2.536490 -0.006057
0.670000 2.534323 -0.006057
0.675000 2.535517 -0.006057
0.680000 2.537670 -0.006057
0.685000 2.538084 -0.006057
0.690000 2.557551 -0.006057
0.695000 2.562102 -0.006057
0.700000 2.570928 -0.006057
0.705000 2.568844 -0.006057
0.710000 2.570345 -0.006057
0.715000 2.579638 -0.006057
0.720000 2.570782 -0.006057
0.725000 2.575999 -0.006057
0.730000 2.583868 -0.006057
0.735000 2.583308 -0.006057
0.740000 2.583086 -0.006057
0.745000 2.579570 -0.006057
0.750000 2.583209 -0.006057
0.755000 2.591092 -0.006057
0.760000 2.590050 -0.006057
0.765000 2.588748 -0.006057
0.770000 2.577915 -0.006057
0.775000 2.587315 -0.006057
0.780000 2.585047 -0.006057
0.785000 2.578566 -0.006057
0.790000 2.583163 -0.006057
0.795000 2.578681 -0.006057
0.800000 2.580634 -0.006057
0.805000 2.578804 -0.006057
0.810000 2.568537 -0.006057
0.815000 2.572774 -0.006057
0.820000 2.573272 -0.006057
0.825000 2.565749 -0.006057
0.830000 2.568384 -0.006057
0.835000 2.565641 -0.006057
0.840000 2.564553 -0.006057
0.845000 2.548503 -0.006057
0.850000 2.563665 -0.006057
0.855000 2.569541 -0.006057
0.860000 2.556310 -0.006057
0.865000 2.553338 -0.006057
0.870000 2.559175 -0.006057
0.875000 2.556034 -0.006057
0.880000 2.551246 -0.006057
0.885000 2.544129 -0.006057
0.890000 2.544106 -0.006057
0.895000 2.551407 -0.006057
0.900000 2.543317 -0.006057
0.905000 2.545408 -0.006057
0.910000 2.537854 -0.006057
0.915000 2.547446 -0.006057
0.920000 2.538827 -0.006057
0.925000 2.539800 -0.006057
0.930000 2.547592 -0.006057
0.935000 2.542612 -0.006057
0.940000 2.540321 -0.006057
0.945000 2.535548 -0.006057
0.950000 2.541593 -0.006057
0.955000 2.540865 -0.006057
0.960000 2.537065 -0.006057
0.965000 2.537418 -0.006057
0.970000 2.534920 -0.006057
0.975000 2.541892 -0.006057
0.980000 2.539708 -0.006057
0.985000 2.529657 -0.006057
0.990000 2.534215 -0.006057
0.995000 2.529833 -0.006057
1.000000 2.530247 -0.006057
1.005000 2.537540 -0.006057
1.010000 2.532928 -0.006057
1.015000 2.534154 -0.006057
1.020000 2.540834 -0.006057
1.025000 2.527052 -0.006057
1.030000 2.533939 -0.006057
1.035000 2.539961 -0.006057
1.040000 2.537310 -0.006057
1.045000 2.537134 -0.006057
1.050000 2.526929 -0.006057
1.055000 2.538774 -0.006057
1.060000 2.531327 -0.006057
1.065000 2.523903 -0.006057
1.070000 2.532254 -0.006057
1.075000 2.533104 -0.006057
1.080000 2.528753 -0.006057
1.085000 2.528431 -0.006057
1.090000 2.537218 -0.006057
1.095000 2.533028 -0.006057
1.100000 2.533886 -0.006057
1.105000 2.532055 -0.006057
1.110000 2.529764 -0.006057
1.115000 2.532829 -0.006057
1.120000 2.526998 -0.006057
1.125000 2.529856 -0.006057
1.130000 2.521053 -0.006057
1.135000 2.523474 -0.006057
1.140000 2.527481 -0.006057
1.145000 2.530737 -0.006057
1.150000 2.521996 -0.006057
1.155000 2.524324 -0.006057
1.160000 2.519873 -0.006057
1.165000 2.525956 -0.006057
1.170000 2.525083 -0.006057
1.175000 2.522585 -0.006057
1.180000 2.519077 -0.006057
1.185000 2.523942 -0.006057
1.190000 2.527450 -0.006057
1.195000 2.523344 -0.006057
1.200000 2.520670 -0.006057
1.205000 2.523750 -0.006057
1.210000 2.520211 -0.006057
1.215000 2.524087 -0.006057
1.220000 2.523942 -0.006057
1.225000 2.517483 -0.006057
1.230000 2.517751 -0.006057
1.235000 2.522930 -0.006057
1.240000 2.521375 -0.006057
1.245000 2.518640 -0.006057
1.250000 2.516387 -0.006057
1.255000 2.520471 -0.006057
1.260000 2.514901 -0.006057
1.265000 2.520808 -0.006057
1.270000 2.513262 -0.006057
1.275000 2.512450 -0.006057
1.280000 2.519720 -0.006057
1.285000 2.518081 -0.006057
1.290000 2.522371 -0.006057
1.295000 2.517950 -0.006057
1.300000 2.513836 -0.006057
1.305000 2.515277 -0.006057
1.310000 2.516127 -0.006057
1.315000 2.525129 -0.006057
1.320000 2.517422 -0.006057
1.325000 2.521643 -0.006057
1.330000 2.520915 -0.006057
1.335000 2.521636 -0.006057
1.340000 2.520571 -0.006057
1.345000 2.503394 -0.006057
1.350000 2.516847 -0.006057
1.355000 2.517950 -0.006057
1.360000 2.511806 -0.006057
1.365000 2.514327 -0.006057
1.370000 2.512082 -0.006057
1.375000 2.520180 -0.006057
1.380000 2.528308 -0.006057
1.385000 2.515660 -0.006057
1.390000 2.522325 -0.006057
1.395000 2.515606 -0.006057
1.400000 2.521681 -0.006057
1.405000 2.512396 -0.006057
1.410000 2.512902 -0.006057
1.415000 2.523535 -0.006057
1.420000 2.521582 -0.006057
1.425000 2.513683 -0.006057
1.430000 2.510442 -0.006057
1.435000 2.518180 -0.006057
1.440000 2.516985 -0.006057
1.445000 2.524332 -0.006057
1.450000 2.513683 -0.006057
1.455000 2.515981 -0.006057
1.460000 2.514311 -0.006057
1.465000 2.522448 -0.006057
1.470000 2.514993 -0.006057
1.475000 2.513660 -0.006057
1.480000 2.514809 -0.006057
1.485000 2.516862 -0.006057
1.490000 2.523489 -0.006057
1.495000 2.519375 -0.006057
1.500000 2.519475 -0.006057
1.505000 2.517261 -0.006057
1.510000 2.523788 -0.006057
1.515000 2.528431 -0.006057
1.520000 2.523803 -0.006057
1.525000 2.519230 -0.006057
1.530000 2.515054 -0.006057
1.535000 2.527665 -0.006057
1.540000 2.521727 -0.006057
1.545000 2.515690 -0.006057
1.550000 2.517215 -0.006057
1.555000 2.522279 -0.006057
1.560000 2.507906 -0.006057
1.565000 2.518165 -0.006057
1.570000 2.516656 -0.006057
1.575000 2.522409 -0.006057
1.580000 2.518088 -0.006057
1.585000 2.519099 -0.006057
1.590000 2.512511 -0.006057
1.595000 2.517069 -0.006057
1.600000 2.511959 -0.006057
1.605000 2.524279 -0.006057
1.610000 2.515560 -0.006057
1.615000 2.519253 -0.006057
1.620000 2.521344 -0.006057
1.625000 2.514265 -0.006057
1.630000 2.515943 -0.006057
1.635000 2.512358 -0.006057
1.640000 2.524302 -0.006057
1.645000 2.509967 -0.006057
1.650000 2.519107 -0.006057
1.655000 2.515882 -0.006057
1.660000 2.517422 -0.006057
1.665000 2.517690 -0.006057
1.670000 2.517008 -0.006057
1.675000 2.517851 -0.006057
1.680000 2.513997 -0.006057
1.685000 2.522563 -0.006057
1.690000 2.513415 -0.006057
1.695000 2.513001 -0.006057
1.700000 2.516418 -0.006057
1.705000 2.517659 -0.006057
1.710000 2.512488 -0.006057
1.715000 2.516801 -0.006057
1.720000 2.509845 -0.006057
1.725000 2.513285 -0.006057
1.730000 2.511791 -0.006057
1.735000 2.514189 -0.006057
1.740000 2.510550 -0.006057
1.745000 2.520302 -0.006057
1.750000 2.517905 -0.006057
1.755000 2.518356 -0.006057
1.760000 2.511615 -0.006057
1.765000 2.516112 -0.006057
1.770000 2.518073 -0.006057
1.775000 2.518050 -0.006057
1.780000 2.528132 -0.006057
1.785000 2.520065 -0.006057
1.790000 2.521406 -0.006057
1.795000 2.514158 -0.006057
1.800000 2.513675 -0.006057
1.805000 2.516104 -0.006057
1.810000 2.514013 -0.006057
1.815000 2.518885 -0.006057
1.820000 2.519613 -0.006057
1.825000 2.513139 -0.006057
1.830000 2.523482 -0.006057
1.835000 2.514150 -0.006057
1.840000 2.516495 -0.006057
1.845000 2.515966 -0.006057
1.850000 2.513913 -0.006057
1.855000 2.520946 -0.006057
1.860000 2.506757 -0.006057
1.865000 2.514671 -0.006057
1.870000 2.513170 -0.006057
1.875000 2.522126 -0.006057
1.880000 2.515706 -0.006057
1.885000 2.510343 -0.006057
1.890000 2.518318 -0.006057
1.895000 2.515422 -0.006057
1.900000 2.520708 -0.006057
1.905000 2.511025 -0.006057
1.910000 2.520946 -0.006057
1.915000 2.505953 -0.006057
1.920000 2.508910 -0.006057
1.925000 2.509086 -0.006057
1.930000 2.515108 -0.006057
1.935000 2.506811 -0.006057
1.940000 2.513698 -0.006057
1.945000 2.511155 -0.006057
1.950000 2.513016 -0.006057
1.955000 2.512511 -0.006057
1.960000 2.513829 -0.006057
1.965000 2.509745 -0.006057
1.970000 2.511637 -0.006057
1.975000 2.515292 -0.006057
1.980000 2.518050 -0.006057
1.985000 2.514074 -0.006057
1.990000 2.509071 -0.006057
1.995000 2.515085 -0.006057
2.000000 2.508596 -0.006057
2.005000 2.516862 -0.006057
2.010000 2.512955 -0.006057
2.015000 2.513208 -0.006057
2.020000 2.513392 -0.006057
2.025000 2.508052 -0.006057
2.030000 2.511270 -0.006057
2.035000 2.513545 -0.006057
2.040000 2.510458 -0.006057
2.045000 2.513875 -0.006057
2.050000 2.510649 -0.006057
2.055000 2.508841 -0.006057
2.060000 2.512610 -0.006057
2.065000 2.509515 -0.006057
2.070000 2.512450 -0.006057
2.075000 2.513545 -0.006057
2.080000 2.515989 -0.006057
2.085000 2.516096 -0.006057
2.090000 2.514334 -0.006057
2.095000 2.518556 -0.006057
2.100000 2.521429 -0.006057
2.105000 2.513675 -0.006057
2.110000 2.511109 -0.006057
2.115000 2.515759 -0.006057
2.120000 2.504643 -0.006057
2.125000 2.508841 -0.006057
2.130000 2.508267 -0.006057
2.135000 2.506635 -0.006057
2.140000 2.508803 -0.006057
2.145000 2.509653 -0.006057
2.150000 2.513155 -0.006057
2.155000 2.514020 -0.006057
2.160000 2.515422 -0.006057
2.165000 2.515981 -0.006057
2.170000 2.520118 -0.006057
2.175000 2.511584 -0.006057
2.180000 2.515384 -0.006057
2.185000 2.514978 -0.006057
2.190000 2.513208 -0.006057
2.195000 2.515729 -0.006057
2.200000 2.516824 -0.006057
2.205000 2.514181 -0.006057
2.210000 2.510450 -0.006057
2.215000 2.520639 -0.006057
2.220000 2.499763 -0.006057
2.225000 2.519322 -0.006057
2.230000 2.509109 -0.006057
2.235000 2.578328 -0.006057
2.240000 2.470742 -0.006057
