0.000000 -62.397720 -0.006057
0.005000 0.181747 -0.006057
0.010000 1.382367 -0.006057
0.015000 1.433245 -0.006057
0.020000 1.435559 -0.006057
0.025000 1.438271 -0.006057
0.030000 1.434655 -0.006057
0.035000 1.434479 -0.006057
0.040000 1.431958 -0.006057
0.045000 1.434080 -0.006057
0.050000 1.438646 -0.006057
0.055000 1.434080 -0.006057
0.060000 1.435505 -0.006057
0.065000 1.427675 -0.006057
0.070000 1.437321 -0.006057
0.075000 1.433490 -0.006057
0.080000 1.431583 -0.006057
0.085000 1.428212 -0.006057
0.090000 1.438531 -0.006057
0.095000 1.433720 -0.006057
0.100000 1.445963 -0.006057
0.105000 1.438462 -0.006057
0.110000 1.440485 -0.006057
0.115000 1.441933 -0.006057
0.120000 1.440784 -0.006057
0.125000 1.437198 -0.006057
0.130000 1.430847 -0.006057
0.135000 1.438271 -0.006057
0.140000 1.439504 -0.006057
0.145000 1.439274 -0.006057
0.150000 1.437014 -0.006057
0.155000 1.440324 -0.006057
0.160000 1.438838 -0.006057
0.165000 1.434877 -0.006057
0.170000 1.439642 -0.006057
0.175000 1.442078 -0.006057
0.180000 1.443082 -0.006057
0.185000 1.435153 -0.006057
0.190000 1.441151 -0.006057
0.195000 1.443189 -0.006057
0.200000 1.443534 -0.006057
0.205000 1.440247 -0.006057
0.210000 1.436041 -0.006057
0.215000 1.439765 -0.006057
0.220000 1.449027 -0.006057
0.225000 1.441465 -0.006057
0.230000 1.443664 -0.006057
0.235000 1.435482 -0.006057
0.240000 1.438317 -0.006057
0.245000 1.444844 -0.006057
0.250000 1.437321 -0.006057
0.255000 1.439083 -0.006057
0.260000 1.438324 -0.006057
0.265000 1.444737 -0.006057
0.270000 1.437819 -0.006057
0.275000 1.449632 -0.006057
0.280000 1.443235 -0.006057
0.285000 1.445695 -0.006057
0.290000 1.434256 -0.006057
0.295000 1.446016 -0.006057
0.300000 1.442906 -0.006057
0.305000 1.437712 -0.006057
0.310000 1.441228 -0.006057
0.315000 1.438079 -0.006057
0.320000 1.438593 -0.006057
0.325000 1.436601 -0.006057
0.330000 1.436018 -0.006057
0.335000 1.437620 -0.006057
0.340000 1.442952 -0.006057
0.345000 1.441435 -0.006057
0.350000 1.444607 -0.006057
0.355000 1.435988 -0.006057
0.360000 1.444331 -0.006057
0.365000 1.438478 -0.006057
0.370000 1.439022 -0.006057
0.375000 1.440362 -0.006057
0.380000 1.444162 -0.006057
0.385000 1.447005 -0.006057
0.390000 1.437757 -0.006057
0.395000 1.438294 -0.006057
0.400000 1.431881 -0.006057
0.405000 1.448698 -0.006057
0.410000 1.434747 -0.006057
0.415000 1.438309 -0.006057
0.420000 1.437489 -0.006057
0.425000 1.438033 -0.006057
0.430000 1.439995 -0.006057
0.435000 1.432586 -0.006057
0.440000 1.437574 -0.006057
0.445000 1.436363 -0.006057
0.450000 1.436815 -0.006057
0.455000 1.433689 -0.006057
0.460000 1.439290 -0.006057
0.465000 1.435850 -0.006057
0.470000 1.438715 -0.006057
0.475000 1.432709 -0.006057
0.480000 1.442324 -0.006057
0.485000 1.430656 -0.006057
0.490000 1.441105 -0.006057
0.495000 1.435919 -0.006057
0.500000 1.446690 -0.006057
0.505000 1.439014 -0.006057
0.510000 1.437957 -0.006057
0.515000 1.440255 -0.006057
0.520000 1.445388 -0.006057
0.525000 1.443810 -0.006057
0.530000 1.426266 -0.006057
0.535000 1.435674 -0.006057
0.540000 1.430617 -0.006057
0.545000 1.435704 -0.006057
0.550000 1.432402 -0.006057
0.555000 1.434639 -0.006057
0.560000 1.433314 -0.006057
0.565000 1.440324 -0.006057
0.570000 1.435827 -0.006057
0.575000 1.435298 -0.006057
0.580000 1.444553 -0.006057
0.585000 1.437834 -0.006057
0.590000 1.447809 -0.006057
0.595000 1.437666 -0.006057
0.600000 1.440676 -0.006057
0.605000 1.438102 -0.006057
0.610000 1.438432 -0.006057
0.615000 1.439405 -0.006057
0.620000 1.440163 -0.006057
0.625000 1.437344 -0.006057
0.630000 1.435995 -0.006057
0.635000 1.441596 -0.006057
0.640000 1.436685 -0.006057
0.645000 1.440531 0.121950
0.650000 1.430740 3.194117
0.655000 1.435360 3.066110
0.660000 1.437321 -0.006057
0.665000 1.440868 -0.006057
0.670000 1.513734 -0.006057
0.675000 2.118295 -0.006057
0.680000 4.088990 -0.006057
0.685000 7.388590 -0.006057
0.690000 11.127998 -0.006057
0.695000 15.027043 -0.006057
0.700000 19.061859 -0.006057
0.705000 23.089811 -0.006057
0.710000 26.991009 -0.006057
0.715000 30.743488 -0.006057
0.720000 34.294704 -0.006057
0.725000 37.647236 -0.006057
0.730000 40.706745 -0.006057
0.735000 43.581505 -0.006057
0.740000 46.144794 -0.006057
0.745000 48.401451 -0.006057
0.750000 50.463421 -0.006057
0.755000 52.187885 -0.006057
0.760000 53.679249 -0.006057
0.765000 54.808926 -0.006057
0.770000 55.648701 -0.006057
0.775000 56.195728 -0.006057
0.780000 56.481644 -0.006057
0.785000 56.522644 -0.006057
0.790000 56.311302 -0.006057
0.795000 55.887070 -0.006057
0.800000 55.299225 -0.006057
0.805000 54.619755 -0.006057
0.810000 53.938946 -0.006057
0.815000 53.285141 -0.006057
0.820000 52.677021 -0.006057
0.825000 52.113617 -0.006057
0.830000 51.575493 -0.006057
0.835000 51.073898 -0.006057
0.840000 50.601322 -0.006057
0.845000 50.171391 -0.006057
0.850000 49.750271 -0.006057
0.855000 49.363258 -0.006057
0.860000 48.984348 -0.006057
0.865000 48.624287 -0.006057
0.870000 48.298347 -0.006057
0.875000 48.006073 -0.006057
0.880000 47.716724 -0.006057
0.885000 47.435143 -0.006057
0.890000 47.181374 -0.006057
0.895000 46.957542 -0.006057
0.900000 46.757648 -0.006057
0.905000 46.568321 -0.006057
0.910000 46.383533 -0.006057
0.915000 46.222343 -0.006057
0.920000 46.071156 -0.006057
0.925000 45.936489 -0.006057
0.930000 45.811596 -0.006057
0.935000 45.687881 -0.006057
0.940000 45.568748 -0.006057
0.945000 45.456818 -0.006057
0.950000 45.362400 -0.006057
0.955000 45.263359 -0.006057
0.960000 45.167057 -0.006057
0.965000 45.093018 -0.006057
0.970000 45.007687 -0.006057
0.975000 44.929852 -0.006057
0.980000 44.855995 -0.006057
0.985000 44.787781 -0.006057
0.990000 44.723320 -0.006057
0.995000 44.662598 -0.006057
1.000000 44.614605 -0.006057
1.005000 44.555828 -0.006057
1.010000 44.504776 -0.006057
1.015000 44.465961 -0.006057
1.020000 44.423061 -0.006057
1.025000 44.378166 -0.006057
1.030000 44.334160 -0.006057
1.035000 44.297279 -0.006057
1.040000 44.259907 -0.006057
1.045000 44.226765 -0.006057
1.050000 44.195030 -0.006057
1.055000 44.161247 -0.006057
1.060000 44.128258 -0.006057
1.065000 44.097458 -0.006057
1.070000 44.073692 -0.006057
1.075000 44.047340 -0.006057
1.080000 44.033703 -0.006057
1.085000 44.009399 -0.006057
1.090000 43.989803 -0.006057
1.095000 43.964539 -0.006057
1.100000 43.950058 -0.006057
1.105000 43.936329 -0.006057
1.110000 43.909130 -0.006057
1.115000 43.896198 -0.006057
1.120000 43.894421 -0.006057
1.125000 43.881458 -0.006057
1.130000 43.861538 -0.006057
1.135000 43.853451 -0.006057
1.140000 43.849236 -0.006057
1.145000 43.833286 -0.006057
1.150000 43.831982 -0.006057
1.155000 43.819481 -0.006057
1.160000 43.814499 -0.006057
1.165000 43.799175 -0.006057
1.170000 43.806271 -0.006057
1.175000 43.788330 -0.006057
1.180000 43.788910 -0.006057
1.185000 43.784237 -0.006057
1.190000 43.777328 -0.006057
1.195000 43.778828 -0.006057
1.200000 43.777817 -0.006057
1.205000 43.773483 -0.006057
1.210000 43.767735 -0.006057
1.215000 43.765743 -0.006057
1.220000 43.766541 -0.006057
1.225000 43.762371 -0.006057
1.230000 43.751495 -0.006057
1.235000 43.755966 -0.006057
1.240000 43.750298 -0.006057
1.245000 43.754650 -0.006057
1.250000 43.744247 -0.006057
1.255000 43.740860 -0.006057
1.260000 43.740555 -0.006057
1.265000 43.740646 -0.006057
1.270000 43.737751 -0.006057
1.275000 43.730793 -0.006057
1.280000 43.735882 -0.006057
1.285000 43.735390 -0.006057
1.290000 43.733261 -0.006057
1.295000 43.738224 -0.006057
1.300000 43.732662 -0.006057
1.305000 43.721630 -0.006057
1.310000 43.717110 -0.006057
1.315000 43.725094 -0.006057
1.320000 43.726765 -0.006057
1.325000 43.724144 -0.006057
1.330000 43.714813 -0.006057
1.335000 43.709251 -0.006057
1.340000 43.711426 -0.006057
1.345000 43.703472 -0.006057
1.350000 43.695461 -0.006057
1.355000 43.702801 -0.006057
1.360000 43.700867 -0.006057
1.365000 43.702141 -0.006057
1.370000 43.687386 -0.006057
1.375000 43.684780 -0.006057
1.380000 43.687263 -0.006057
1.385000 43.684566 -0.006057
1.390000 43.679356 -0.006057
1.395000 43.669228 -0.006057
1.400000 43.671833 -0.006057
1.405000 43.660542 -0.006057
1.410000 43.662884 -0.006057
1.415000 43.659912 -0.006057
1.420000 43.649445 -0.006057
1.425000 43.644161 -0.006057
1.430000 43.642353 -0.006057
1.435000 43.634293 -0.006057
1.440000 43.632271 -0.006057
1.445000 43.623291 -0.006057
1.450000 43.618526 -0.006057
1.455000 43.609165 -0.006057
1.460000 43.600002 -0.006057
1.465000 43.590900 -0.006057
1.470000 43.590408 -0.006057
1.475000 43.588203 -0.006057
1.480000 43.582886 -0.006057
1.485000 43.574043 -0.006057
1.490000 43.566277 -0.006057
1.495000 43.561157 -0.006057
1.500000 43.550922 -0.006057
1.505000 43.542175 -0.006057
1.510000 43.526623 -0.006057
1.515000 43.526867 -0.006057
1.520000 43.516647 -0.006057
1.525000 43.501831 -0.006057
1.530000 43.483135 -0.006057
1.535000 43.483719 -0.006057
1.540000 43.472397 -0.006057
1.545000 43.456535 -0.006057
1.550000 43.449104 -0.006057
1.555000 43.427975 -0.006057
1.560000 43.418797 -0.006057
1.565000 43.402649 -0.006057
1.570000 43.388458 -0.006057
1.575000 43.384445 -0.006057
1.580000 43.364925 -0.006057
1.585000 43.349342 -0.006057
1.590000 43.326725 -0.006057
1.595000 43.315876 -0.006057
1.600000 43.305855 -0.006057
1.605000 43.285538 -0.006057
1.610000 43.262371 -0.006057
1.615000 43.241379 -0.006057
1.620000 43.223160 -0.006057
1.625000 43.208527 -0.006057
1.630000 43.190250 -0.006057
1.635000 43.171204 -0.006057
1.640000 43.151070 -0.006057
1.645000 43.126369 -0.006057
1.650000 43.101070 -0.006057
1.655000 43.079681 -0.006057
1.660000 43.055164 -0.006057
1.665000 43.040901 -0.006057
1.670000 43.020630 -0.006057
1.675000 42.998306 -0.006057
1.680000 42.986015 -0.006057
1.685000 42.954681 -0.006057
1.690000 42.936111 -0.006057
1.695000 42.897987 -0.006057
1.700000 42.885700 -0.006057
1.705000 42.863285 -0.006057
1.710000 42.845478 -0.006057
1.715000 42.816994 -0.006057
1.720000 42.788509 -0.006057
1.725000 42.766567 -0.006057
1.730000 42.740520 -0.006057
1.735000 42.716278 -0.006057
1.740000 42.695381 -0.006057
1.745000 42.666588 -0.006057
1.750000 42.635345 -0.006057
1.755000 42.611660 -0.006057
1.760000 42.590405 -0.006057
1.765000 42.565262 -0.006057
1.770000 42.531429 -0.006057
1.775000 42.501583 -0.006057
1.780000 42.479595 -0.006057
1.785000 42.458832 -0.006057
1.790000 42.428894 -0.006057
1.795000 42.404957 -0.006057
1.800000 42.386143 -0.006057
1.805000 42.355759 -0.006057
1.810000 42.329941 -0.006057
1.815000 42.306053 -0.006057
1.820000 42.276295 -0.006057
1.825000 42.251015 -0.006057
1.830000 42.228783 -0.006057
1.835000 42.191456 -0.006057
1.840000 42.167904 -0.006057
1.845000 42.138119 -0.006057
1.850000 42.107521 -0.006057
1.855000 42.086082 -0.006057
1.860000 42.064587 -0.006057
1.865000 42.030876 -0.006057
1.870000 42.003510 -0.006057
1.875000 41.979992 -0.006057
1.880000 41.951813 -0.006057
1.885000 41.925335 -0.006057
1.890000 41.886036 -0.006057
1.895000 41.859970 -0.006057
1.900000 41.836773 -0.006057
1.905000 41.797363 -0.006057
1.910000 41.762474 -0.006057
1.915000 41.737469 -0.006057
1.920000 41.709320 -0.006057
1.925000 41.688007 -0.006057
1.930000 41.660351 -0.006057
1.935000 41.631344 -0.006057
1.940000 41.606140 -0.006057
1.945000 41.570927 -0.006057
1.950000 41.541538 -0.006057
1.955000 41.511230 -0.006057
1.960000 41.482502 -0.006057
1.965000 41.446983 -0.006057
1.970000 41.422531 -0.006057
1.975000 41.386631 -0.006057
1.980000 41.355968 -0.006057
1.985000 41.326595 -0.006057
1.990000 41.290882 -0.006057
1.995000 41.257370 -0.006057
2.000000 41.237606 -0.006057
2.005000 41.197216 -0.006057
2.010000 41.163216 -0.006057
2.015000 41.127052 -0.006057
2.020000 41.097282 -0.006057
2.025000 41.065029 -0.006057
2.030000 41.029541 -0.006057
2.035000 40.993626 -0.006057
2.040000 40.957802 -0.006057
2.045000 40.933407 -0.006057
2.050000 40.895332 -0.006057
2.055000 40.861835 -0.006057
2.060000 40.838699 -0.006057
2.065000 40.805740 -0.006057
2.070000 40.779156 -0.006057
2.075000 40.744698 -0.006057
2.080000 40.708244 -0.006057
2.085000 40.682182 -0.006057
2.090000 40.650509 -0.006057
2.095000 40.606487 -0.006057
2.100000 40.588070 -0.006057
2.105000 40.550224 -0.006057
2.110000 40.518799 -0.006057
2.115000 40.484306 -0.006057
2.120000 40.445770 -0.006057
2.125000 40.426819 -0.006057
2.130000 40.389568 -0.006057
2.135000 40.356106 -0.006057
2.140000 40.328510 -0.006057
2.145000 40.298767 -0.006057
2.150000 40.263115 -0.006057
2.155000 40.230278 -0.006057
2.160000 40.192661 -0.006057
2.165000 40.162872 -0.006057
2.170000 40.127419 -0.006057
2.175000 40.098366 -0.006057
2.180000 40.070831 -0.006057
2.185000 40.044800 -0.006057
2.190000 40.008148 -0.006057
2.195000 39.976646 -0.006057
2.200000 39.954029 -0.006057
2.205000 39.917088 -0.006057
2.210000 39.880005 -0.006057
2.215000 39.851124 -0.006057
2.220000 39.815575 -0.006057
2.225000 39.793663 -0.006057
2.230000 39.753994 -0.006057
2.235000 39.720501 -0.006057
2.240000 39.691189 -0.006057
2.245000 39.659779 -0.006057
2.250000 39.620090 -0.006057
2.255000 39.593475 -0.006057
2.260000 39.557747 -0.006057
2.265000 39.528847 -0.006057
2.270000 39.493252 -0.006057
2.275000 39.465000 -0.006057
2.280000 39.432163 -0.006057
2.285000 39.394501 -0.006057
2.290000 39.363304 -0.006057
2.295000 39.327755 -0.006057
2.300000 39.306625 -0.006057
2.305000 39.262100 -0.006057
2.310000 39.237030 -0.006057
2.315000 39.209114 -0.006057
2.320000 39.173519 -0.006057
2.325000 39.142002 -0.006057
2.330000 39.112213 -0.006057
2.335000 39.084694 -0.006057
2.340000 39.055904 -0.006057
2.345000 39.017475 -0.006057
2.350000 38.993988 -0.006057
2.355000 38.960125 -0.006057
2.360000 38.924545 -0.006057
2.365000 38.885902 -0.006057
2.370000 38.856194 -0.006057
2.375000 38.817719 -0.006057
2.380000 38.793663 -0.006057
2.385000 38.766403 -0.006057
2.390000 38.723194 -0.006057
2.395000 38.688000 -0.006057
2.400000 38.656803 -0.006057
2.405000 38.631351 -0.006057
2.410000 38.596462 -0.006057
2.415000 38.564117 -0.006057
2.420000 38.531940 -0.006057
2.425000 38.505417 -0.006057
2.430000 38.472672 -0.006057
2.435000 38.436466 -0.006057
2.440000 38.408779 -0.006057
2.445000 38.376724 -0.006057
2.450000 38.345772 -0.006057
2.455000 38.306900 -0.006057
2.460000 38.272118 -0.006057
2.465000 38.251385 -0.006057
2.470000 38.215118 -0.006057
2.475000 38.182850 -0.006057
2.480000 38.146519 -0.006057
2.485000 38.120178 -0.006057
2.490000 38.085274 -0.006057
2.495000 38.050999 -0.006057
2.500000 38.019878 -0.006057
2.505000 37.992466 -0.006057
2.510000 37.961975 -0.006057
2.515000 37.927883 -0.006057
2.520000 37.906185 -0.006057
2.525000 37.873550 -0.006057
2.530000 37.837498 -0.006057
2.535000 37.805382 -0.006057
2.540000 37.777954 -0.006057
2.545000 37.746819 -0.006057
2.550000 37.717690 -0.006057
2.555000 37.677284 -0.006057
2.560000 37.649551 -0.006057
2.565000 37.622047 -0.006057
2.570000 37.588982 -0.006057
2.575000 37.566364 -0.006057
2.580000 37.527630 -0.006057
2.585000 37.504829 -0.006057
2.590000 37.455601 -0.006057
2.595000 37.428631 -0.006057
2.600000 37.400455 -0.006057
2.605000 37.370193 -0.006057
2.610000 37.332207 -0.006057
2.615000 37.306190 -0.006057
2.620000 37.280342 -0.006057
2.625000 37.242172 -0.006057
2.630000 37.212112 -0.006057
2.635000 37.184425 -0.006057
2.640000 37.158806 -0.006057
2.645000 37.125755 -0.006057
2.650000 37.101208 -0.006057
2.655000 37.055164 -0.006057
2.660000 37.025223 -0.006057
2.665000 37.022465 -0.006057
2.670000 37.057446 -0.006057
2.675000 37.138809 -0.006057
2.680000 37.251213 -0.006057
2.685000 37.384212 -0.006057
2.690000 37.516293 -0.006057
2.695000 37.641689 -0.006057
2.700000 37.759933 -0.006057
2.705000 37.873993 -0.006057
2.710000 37.965439 -0.006057
2.715000 38.044071 -0.006057
2.720000 38.099678 -0.006057
2.725000 38.137691 -0.006057
2.730000 38.162823 -0.006057
2.735000 38.157673 -0.006057
2.740000 38.153152 -0.006057
2.745000 38.118477 -0.006057
2.750000 38.058002 -0.006057
2.755000 37.983887 -0.006057
2.760000 37.879631 -0.006057
2.765000 37.759460 -0.006057
2.770000 37.618172 -0.006057
2.775000 37.440521 -0.006057
2.780000 37.246143 -0.006057
2.785000 36.998501 -0.006057
2.790000 36.701843 -0.006057
2.795000 36.342579 -0.006057
2.800000 35.949848 -0.006057
2.805000 35.499249 -0.006057
2.810000 34.980629 -0.006057
2.815000 34.374428 -0.006057
2.820000 33.620045 -0.006057
2.825000 32.899689 -0.006057
2.830000 32.132092 -0.006057
2.835000 31.316025 -0.006057
2.840000 30.487955 -0.006057
2.845000 29.652752 -0.006057
2.850000 28.817396 -0.006057
2.855000 27.996958 -0.006057
2.860000 27.192001 -0.006057
2.865000 26.389153 -0.006057
2.870000 25.600307 -0.006057
2.875000 24.809740 -0.006057
2.880000 24.054789 -0.006057
2.885000 23.279703 -0.006057
2.890000 22.535883 -0.006057
2.895000 21.768360 -0.006057
2.900000 21.056435 -0.006057
2.905000 20.334963 -0.006057
2.910000 19.655420 -0.006057
2.915000 18.972546 -0.006057
2.920000 18.333286 -0.006057
2.925000 17.723063 -0.006057
2.930000 17.116785 -0.006057
2.935000 16.533260 -0.006057
2.940000 15.985002 -0.006057
2.945000 15.431885 -0.006057
2.950000 14.913519 -0.006057
2.955000 14.407879 -0.006057
2.960000 13.922050 -0.006057
2.965000 13.440796 -0.006057
2.970000 12.994761 -0.006057
2.975000 12.552946 -0.006057
2.980000 12.121152 -0.006057
2.985000 11.717330 -0.006057
2.990000 11.334261 -0.006057
2.995000 10.952602 -0.006057
3.000000 10.589952 -0.006057
3.005000 10.252674 -0.006057
3.010000 9.939177 -0.006057
3.015000 9.635418 -0.006057
3.020000 9.354297 -0.006057
3.025000 9.056996 -0.006057
3.030000 8.770666 -0.006057
3.035000 8.495444 -0.006057
3.040000 8.241322 -0.006057
3.045000 7.994807 -0.006057
3.050000 7.771735 -0.006057
3.055000 7.541799 -0.006057
3.060000 7.318260 -0.006057
3.065000 7.130767 -0.006057
3.070000 6.934426 -0.006057
3.075000 6.760034 -0.006057
3.080000 6.579895 -0.006057
3.085000 6.414605 -0.006057
3.090000 6.242633 -0.006057
3.095000 6.093033 -0.006057
3.100000 5.949837 -0.006057
3.105000 5.826507 -0.006057
3.110000 5.693623 -0.006057
3.115000 5.587669 -0.006057
3.120000 5.472406 -0.006057
3.125000 5.369186 -0.006057
3.130000 5.273919 -0.006057
3.135000 5.185424 -0.006057
3.140000 5.096462 -0.006057
3.145000 5.011921 -0.006057
3.150000 4.924269 -0.006057
3.155000 4.833123 -0.006057
3.160000 4.766486 -0.006057
3.165000 4.687338 -0.006057
3.170000 4.618717 -0.006057
3.175000 4.538013 -0.006057
3.180000 4.483190 -0.006057
3.185000 4.418361 -0.006057
3.190000 4.367689 -0.006057
3.195000 4.307641 -0.006057
3.200000 4.259122 -0.006057
3.205000 4.207968 -0.006057
3.210000 4.160837 -0.006057
3.215000 4.121404 -0.006057
3.220000 4.076425 -0.006057
3.225000 4.040326 -0.006057
3.230000 3.992121 -0.006057
3.235000 3.955585 -0.006057
3.240000 3.917072 -0.006057
3.245000 3.886381 -0.006057
3.250000 3.860708 -0.006057
3.255000 3.818265 -0.006057
3.260000 3.776673 -0.006057
3.265000 3.748364 -0.006057
3.270000 3.718647 -0.006057
3.275000 3.695502 -0.006057
3.280000 3.669362 -0.006057
3.285000 3.644616 -0.006057
3.290000 3.619687 -0.006057
3.295000 3.584139 -0.006057
3.300000 3.565851 -0.006057
3.305000 3.540140 -0.006057
3.310000 3.513625 -0.006057
3.315000 3.491966 -0.006057
3.320000 3.470814 -0.006057
3.325000 3.446359 -0.006057
3.330000 3.427137 -0.006057
3.335000 3.410543 -0.006057
3.340000 3.388264 -0.006057
3.345000 3.368621 -0.006057
3.350000 3.353084 -0.006057
3.355000 3.330055 -0.006057
3.360000 3.312664 -0.006057
3.365000 3.294292 -0.006057
3.370000 3.283566 -0.006057
3.375000 3.267662 -0.006057
3.380000 3.254867 -0.006057
3.385000 3.242242 -0.006057
3.390000 3.224330 -0.006057
3.395000 3.205269 -0.006057
3.400000 3.197201 -0.006057
3.405000 3.179266 -0.006057
3.410000 3.165997 -0.006057
3.415000 3.148798 -0.006057
3.420000 3.141918 -0.006057
3.425000 3.125025 -0.006057
3.430000 3.106814 -0.006057
3.435000 3.101053 -0.006057
3.440000 3.091898 -0.006057
3.445000 3.081969 -0.006057
3.450000 3.076683 -0.006057
3.455000 3.054350 -0.006057
3.460000 3.048413 -0.006057
3.465000 3.046582 -0.006057
3.470000 3.027743 -0.006057
3.475000 3.013731 -0.006057
3.480000 3.010582 -0.006057
3.485000 3.004315 -0.006057
3.490000 2.988609 -0.006057
3.495000 2.980956 -0.006057
3.500000 2.970912 -0.006057
3.505000 2.963343 -0.006057
3.510000 2.950426 -0.006057
3.515000 2.946097 -0.006057
3.520000 2.935448 -0.006057
3.525000 2.935701 -0.006057
3.530000 2.934383 -0.006057
3.535000 2.919819 -0.006057
3.540000 2.917184 -0.006057
3.545000 2.910542 -0.006057
3.550000 2.902574 -0.006057
3.555000 2.895365 -0.006057
3.560000 2.893235 -0.006057
3.565000 2.875553 -0.006057
3.570000 2.873454 -0.006057
3.575000 2.862889 -0.006057
3.580000 2.859342 -0.006057
3.585000 2.849099 -0.006057
3.590000 2.845789 -0.006057
3.595000 2.836550 -0.006057
3.600000 2.838994 -0.006057
3.605000 2.828996 -0.006057
3.610000 2.828567 -0.006057
3.615000 2.822844 -0.006057
3.620000 2.812723 -0.006057
3.625000 2.804434 -0.006057
3.630000 2.800473 -0.006057
3.635000 2.796175 -0.006057
3.640000 2.787457 -0.006057
3.645000 2.792888 -0.006057
3.650000 2.779566 -0.006057
3.655000 2.773712 -0.006057
3.660000 2.764887 -0.006057
3.665000 2.765622 -0.006057
3.670000 2.756957 -0.006057
3.675000 2.757164 -0.006057
3.680000 2.747848 -0.006057
3.685000 2.742056 -0.006057
3.690000 2.730817 -0.006057
3.695000 2.732120 -0.006057
3.700000 2.725393 -0.006057
3.705000 2.723623 -0.006057
3.710000 2.727669 -0.006057
3.715000 2.717778 -0.006057
3.720000 2.710155 -0.006057
3.725000 2.707090 -0.006057
3.730000 2.696280 -0.006057
3.735000 2.691799 -0.006057
3.740000 2.688305 -0.006057
3.745000 2.687991 -0.006057
3.750000 2.684260 -0.006057
3.755000 2.679955 -0.006057
3.760000 2.675672 -0.006057
3.765000 2.669367 -0.006057
3.770000 2.667689 -0.006057
3.775000 2.662740 -0.006057
3.780000 2.655010 -0.006057
3.785000 2.662127 -0.006057
3.790000 2.647134 -0.006057
3.795000 2.642874 -0.006057
3.800000 2.638783 -0.006057
3.805000 2.642376 -0.006057
3.810000 2.628655 -0.006057
3.815000 2.624089 -0.006057
3.820000 2.620274 -0.006057
3.825000 2.616060 -0.006057
3.830000 2.619094 -0.006057
3.835000 2.605327 -0.006057
