0.000000 -62.956177 -0.006057
0.005000 -1.432532 -0.006057
0.010000 -0.243082 -0.006057
0.015000 -0.191354 -0.006057
0.020000 -0.194273 -0.006057
0.025000 -0.192610 -0.006057
0.030000 -0.191928 -0.006057
0.035000 -0.189017 -0.006057
0.040000 -0.197276 -0.006057
0.045000 -0.192986 -0.006057
0.050000 -0.195590 -0.006057
0.055000 -0.192442 -0.006057
0.060000 -0.194372 -0.006057
0.065000 -0.196402 -0.006057
0.070000 -0.193085 -0.006057
0.075000 -0.200402 -0.006057
0.080000 -0.195131 -0.006057
0.085000 -0.198050 -0.006057
0.090000 -0.191415 -0.006057
0.095000 -0.202884 -0.006057
0.100000 -0.200156 -0.006057
0.105000 -0.196763 -0.006057
0.110000 -0.198877 -0.006057
0.115000 -0.194119 -0.006057
0.120000 -0.194970 -0.006057
0.125000 -0.193200 -0.006057
0.130000 -0.189469 -0.006057
0.135000 -0.195583 -0.006057
0.140000 -0.195399 -0.006057
0.145000 -0.202072 -0.006057
0.150000 -0.196410 -0.006057
0.155000 -0.194855 -0.006057
0.160000 -0.194035 -0.006057
0.165000 -0.189821 -0.006057
0.170000 -0.198977 -0.006057
0.175000 -0.195836 -0.006057
0.180000 -0.204608 -0.006057
0.185000 -0.201030 -0.006057
0.190000 -0.193813 -0.006057
0.195000 -0.195659 -0.006057
0.200000 -0.183417 -0.006057
0.205000 -0.196165 -0.006057
0.210000 -0.186803 -0.006057
0.215000 -0.192748 -0.006057
0.220000 -0.188435 -0.006057
0.225000 -0.194717 -0.006057
0.230000 -0.189821 -0.006057
0.235000 -0.191430 -0.006057
0.240000 -0.190411 -0.006057
0.245000 -0.190756 -0.006057
0.250000 -0.197368 -0.006057
0.255000 -0.194334 -0.006057
0.260000 -0.191178 -0.006057
0.265000 -0.190626 -0.006057
0.270000 -0.192970 -0.006057
0.275000 -0.192296 -0.006057
0.280000 -0.205994 -0.006057
0.285000 -0.192043 -0.006057
0.290000 -0.201980 -0.006057
0.295000 -0.201581 -0.006057
0.300000 -0.199046 -0.006057
0.305000 -0.194985 -0.006057
0.310000 -0.191752 -0.006057
0.315000 -0.193637 -0.006057
0.320000 -0.202056 -0.006057
0.325000 -0.199367 -0.006057
0.330000 -0.194847 -0.006057
0.335000 -0.199873 -0.006057
0.340000 -0.197176 -0.006057
0.345000 -0.193821 -0.006057
0.350000 -0.195108 -0.006057
0.355000 -0.202754 -0.006057
0.360000 -0.196655 -0.006057
0.365000 -0.200057 -0.006057
0.370000 -0.191338 -0.006057
0.375000 -0.197452 -0.006057
0.380000 -0.191568 -0.006057
0.385000 -0.196280 -0.006057
0.390000 -0.191706 -0.006057
0.395000 -0.189661 -0.006057
0.400000 -0.196027 -0.006057
0.405000 -0.192694 -0.006057
0.410000 -0.196211 -0.006057
0.415000 -0.193085 -0.006057
0.420000 -0.194840 -0.006057
0.425000 -0.187201 -0.006057
0.430000 -0.196395 -0.006057
0.435000 -0.199176 -0.006057
0.440000 -0.201260 -0.006057
0.445000 -0.187822 -0.006057
0.450000 -0.187883 -0.006057
0.455000 -0.189921 -0.006057
0.460000 -0.197697 -0.006057
0.465000 -0.188305 -0.006057
0.470000 -0.186910 -0.006057
0.475000 -0.193461 -0.006057
0.480000 -0.193085 -0.006057
0.485000 -0.189530 -0.006057
0.490000 -0.185738 -0.006057
0.495000 -0.195759 -0.006057
0.500000 -0.196295 -0.006057
0.505000 -0.188374 -0.006057
0.510000 -0.190687 -0.006057
0.515000 -0.193177 -0.006057
0.520000 -0.197138 -0.006057
0.525000 -0.192365 -0.006057
0.530000 -0.189155 -0.006057
0.535000 -0.188634 -0.006057
0.540000 -0.191484 -0.006057
0.545000 -0.199620 -0.006057
0.550000 -0.195567 -0.006057
0.555000 -0.187561 -0.006057
0.560000 -0.199904 -0.006057
0.565000 -0.180459 -0.006057
0.570000 -0.194993 -0.006057
0.575000 -0.187730 -0.006057
0.580000 -0.192150 -0.006057
0.585000 -0.182949 -0.006057
0.590000 -0.186880 -0.006057
0.595000 -0.191775 -0.006057
0.600000 -0.189898 -0.006057
0.605000 -0.194648 -0.006057
0.610000 -0.192028 -0.006057
0.615000 -0.190312 -0.006057
0.620000 -0.187776 -0.006057
0.625000 -0.179456 -0.006057
0.630000 -0.176928 -0.006057
0.635000 -0.192909 -0.006057
0.640000 -0.182834 -0.006057
0.645000 -0.191660 0.113954
0.650000 -0.188519 2.994223
0.655000 -0.193100 2.874212
0.660000 -0.189875 -0.006057
0.665000 -0.184045 -0.006057
0.670000 -0.138691 -0.006057
0.675000 0.049362 -0.006057
0.680000 0.348524 -0.006057
0.685000 0.744510 -0.006057
0.690000 1.147275 -0.006057
0.695000 1.568220 -0.006057
0.700000 1.981535 -0.006057
0.705000 2.378830 -0.006057
0.710000 2.748438 -0.006057
0.715000 3.092771 -0.006057
0.720000 3.417660 -0.006057
0.725000 3.683014 -0.006057
0.730000 3.932984 -0.006057
0.735000 4.131509 -0.006057
0.740000 4.317416 -0.006057
0.745000 4.466220 -0.006057
0.750000 4.575492 -0.006057
0.755000 4.653575 -0.006057
0.760000 4.700937 -0.006057
0.765000 4.725231 -0.006057
0.770000 4.725207 -0.006057
0.775000 4.707893 -0.006057
0.780000 4.657582 -0.006057
0.785000 4.602383 -0.006057
0.790000 4.513513 -0.006057
0.795000 4.418314 -0.006057
0.800000 4.294463 -0.006057
0.805000 4.174251 -0.006057
0.810000 4.033883 -0.006057
0.815000 3.892073 -0.006057
0.820000 3.740259 -0.006057
0.825000 3.578132 -0.006057
0.830000 3.414067 -0.006057
0.835000 3.253350 -0.006057
0.840000 3.082980 -0.006057
0.845000 2.923865 -0.006057
0.850000 2.767285 -0.006057
0.855000 2.602936 -0.006057
0.860000 2.454010 -0.006057
0.865000 2.308347 -0.006057
0.870000 2.174046 -0.006057
0.875000 2.040366 -0.006057
0.880000 1.915856 -0.006057
0.885000 1.808384 -0.006057
0.890000 1.701824 -0.006057
0.895000 1.594169 -0.006057
0.900000 1.502089 -0.006057
0.905000 1.405941 -0.006057
0.910000 1.318051 -0.006057
0.915000 1.228920 -0.006057
0.920000 1.151159 -0.006057
0.925000 1.083595 -0.006057
0.930000 1.019333 -0.006057
0.935000 0.944689 -0.006057
0.940000 0.887698 -0.006057
0.945000 0.836061 -0.006057
0.950000 0.778495 -0.006057
0.955000 0.737982 -0.006057
0.960000 0.685181 -0.006057
0.965000 0.652169 -0.006057
0.970000 0.598479 -0.006057
0.975000 0.566333 -0.006057
0.980000 0.531704 -0.006057
0.985000 0.502093 -0.006057
0.990000 0.473839 -0.006057
0.995000 0.441240 -0.006057
1.000000 0.417108 -0.006057
1.005000 0.385919 -0.006057
1.010000 0.370198 -0.006057
1.015000 0.343782 -0.006057
1.020000 0.314432 -0.006057
1.025000 0.302986 -0.006057
1.030000 0.292046 -0.006057
1.035000 0.267691 -0.006057
1.040000 0.253602 -0.006057
1.045000 0.240547 -0.006057
1.050000 0.226014 -0.006057
1.055000 0.208569 -0.006057
1.060000 0.206907 -0.006057
1.065000 0.190749 -0.006057
1.070000 0.181249 -0.006057
1.075000 0.169267 -0.006057
1.080000 0.153585 -0.006057
1.085000 0.155929 -0.006057
1.090000 0.139082 -0.006057
1.095000 0.136768 -0.006057
1.100000 0.120128 -0.006057
1.105000 0.117370 -0.006057
1.110000 0.114781 -0.006057
1.115000 0.110782 -0.006057
1.120000 0.099481 -0.006057
1.125000 0.079141 -0.006057
1.130000 0.102186 -0.006057
1.135000 0.077685 -0.006057
1.140000 0.083745 -0.006057
1.145000 0.070629 0.113954
1.150000 0.069066 2.994223
1.155000 0.062937 2.874212
1.160000 0.065994 -0.006057
1.165000 0.043531 -0.006057
1.170000 0.098033 -0.006057
1.175000 0.252031 -0.006057
1.180000 0.545778 -0.006057
1.185000 0.878520 -0.006057
1.190000 1.242787 -0.006057
1.195000 1.592759 -0.006057
1.200000 1.951120 -0.006057
1.205000 2.267804 -0.006057
1.210000 2.588763 -0.006057
1.215000 2.862529 -0.006057
1.220000 3.125722 -0.006057
1.225000 3.348671 -0.006057
1.230000 3.548269 -0.006057
1.235000 3.715536 -0.006057
1.240000 3.853882 -0.006057
1.245000 3.978185 -0.006057
1.250000 4.065393 -0.006057
1.255000 4.124017 -0.006057
1.260000 4.160453 -0.006057
1.265000 4.179874 -0.006057
1.270000 4.174014 -0.006057
1.275000 4.151283 -0.006057
1.280000 4.097586 -0.006057
1.285000 4.045145 -0.006057
1.290000 3.962687 -0.006057
1.295000 3.874070 -0.006057
1.300000 3.754041 -0.006057
1.305000 3.634909 -0.006057
1.310000 3.506370 -0.006057
1.315000 3.370866 -0.006057
1.320000 3.210876 -0.006057
1.325000 3.057836 -0.006057
1.330000 2.892737 -0.006057
1.335000 2.722459 -0.006057
1.340000 2.566408 -0.006057
1.345000 2.397233 -0.006057
1.350000 2.258289 -0.006057
1.355000 2.102268 -0.006057
1.360000 1.970312 -0.006057
1.365000 1.856749 -0.006057
1.370000 1.743999 -0.006057
1.375000 1.643392 -0.006057
1.380000 1.538732 -0.006057
1.385000 1.447970 -0.006057
1.390000 1.363689 -0.006057
1.395000 1.284840 -0.006057
1.400000 1.210855 -0.006057
1.405000 1.144256 -0.006057
1.410000 1.071245 -0.006057
1.415000 1.012790 -0.006057
1.420000 0.943724 -0.006057
1.425000 0.892746 -0.006057
1.430000 0.834697 -0.006057
1.435000 0.782662 -0.006057
1.440000 0.731064 -0.006057
1.445000 0.680684 -0.006057
1.450000 0.635912 -0.006057
1.455000 0.590534 -0.006057
1.460000 0.553853 -0.006057
1.465000 0.521246 -0.006057
1.470000 0.494693 -0.006057
1.475000 0.459581 -0.006057
1.480000 0.433066 -0.006057
1.485000 0.414411 -0.006057
1.490000 0.390385 -0.006057
1.495000 0.366551 -0.006057
1.500000 0.348639 -0.006057
1.505000 0.326728 -0.006057
1.510000 0.313030 -0.006057
1.515000 0.293356 -0.006057
1.520000 0.275636 -0.006057
1.525000 0.262458 -0.006057
1.530000 0.237222 -0.006057
1.535000 0.224282 -0.006057
1.540000 0.213641 -0.006057
1.545000 0.205298 -0.006057
1.550000 0.193078 -0.006057
1.555000 0.172225 -0.006057
1.560000 0.164985 -0.006057
1.565000 0.152619 -0.006057
1.570000 0.151417 -0.006057
1.575000 0.141595 -0.006057
1.580000 0.129414 -0.006057
1.585000 0.125483 -0.006057
1.590000 0.121132 -0.006057
1.595000 0.107143 -0.006057
1.600000 0.095750 -0.006057
1.605000 0.094762 -0.006057
1.610000 0.081232 -0.006057
1.615000 0.078015 -0.006057
1.620000 0.074958 -0.006057
1.625000 0.068461 -0.006057
1.630000 0.063267 -0.006057
1.635000 0.055192 -0.006057
1.640000 0.040804 -0.006057
1.645000 0.052012 0.113954
1.650000 0.042436 2.994223
1.655000 0.038184 2.874212
1.660000 0.037900 -0.006057
1.665000 0.037671 -0.006057
1.670000 0.085829 -0.006057
1.675000 0.360920 -0.006057
1.680000 1.264951 -0.006057
1.685000 3.017546 -0.006057
1.690000 5.241535 -0.006057
1.695000 7.661743 -0.006057
1.700000 10.234134 -0.006057
1.705000 12.886546 -0.006057
1.710000 15.552089 -0.006057
1.715000 18.128878 -0.006057
1.720000 20.642460 -0.006057
1.725000 22.975300 -0.006057
1.730000 25.185781 -0.006057
1.735000 27.213966 -0.006057
1.740000 29.067436 -0.006057
1.745000 30.704208 -0.006057
1.750000 32.128788 -0.006057
1.755000 33.278797 -0.006057
1.760000 34.131920 -0.006057
1.765000 34.687096 -0.006057
1.770000 34.946415 -0.006057
1.775000 34.946430 -0.006057
1.780000 34.694942 -0.006057
1.785000 34.274971 -0.006057
1.790000 33.672432 -0.006057
1.795000 32.837757 -0.006057
1.800000 31.786386 -0.006057
1.805000 30.601265 -0.006057
1.810000 29.366928 -0.006057
1.815000 28.139664 -0.006057
1.820000 26.972645 -0.006057
1.825000 25.894758 -0.006057
1.830000 24.920008 -0.006057
1.835000 24.018658 -0.006057
1.840000 23.217785 -0.006057
1.845000 22.484491 -0.006057
1.850000 21.838047 -0.006057
1.855000 21.230528 -0.006057
1.860000 20.690512 -0.006057
1.865000 20.197626 -0.006057
1.870000 19.752104 -0.006057
1.875000 19.356916 -0.006057
1.880000 18.992594 -0.006057
1.885000 18.662304 -0.006057
1.890000 18.359518 -0.006057
1.895000 18.077278 -0.006057
1.900000 17.818813 -0.006057
1.905000 17.596783 -0.006057
1.910000 17.378401 -0.006057
1.915000 17.183996 -0.006057
1.920000 16.995247 -0.006057
1.925000 16.830080 -0.006057
1.930000 16.674557 -0.006057
1.935000 16.531307 -0.006057
1.940000 16.396700 -0.006057
1.945000 16.267134 -0.006057
1.950000 16.148315 -0.006057
1.955000 16.037365 -0.006057
1.960000 15.938129 -0.006057
1.965000 15.842702 -0.006057
1.970000 15.751059 -0.006057
1.975000 15.655615 -0.006057
1.980000 15.584312 -0.006057
1.985000 15.501969 -0.006057
1.990000 15.433233 -0.006057
1.995000 15.357333 -0.006057
2.000000 15.294136 -0.006057
2.005000 15.223132 -0.006057
2.010000 15.166677 -0.006057
2.015000 15.111340 -0.006057
2.020000 15.049030 -0.006057
2.025000 14.995402 -0.006057
2.030000 14.940149 -0.006057
2.035000 14.900633 -0.006057
2.040000 14.843511 -0.006057
2.045000 14.802715 -0.006057
2.050000 14.752978 -0.006057
2.055000 14.713117 -0.006057
2.060000 14.667418 -0.006057
2.065000 14.629043 -0.006057
2.070000 14.589680 -0.006057
2.075000 14.553603 -0.006057
2.080000 14.521341 -0.006057
2.085000 14.491983 -0.006057
2.090000 14.463714 -0.006057
2.095000 14.427875 -0.006057
2.100000 14.406569 -0.006057
2.105000 14.373296 -0.006057
2.110000 14.350420 -0.006057
2.115000 14.322969 -0.006057
2.120000 14.294538 -0.006057
2.125000 14.271731 -0.006057
2.130000 14.241845 -0.006057
2.135000 14.225772 -0.006057
2.140000 14.202988 -0.006057
2.145000 14.176380 0.113954
2.150000 14.160406 2.994223
2.155000 14.140020 2.874212
2.160000 14.121357 -0.006057
2.165000 14.096075 -0.006057
2.170000 14.077964 -0.006057
2.175000 14.052283 -0.006057
2.180000 14.043650 -0.006057
2.185000 14.075643 -0.006057
2.190000 14.118500 -0.006057
2.195000 14.177729 -0.006057
2.200000 14.239853 -0.006057
2.205000 14.307616 -0.006057
2.210000 14.364034 -0.006057
2.215000 14.429552 -0.006057
2.220000 14.475834 -0.006057
2.225000 14.527930 -0.006057
2.230000 14.565593 -0.006057
2.235000 14.587864 -0.006057
2.240000 14.605002 -0.006057
2.245000 14.603639 -0.006057
2.250000 14.589833 -0.006057
2.255000 14.570932 -0.006057
2.260000 14.537262 -0.006057
2.265000 14.487456 -0.006057
2.270000 14.412560 -0.006057
2.275000 14.338729 -0.006057
2.280000 14.241309 -0.006057
2.285000 14.129179 -0.006057
2.290000 14.017118 -0.006057
2.295000 13.885093 -0.006057
2.300000 13.745061 -0.006057
2.305000 13.598158 -0.006057
2.310000 13.434958 -0.006057
2.315000 13.268450 -0.006057
2.320000 13.070239 -0.006057
2.325000 12.868580 -0.006057
2.330000 12.651093 -0.006057
2.335000 12.433714 -0.006057
2.340000 12.204177 -0.006057
2.345000 11.972624 -0.006057
2.350000 11.732530 -0.006057
2.355000 11.504118 -0.006057
2.360000 11.258553 -0.006057
2.365000 11.009541 -0.006057
2.370000 10.775314 -0.006057
2.375000 10.535028 -0.006057
2.380000 10.301085 -0.006057
2.385000 10.056033 -0.006057
2.390000 9.827967 -0.006057
2.395000 9.582678 -0.006057
2.400000 9.349723 -0.006057
2.405000 9.102856 -0.006057
2.410000 8.872537 -0.006057
2.415000 8.639345 -0.006057
2.420000 8.416740 -0.006057
2.425000 8.206218 -0.006057
2.430000 7.978121 -0.006057
2.435000 7.773451 -0.006057
2.440000 7.555696 -0.006057
2.445000 7.351380 -0.006057
2.450000 7.155697 -0.006057
2.455000 6.964918 -0.006057
2.460000 6.778704 -0.006057
2.465000 6.606036 -0.006057
2.470000 6.433620 -0.006057
2.475000 6.274443 -0.006057 2Hz
2.480000 6.113595 -0.006057
2.485000 5.953239 -0.006057
2.490000 5.789940 -0.006057
2.495000 5.637957 -0.006057
2.500000 5.485123 -0.006057
2.505000 5.339591 -0.006057
2.510000 5.204278 -0.006057
2.515000 5.064576 -0.006057
2.520000 4.947429 -0.006057
2.525000 4.825217 -0.006057
2.530000 4.711164 -0.006057
2.535000 4.598927 -0.006057
2.540000 4.494291 -0.006057
2.545000 4.386497 -0.006057
2.550000 4.280712 -0.006057
2.555000 4.185168 -0.006057
2.560000 4.086592 -0.006057
2.565000 4.006762 -0.006057
2.570000 3.926120 -0.006057
2.575000 3.841494 -0.006057
2.580000 3.768192 -0.006057
2.585000 3.691878 -0.006057
2.590000 3.616093 -0.006057
2.595000 3.561055 -0.006057
2.600000 3.491852 -0.006057
2.605000 3.430784 -0.006057
2.610000 3.367219 -0.006057
2.615000 3.324286 -0.006057
2.620000 3.261877 -0.006057
2.625000 3.220131 -0.006057
2.630000 3.173842 -0.006057
2.635000 3.114774 -0.006057
2.640000 3.068003 -0.006057
2.645000 3.011700 0.113954
2.650000 2.965618 2.994223
2.655000 2.921880 2.874212
2.660000 2.883276 -0.006057
2.665000 2.833401 -0.006057
2.670000 2.809322 -0.006057
2.675000 2.809896 -0.006057
2.680000 2.855588 -0.006057
2.685000 2.916755 -0.006057
2.690000 2.995719 -0.006057
2.695000 3.075878 -0.006057
2.700000 3.139306 -0.006057
2.705000 3.230482 -0.006057
2.710000 3.285543 -0.006057
2.715000 3.358209 -0.006057
2.720000 3.404751 -0.006057
2.725000 3.468324 -0.006057
2.730000 3.504301 -0.006057
2.735000 3.549242 -0.006057
2.740000 3.572057 -0.006057
2.745000 3.594857 -0.006057
2.750000 3.612539 -0.006057
2.755000 3.623004 -0.006057
2.760000 3.619265 -0.006057
2.765000 3.623877 -0.006057
2.770000 3.621464 -0.006057
2.775000 3.613512 -0.006057
2.780000 3.586912 -0.006057
2.785000 3.577152 -0.006057
2.790000 3.554574 -0.006057
2.795000 3.528465 -0.006057
2.800000 3.495054 -0.006057
2.805000 3.452396 -0.006057
2.810000 3.426647 -0.006057
2.815000 3.389643 -0.006057
2.820000 3.345699 -0.006057
2.825000 3.298843 -0.006057
2.830000 3.260268 -0.006057
2.835000 3.211260 -0.006057
2.840000 3.164181 -0.006057
2.845000 3.117287 -0.006057
2.850000 3.068684 -0.006057
2.855000 3.016113 -0.006057
2.860000 2.979584 -0.006057
2.865000 2.942359 -0.006057
2.870000 2.880012 -0.006057
2.875000 2.838733 -0.006057
2.880000 2.796612 -0.006057
2.885000 2.753027 -0.006057
2.890000 2.723623 -0.006057
2.895000 2.683823 -0.006057
2.900000 2.644054 -0.006057
2.905000 2.609211 -0.006057
2.910000 2.573831 -0.006057
2.915000 2.542758 -0.006057
2.920000 2.508994 -0.006057
2.925000 2.484578 -0.006057
2.930000 2.459840 -0.006057
2.935000 2.425173 -0.006057
2.940000 2.402519 -0.006057
2.945000 2.364197 -0.006057
2.950000 2.356590 -0.006057
2.955000 2.321341 -0.006057
2.960000 2.301858 -0.006057
2.965000 2.265582 -0.006057
2.970000 2.255991 -0.006057
2.975000 2.229965 -0.006057
2.980000 2.211295 -0.006057
2.985000 2.193107 -0.006057
2.990000 2.172943 -0.006057
2.995000 2.153392 -0.006057
3.000000 2.125834 -0.006057
3.005000 2.119751 -0.006057
3.010000 2.103609 -0.006057
3.015000 2.090983 -0.006057
3.020000 2.066406 -0.006057
3.025000 2.052049 -0.006057
3.030000 2.021396 -0.006057
3.035000 2.018883 -0.006057
3.040000 1.994215 -0.006057
3.045000 1.983060 -0.006057
3.050000 1.969959 -0.006057
3.055000 1.959800 -0.006057
3.060000 1.947175 -0.006057
3.065000 1.933208 -0.006057
3.070000 1.916154 -0.006057
3.075000 1.902832 -0.006057
3.080000 1.893853 -0.006057
3.085000 1.870838 -0.006057
3.090000 1.862059 -0.006057
3.095000 1.843074 -0.006057
3.100000 1.841220 -0.006057
3.105000 1.823186 -0.006057
3.110000 1.808139 -0.006057
3.115000 1.798233 -0.006057
3.120000 1.779608 -0.006057
3.125000 1.772162 -0.006057
3.130000 1.763344 -0.006057
3.135000 1.747041 -0.006057
3.140000 1.746298 -0.006057
3.145000 1.730132 0.113954
3.150000 1.716074 2.994223
3.155000 1.720318 2.874212
3.160000 1.695013 -0.006057
3.165000 1.692899 -0.006057
3.170000 1.702399 -0.006057
3.175000 1.768040 -0.006057
3.180000 1.901820 -0.006057
3.185000 2.061564 -0.006057
3.190000 2.235397 -0.006057
3.195000 2.405913 -0.006057
3.200000 2.575701 -0.006057
3.205000 2.740853 -0.006057
3.210000 2.895326 -0.006057
3.215000 3.035167 -0.006057
3.220000 3.161776 -0.006057
3.225000 3.272657 -0.006057
3.230000 3.371042 -0.006057
3.235000 3.463773 -0.006057
3.240000 3.532923 -0.006057
3.245000 3.593186 -0.006057
3.250000 3.640977 -0.006057
3.255000 3.677697 -0.006057
3.260000 3.702842 -0.006057
3.265000 3.709315 -0.006057
3.270000 3.707147 -0.006057
3.275000 3.707974 -0.006057
3.280000 3.686990 -0.006057
3.285000 3.664735 -0.006057
3.290000 3.638258 -0.006057
3.295000 3.588965 -0.006057
3.300000 3.539137 -0.006057
3.305000 3.490212 -0.006057
3.310000 3.439932 -0.006057
3.315000 3.373716 -0.006057
3.320000 3.309224 -0.006057
3.325000 3.243368 -0.006057
3.330000 3.168349 -0.006057
3.335000 3.100187 -0.006057
3.340000 3.040606 -0.006057
3.345000 2.964132 -0.006057
3.350000 2.907025 -0.006057
3.355000 2.841438 -0.006057
3.360000 2.776202 -0.006057
3.365000 2.717502 -0.006057
3.370000 2.667520 -0.006057
3.375000 2.611540 -0.006057
3.380000 2.562018 -0.006057
3.385000 2.518165 -0.006057
3.390000 2.478457 -0.006057
3.395000 2.432459 -0.006057
3.400000 2.390728 -0.006057
3.405000 2.355625 -0.006057
3.410000 2.330772 -0.006057
3.415000 2.290665 -0.006057
3.420000 2.267773 -0.006057
3.425000 2.234302 -0.006057
3.430000 2.200807 -0.006057
3.435000 2.178221 -0.006057
3.440000 2.155682 -0.006057
3.445000 2.130576 -0.006057
3.450000 2.108060 -0.006057
3.455000 2.080602 -0.006057
3.460000 2.048846 -0.006057
3.465000 2.025541 -0.006057
3.470000 2.001853 -0.006057
3.475000 1.991364 -0.006057
3.480000 1.970832 -0.006057
3.485000 1.948929 -0.006057
3.490000 1.929822 -0.006057
3.495000 1.905528 -0.006057
3.500000 1.885556 -0.006057
3.505000 1.858665 -0.006057
3.510000 1.848966 -0.006057
3.515000 1.824588 -0.006057
3.520000 1.815632 -0.006057
3.525000 1.791629 -0.006057
3.530000 1.789231 -0.006057
3.535000 1.773847 -0.006057
3.540000 1.759414 -0.006057
3.545000 1.740046 -0.006057
3.550000 1.722012 -0.006057
3.555000 1.713944 -0.006057
3.560000 1.698844 -0.006057
3.565000 1.687912 -0.006057
3.570000 1.669785 -0.006057
3.575000 1.672597 -0.006057
3.580000 1.644618 -0.006057
3.585000 1.637294 -0.006057
3.590000 1.624576 -0.006057
3.595000 1.617375 -0.006057
3.600000 1.607798 -0.006057
3.605000 1.600397 -0.006057
3.610000 1.592545 -0.006057
3.615000 1.589220 -0.006057
3.620000 1.570235 -0.006057
3.625000 1.559525 -0.006057
3.630000 1.554369 -0.006057
3.635000 1.535231 -0.006057
3.640000 1.534312 -0.006057
3.645000 1.515266 0.113954
3.650000 1.519664 2.994223
3.655000 1.511435 2.874212
3.660000 1.501721 -0.006057
3.665000 1.498373 -0.006057
3.670000 1.506348 -0.006057
3.675000 1.600106 -0.006057
3.680000 1.758479 -0.006057
3.685000 1.964405 -0.006057
3.690000 2.168116 -0.006057
3.695000 2.388062 -0.006057
3.700000 2.584151 -0.006057
3.705000 2.782063 -0.006057
3.710000 2.965227 -0.006057
3.715000 3.142868 -0.006057
3.720000 3.291994 -0.006057
3.725000 3.430914 -0.006057
3.730000 3.550115 -0.006057
3.735000 3.660230 -0.006057
3.740000 3.753597 -0.006057
3.745000 3.819713 -0.006057
3.750000 3.881915 -0.006057
3.755000 3.925606 -0.006057
3.760000 3.955593 -0.006057
3.765000 3.965920 -0.006057
3.770000 3.972853 -0.006057
3.775000 3.960251 -0.006057
3.780000 3.936133 -0.006057
3.785000 3.897329 -0.006057
3.790000 3.850672 -0.006057
3.795000 3.798928 -0.006057
3.800000 3.735547 -0.006057
3.805000 3.654568 -0.006057
3.810000 3.580300 -0.006057
3.815000 3.502393 -0.006057
3.820000 3.409501 -0.006057
3.825000 3.328469 -0.006057
3.830000 3.227593 -0.006057
3.835000 3.133958 -0.006057
3.840000 3.042828 -0.006057
3.845000 2.949637 -0.006057
3.850000 2.865524 -0.006057
3.855000 2.789242 -0.006057
3.860000 2.711388 -0.006057
3.865000 2.642836 -0.006057
3.870000 2.583408 -0.006057
3.875000 2.527879 -0.006057
3.880000 2.457159 -0.006057
3.885000 2.406051 -0.006057
3.890000 2.356046 -0.006057
3.895000 2.308991 -0.006057
3.900000 2.273251 -0.006057
3.905000 2.225859 -0.006057
3.910000 2.185055 -0.006057
3.915000 2.153974 -0.006057
3.920000 2.113913 -0.006057
3.925000 2.073355 -0.006057
3.930000 2.041461 -0.006057
