0.000000 -62.536655 -0.006057
0.005000 -0.216613 -0.006057
0.010000 0.978437 -0.006057
0.015000 1.026412 -0.006057
0.020000 1.029353 -0.006057
0.025000 1.028258 -0.006057
0.030000 1.025377 -0.006057
0.035000 1.018781 -0.006057
0.040000 1.019356 -0.006057
0.045000 1.029752 -0.006057
0.050000 1.012146 -0.006057
0.055000 1.024665 -0.006057
0.060000 1.019164 -0.006057
0.065000 1.027392 -0.006057
0.070000 1.023324 -0.006057
0.075000 1.021110 -0.006057
0.080000 1.016230 -0.006057
0.085000 1.026029 -0.006057
0.090000 1.017969 -0.006057
0.095000 1.027806 -0.006057
0.100000 1.019984 -0.006057
0.105000 1.022604 -0.006057
0.110000 1.016345 -0.006057
0.115000 1.020842 -0.006057
0.120000 1.023791 -0.006057
0.125000 1.021577 -0.006057
0.130000 1.020122 -0.006057
0.135000 1.021148 -0.006057
0.140000 1.024787 -0.006057
0.145000 1.024075 -0.006057
0.150000 1.017448 -0.006057
0.155000 1.016912 -0.006057
0.160000 1.016896 -0.006057
0.165000 1.020673 -0.006057
0.170000 1.021133 -0.006057
0.175000 1.018429 -0.006057
0.180000 1.016804 -0.006057
0.185000 1.017241 -0.006057
0.190000 1.015992 -0.006057
0.195000 1.023056 -0.006057
0.200000 1.015770 -0.006057
0.205000 1.019938 -0.006057
0.210000 1.023002 -0.006057
0.215000 1.024190 -0.006057
0.220000 1.018306 -0.006057
0.225000 1.026572 -0.006057
0.230000 1.025622 -0.006057
0.235000 1.015694 -0.006057
0.240000 1.030196 -0.006057
0.245000 1.021754 -0.006057
0.250000 1.022282 -0.006057
0.255000 1.009396 -0.006057
0.260000 1.021708 -0.006057
0.265000 1.012139 -0.006057
0.270000 1.014935 -0.006057
0.275000 1.018881 -0.006057
0.280000 1.022750 -0.006057
0.285000 1.019042 -0.006057
0.290000 1.012913 -0.006057
0.295000 1.011081 -0.006057
0.300000 1.015387 -0.006057
0.305000 1.023401 -0.006057
0.310000 1.011235 -0.006057
0.315000 1.015609 -0.006057
0.320000 1.007741 -0.006057
0.325000 1.018888 -0.006057
0.330000 1.016958 -0.006057
0.335000 1.015992 -0.006057
0.340000 1.023293 -0.006057
0.345000 1.022727 -0.006057
0.350000 1.014184 -0.006057
0.355000 1.018053 -0.006057
0.360000 1.022060 -0.006057
0.365000 1.015916 -0.006057
0.370000 1.023010 -0.006057
0.375000 1.020221 -0.006057
0.380000 1.025523 -0.006057
0.385000 1.023317 -0.006057
0.390000 1.020535 -0.006057
0.395000 1.015985 -0.006057
0.400000 1.020474 -0.006057
0.405000 1.014514 -0.006057
0.410000 1.014399 -0.006057
0.415000 1.013196 -0.006057
0.420000 1.013955 -0.006057
0.425000 1.013020 -0.006057
0.430000 1.014989 -0.006057
0.435000 1.019800 -0.006057
0.440000 1.016958 -0.006057
0.445000 1.017302 -0.006057
0.450000 1.014506 -0.006057
0.455000 1.019455 -0.006057
0.460000 1.017479 -0.006057
0.465000 1.024121 -0.006057
0.470000 1.013288 -0.006057
0.475000 1.013656 -0.006057
0.480000 1.017310 -0.006057
0.485000 1.011610 -0.006057
0.490000 1.024496 -0.006057
0.495000 1.019195 -0.006057
0.500000 1.016690 -0.006057
0.505000 1.015111 -0.006057
0.510000 1.019110 -0.006057
0.515000 1.022045 -0.006057
0.520000 1.024496 -0.006057
0.525000 1.019792 -0.006057
0.530000 1.022290 -0.006057
0.535000 1.015740 -0.006057
0.540000 1.020512 -0.006057
0.545000 1.023240 -0.006057
0.550000 1.026618 -0.006057
0.555000 1.021355 -0.006057
0.560000 1.019302 -0.006057
0.565000 1.010775 -0.006057
0.570000 1.014054 -0.006057
0.575000 1.017096 -0.006057
0.580000 1.015188 -0.006057
0.585000 1.016444 -0.006057
0.590000 1.025508 -0.006057
0.595000 1.016973 -0.006057
0.600000 1.012277 -0.006057
0.605000 1.017448 -0.006057
0.610000 1.010951 -0.006057
0.615000 1.015265 -0.006057
0.620000 1.015931 -0.006057
0.625000 1.020535 -0.006057
0.630000 1.013610 -0.006057
0.635000 1.011603 -0.006057
0.640000 1.018245 -0.006057
0.645000 1.013694 0.017949
0.650000 1.016261 0.594092
0.655000 1.016115 0.570086
0.660000 1.028863 -0.006057
0.665000 1.020965 -0.006057
0.670000 1.012392 -0.006057
0.675000 1.008507 -0.006057
0.680000 1.023654 -0.006057
0.685000 1.015326 -0.006057
0.690000 1.017785 -0.006057
0.695000 1.011426 -0.006057
0.700000 1.021983 -0.006057
0.705000 1.018076 -0.006057
0.710000 1.011557 -0.006057
0.715000 1.015180 -0.006057
0.720000 1.018344 -0.006057
0.725000 1.015663 -0.006057
0.730000 1.014912 -0.006057
0.735000 1.013564 -0.006057
0.740000 1.015234 -0.006057
0.745000 1.010553 -0.006057
0.750000 1.007289 -0.006057
0.755000 1.011580 -0.006057
0.760000 1.013112 -0.006057
0.765000 1.014912 -0.006057
0.770000 1.009572 -0.006057
0.775000 1.008576 -0.006057
0.780000 1.014613 -0.006057
0.785000 1.019731 -0.006057
0.790000 1.012024 -0.006057
0.795000 1.012430 -0.006057
0.800000 1.016659 -0.006057
0.805000 1.015701 -0.006057
0.810000 1.003742 -0.006057
0.815000 1.018911 -0.006057
0.820000 1.020865 -0.006057
0.825000 1.007573 -0.006057
0.830000 1.015150 -0.006057
0.835000 1.008186 -0.006057
0.840000 1.016674 -0.006057
0.845000 1.008638 -0.006057
0.850000 1.010070 -0.006057
0.855000 1.010346 -0.006057
0.860000 1.012307 -0.006057
0.865000 1.013242 -0.006057
0.870000 1.001382 -0.006057
0.875000 1.011120 -0.006057
0.880000 1.012859 -0.006057
0.885000 1.009879 -0.006057
0.890000 1.007894 -0.006057
0.895000 1.011373 -0.006057
0.900000 1.019065 -0.006057
0.905000 1.005175 -0.006057
0.910000 1.015548 -0.006057
0.915000 1.010017 -0.006057
0.920000 1.001903 -0.006057
0.925000 1.008622 -0.006057
0.930000 1.005550 -0.006057
0.935000 1.002478 -0.006057
0.940000 1.011081 -0.006057
0.945000 1.009005 -0.006057
0.950000 1.005489 -0.006057
0.955000 1.010384 -0.006057
0.960000 1.009067 -0.006057
0.965000 1.006347 -0.006057
0.970000 1.007802 -0.006057
0.975000 1.007695 -0.006057
0.980000 1.013855 -0.006057
0.985000 1.013365 -0.006057
0.990000 1.010040 -0.006057
0.995000 1.007488 -0.006057
1.000000 1.006002 -0.006057
1.005000 1.010936 -0.006057
1.010000 1.012698 -0.006057
1.015000 1.016751 -0.006057
1.020000 1.024994 -0.006057
1.025000 1.018574 -0.006057
1.030000 1.012614 -0.006057
1.035000 1.017356 -0.006057
1.040000 1.012476 -0.006057
1.045000 1.015632 -0.006057
1.050000 1.005971 -0.006057
1.055000 1.013296 -0.006057
1.060000 1.014881 -0.006057
1.065000 1.009909 -0.006057
1.070000 1.007849 -0.006057
1.075000 1.005542 -0.006057
1.080000 1.008684 -0.006057
1.085000 1.014406 -0.006057
1.090000 1.013786 -0.006057
1.095000 1.008829 -0.006057
1.100000 1.008523 -0.006057
1.105000 1.014131 -0.006057
1.110000 1.003696 -0.006057
1.115000 1.005098 -0.006057
1.120000 0.999934 -0.006057
1.125000 1.003551 -0.006057
1.130000 1.005282 -0.006057
1.135000 1.006822 -0.006057
1.140000 1.006079 -0.006057
1.145000 1.008002 -0.006057
1.150000 1.002141 -0.006057
1.155000 1.001061 -0.006057
1.160000 1.001398 -0.006057
1.165000 1.006837 -0.006057
1.170000 1.015065 -0.006057
1.175000 0.999697 -0.006057
1.180000 1.000088 -0.006057
1.185000 1.000340 -0.006057
1.190000 1.006600 -0.006057
1.195000 1.013150 -0.006057
1.200000 1.004753 -0.006057
1.205000 1.003413 -0.006057
1.210000 1.005213 -0.006057
1.215000 1.003604 -0.006057
1.220000 1.012790 -0.006057
1.225000 1.008140 -0.006057
1.230000 1.012706 -0.006057
1.235000 1.006584 -0.006057
1.240000 1.011871 -0.006057
1.245000 1.006040 -0.006057
1.250000 1.011465 -0.006057
1.255000 1.001405 -0.006057
1.260000 1.008454 -0.006057
1.265000 1.006301 -0.006057
1.270000 1.001773 -0.006057
1.275000 1.002938 -0.006057
1.280000 1.000249 -0.006057
1.285000 1.006944 -0.006057
1.290000 1.005818 -0.006057
1.295000 1.006876 -0.006057
1.300000 1.001091 -0.006057
1.305000 0.996793 -0.006057
1.310000 1.006845 -0.006057
1.315000 1.002149 -0.006057
1.320000 1.003313 -0.006057
1.325000 1.008653 -0.006057
1.330000 1.007856 -0.006057
1.335000 1.001007 -0.006057
1.340000 1.010905 -0.006057
1.345000 1.006002 -0.006057
1.350000 0.994549 -0.006057
1.355000 0.999942 -0.006057
1.360000 0.999996 -0.006057
1.365000 1.009128 -0.006057
1.370000 1.005427 -0.006057
1.375000 0.997674 -0.006057
1.380000 1.002110 -0.006057
1.385000 0.999911 -0.006057
1.390000 1.001689 -0.006057
1.395000 0.998923 -0.006057
1.400000 1.006469 -0.006057
1.405000 1.009503 -0.006057
1.410000 0.997881 -0.006057
1.415000 1.003114 -0.006057
1.420000 1.000157 -0.006057
1.425000 1.009879 -0.006057
1.430000 1.006293 -0.006057
1.435000 1.012307 -0.006057
1.440000 1.003803 -0.006057
1.445000 1.002585 -0.006057
1.450000 1.004240 -0.006057
1.455000 1.002999 -0.006057
1.460000 1.002486 -0.006057
1.465000 1.005926 -0.006057
1.470000 1.007328 -0.006057
1.475000 0.993016 -0.006057
1.480000 1.007289 -0.006057
1.485000 1.003244 -0.006057
1.490000 1.002103 -0.006057
1.495000 1.000992 -0.006057
1.500000 1.007680 -0.006057
1.505000 1.003658 -0.006057
1.510000 0.996870 -0.006057
1.515000 0.996885 -0.006057
1.520000 0.998402 -0.006057
1.525000 1.003482 -0.006057
1.530000 1.002133 -0.006057
1.535000 0.995866 -0.006057
1.540000 1.002248 -0.006057
1.545000 1.007029 -0.006057
1.550000 0.999222 -0.006057
1.555000 1.013173 -0.006057
1.560000 1.000118 -0.006057
1.565000 1.005427 -0.006057
1.570000 0.996203 -0.006057
1.575000 0.998647 -0.006057
1.580000 1.007335 -0.006057
1.585000 1.002570 -0.006057
1.590000 1.000601 -0.006057
1.595000 0.996272 -0.006057
1.600000 1.003688 -0.006057
1.605000 1.007220 -0.006057
1.610000 1.004592 -0.006057
1.615000 0.998755 -0.006057
1.620000 1.007879 -0.006057
1.625000 1.004370 -0.006057
1.630000 1.004133 -0.006057
1.635000 0.993706 -0.006057
1.640000 1.002401 -0.006057
1.645000 1.000716 -0.006057
1.650000 1.001880 -0.006057
1.655000 1.004217 -0.006057
1.660000 1.002562 -0.006057
1.665000 1.002332 -0.006057
1.670000 1.005795 -0.006057
1.675000 1.004570 -0.006057
1.680000 1.005903 -0.006057
1.685000 0.999605 -0.006057
1.690000 0.999605 -0.006057
1.695000 0.999199 -0.006057
1.700000 0.998096 -0.006057
1.705000 1.005734 -0.006057
1.710000 1.004654 -0.006057
1.715000 1.003443 -0.006057
1.720000 1.004102 -0.006057
1.725000 0.998402 -0.006057
1.730000 0.997881 -0.006057
1.735000 0.996924 -0.006057
1.740000 1.007350 -0.006057
1.745000 0.999559 -0.006057
1.750000 1.003665 -0.006057
1.755000 1.003857 -0.006057
1.760000 1.001589 -0.006057
1.765000 1.004623 -0.006057
1.770000 0.998486 -0.006057
1.775000 1.003520 -0.006057
1.780000 1.005634 -0.006057
1.785000 1.002432 -0.006057
1.790000 1.007649 -0.006057
1.795000 1.001398 -0.006057
1.800000 0.996188 -0.006057
1.805000 0.999337 -0.006057
1.810000 1.000969 -0.006057
1.815000 0.992664 -0.006057
1.820000 1.000586 -0.006057
1.825000 1.000272 -0.006057
1.830000 0.999184 -0.006057
1.835000 0.999092 -0.006057
1.840000 0.998862 -0.006057
1.845000 1.004179 -0.006057
1.850000 0.997544 -0.006057
1.855000 0.999505 -0.006057
1.860000 1.000976 -0.006057
1.865000 1.002539 -0.006057
1.870000 0.996226 -0.006057
1.875000 0.994089 -0.006057
1.880000 0.998241 -0.006057
1.885000 1.002317 -0.006057
1.890000 1.001949 -0.006057
1.895000 0.996924 -0.006057
1.900000 1.004048 -0.006057
1.905000 0.998157 -0.006057
1.910000 1.000003 -0.006057
1.915000 1.004409 -0.006057
1.920000 0.997851 -0.006057
1.925000 0.996081 -0.006057
1.930000 0.992105 -0.006057
1.935000 0.994901 -0.006057
1.940000 1.002639 -0.006057
1.945000 1.005818 -0.006057
1.950000 0.998839 -0.006057
1.955000 1.005880 -0.006057
1.960000 0.997759 -0.006057
1.965000 0.997406 -0.006057
1.970000 0.997797 -0.006057
1.975000 0.994778 -0.006057
1.980000 1.000363 -0.006057
1.985000 1.001896 -0.006057
1.990000 1.004983 -0.006057
1.995000 1.002080 -0.006057
2.000000 0.997644 -0.006057
2.005000 0.994464 -0.006057
2.010000 0.993591 -0.006057
2.015000 1.002562 -0.006057
2.020000 0.998448 -0.006057
2.025000 0.997812 -0.006057
2.030000 1.000693 -0.006057
2.035000 0.995866 -0.006057
2.040000 1.006738 -0.006057
2.045000 0.996280 -0.006057
2.050000 1.004960 -0.006057
2.055000 0.996326 -0.006057
2.060000 1.004592 -0.006057
2.065000 0.997904 -0.006057
2.070000 1.000647 -0.006057
2.075000 1.000065 -0.006057
2.080000 1.005060 -0.006057
2.085000 1.009243 -0.006057
2.090000 1.001543 -0.006057
2.095000 1.001804 -0.006057
2.100000 1.002616 -0.006057
2.105000 0.999873 -0.006057
2.110000 0.999184 -0.006057
2.115000 1.005175 -0.006057
2.120000 0.997115 -0.006057
2.125000 1.004914 -0.006057
2.130000 0.995215 -0.006057
2.135000 0.990143 -0.006057
2.140000 0.991990 -0.006057
2.145000 0.995928 -0.006057
