0.000000 -62.180363 -0.006057
0.005000 0.814640 -0.006057
0.010000 2.030123 -0.006057
0.015000 2.072796 -0.006057
0.020000 2.066582 -0.006057
0.025000 2.070329 -0.006057
0.030000 2.070336 -0.006057
0.035000 2.065839 -0.006057
0.040000 2.070436 -0.006057
0.045000 2.070160 -0.006057
0.050000 2.068620 -0.006057
0.055000 2.074749 -0.006057
0.060000 2.068122 -0.006057
0.065000 2.076802 -0.006057
0.070000 2.076051 -0.006057
0.075000 2.081139 -0.006057
0.080000 2.063196 -0.006057
0.085000 2.067885 -0.006057
0.090000 2.074879 -0.006057
0.095000 2.068482 -0.006057
0.100000 2.066636 -0.006057
0.105000 2.070137 -0.006057
0.110000 2.070704 -0.006057
0.115000 2.069608 -0.006057
0.120000 2.068582 -0.006057
0.125000 2.065694 -0.006057
0.130000 2.069026 -0.006057
0.135000 2.067869 -0.006057
0.140000 2.064989 -0.006057
0.145000 2.064613 -0.006057
0.150000 2.072129 -0.006057
0.155000 2.059856 -0.006057
0.160000 2.071662 -0.006057
0.165000 2.070781 -0.006057
0.170000 2.062001 -0.006057
0.175000 2.072979 -0.006057
0.180000 2.066352 -0.006057
0.185000 2.074435 -0.006057
0.190000 2.069440 -0.006057
0.195000 2.069777 -0.006057
0.200000 2.073661 -0.006057
0.205000 2.073179 -0.006057
0.210000 2.075217 -0.006057
0.215000 2.077254 -0.006057
0.220000 2.071340 -0.006057
0.225000 2.071800 -0.006057
0.230000 2.070865 -0.006057
0.235000 2.071164 -0.006057
0.240000 2.070175 -0.006057
0.245000 2.064085 -0.006057
0.250000 2.073769 -0.006057
0.255000 2.065196 -0.006057
0.260000 2.074489 -0.006057
0.265000 2.072903 -0.006057
0.270000 2.077178 -0.006057
0.275000 2.070819 -0.006057
0.280000 2.074512 -0.006057
0.285000 2.069907 -0.006057
0.290000 2.067440 -0.006057
0.295000 2.061802 -0.006057
0.300000 2.063625 -0.006057
0.305000 2.062805 -0.006057
0.310000 2.070474 -0.006057
0.315000 2.077913 -0.006057
0.320000 2.065540 -0.006057
0.325000 2.072060 -0.006057
0.330000 2.070482 -0.006057
0.335000 2.066927 -0.006057
0.340000 2.063939 -0.006057
0.345000 2.066422 -0.006057
0.350000 2.077875 -0.006057
0.355000 2.073370 -0.006057
0.360000 2.071302 -0.006057
0.365000 2.079392 -0.006057
0.370000 2.066981 -0.006057
0.375000 2.078273 -0.006057
0.380000 2.066398 -0.006057
0.385000 2.070298 -0.006057
0.390000 2.070390 -0.006057
0.395000 2.062897 -0.006057
0.400000 2.063211 -0.006057
0.405000 2.065870 -0.006057
0.410000 2.064077 -0.006057
0.415000 2.068199 -0.006057
0.420000 2.076082 -0.006057
0.425000 2.067088 -0.006057
0.430000 2.071761 -0.006057
0.435000 2.073286 -0.006057
0.440000 2.066575 -0.006057
0.445000 2.064744 -0.006057
0.450000 2.076044 -0.006057
0.455000 2.071294 -0.006057
0.460000 2.072045 -0.006057
0.465000 2.068819 -0.006057
0.470000 2.066552 -0.006057
0.475000 2.072757 -0.006057
0.480000 2.067456 -0.006057
0.485000 2.063112 -0.006057
0.490000 2.064337 -0.006057
0.495000 2.071225 -0.006057
0.500000 2.070382 -0.006057
0.505000 2.068007 -0.006057
0.510000 2.072014 -0.006057
0.515000 2.068046 -0.006057
0.520000 2.061848 -0.006057
0.525000 2.060300 -0.006057
0.530000 2.073370 -0.006057
0.535000 2.068505 -0.006057
0.540000 2.068459 -0.006057
0.545000 2.061664 -0.006057
0.550000 2.072903 -0.006057
0.555000 2.068835 -0.006057
0.560000 2.068429 -0.006057
0.565000 2.069608 -0.006057
0.570000 2.072696 -0.006057
0.575000 2.073983 -0.006057
0.580000 2.069877 -0.006057
0.585000 2.067034 -0.006057
0.590000 2.066046 -0.006057
0.595000 2.063748 -0.006057
0.600000 2.064782 -0.006057
0.605000 2.067034 -0.006057
0.610000 2.062966 -0.006057
0.615000 2.062982 -0.006057
0.620000 2.060354 -0.006057
0.625000 2.062032 -0.006057
0.630000 2.065678 -0.006057
0.635000 2.066444 -0.006057
0.640000 2.067532 -0.006057
0.645000 2.059825 0.105940
0.650000 2.058714 2.793863
0.655000 2.065264 2.681866
0.660000 2.064123 -0.006057
0.665000 2.064790 -0.006057
0.670000 2.090064 -0.006057
0.675000 2.278147 -0.006057
0.680000 2.921359 -0.006057
0.685000 4.298279 -0.006057
0.690000 6.286747 -0.006057
0.695000 8.617012 -0.006057
0.700000 11.145481 -0.006057
0.705000 13.750998 -0.006057
0.710000 16.377056 -0.006057
0.715000 18.927620 -0.006057
0.720000 21.414518 -0.006057
0.725000 23.761786 -0.006057
0.730000 25.952394 -0.006057
0.735000 27.986309 -0.006057
0.740000 29.830370 -0.006057
0.745000 31.449799 -0.006057
0.750000 32.869881 -0.006057
0.755000 33.964600 -0.006057
0.760000 34.730137 -0.006057
0.765000 35.077988 -0.006057
0.770000 34.971588 -0.006057
0.775000 34.478008 -0.006057
0.780000 33.766235 -0.006057
0.785000 32.915764 -0.006057
0.790000 31.918602 -0.006057
0.795000 30.792635 -0.006057
0.800000 29.619297 -0.006057
0.805000 28.423281 -0.006057
0.810000 27.276030 -0.006057
0.815000 26.227900 -0.006057
0.820000 25.315556 -0.006057
0.825000 24.546171 -0.006057
0.830000 23.905043 -0.006057
0.835000 23.359564 -0.006057
0.840000 22.884684 -0.006057
0.845000 22.477888 -0.006057
0.850000 22.127264 -0.006057
0.855000 21.806437 -0.006057
0.860000 21.532938 -0.006057
0.865000 21.280010 -0.006057
0.870000 21.032194 -0.006057
0.875000 20.824598 -0.006057
0.880000 20.629766 -0.006057
0.885000 20.458630 -0.006057
0.890000 20.298471 -0.006057
0.895000 20.138245 -0.006057
0.900000 20.006027 -0.006057
0.905000 19.869987 -0.006057
0.910000 19.747723 -0.006057
0.915000 19.643867 -0.006057
0.920000 19.532150 -0.006057
0.925000 19.437222 -0.006057
0.930000 19.346704 -0.006057
0.935000 19.267778 -0.006057
0.940000 19.194767 -0.006057
0.945000 19.121096 -0.006057
0.950000 19.056168 -0.006057
0.955000 18.990112 -0.006057
0.960000 18.929474 -0.006057
0.965000 18.870237 -0.006057
0.970000 18.820263 -0.006057
0.975000 18.772879 -0.006057
0.980000 18.719625 -0.006057
0.985000 18.681971 -0.006057
0.990000 18.635790 -0.006057
0.995000 18.598463 -0.006057
1.000000 18.556671 -0.006057
1.005000 18.528616 -0.006057
1.010000 18.487314 -0.006057
1.015000 18.452595 -0.006057
1.020000 18.413805 -0.006057
1.025000 18.394859 -0.006057
1.030000 18.357603 -0.006057
1.035000 18.323702 -0.006057
1.040000 18.301485 -0.006057
1.045000 18.271988 -0.006057
1.050000 18.250101 -0.006057
1.055000 18.232479 -0.006057
1.060000 18.201046 -0.006057
1.065000 18.172998 -0.006057
1.070000 18.154964 -0.006057
1.075000 18.129604 -0.006057
1.080000 18.114758 -0.006057
1.085000 18.094608 -0.006057
1.090000 18.085852 -0.006057
1.095000 18.064316 -0.006057
1.100000 18.045193 -0.006057
1.105000 18.037403 -0.006057
1.110000 18.022861 -0.006057
1.115000 18.005884 -0.006057
1.120000 17.984486 -0.006057
1.125000 17.975668 -0.006057
1.130000 17.956722 -0.006057
1.135000 17.950409 -0.006057
1.140000 17.924936 -0.006057
1.145000 17.918745 -0.006057
1.150000 17.901859 -0.006057
1.155000 17.899446 -0.006057
1.160000 17.890982 -0.006057
1.165000 17.875315 -0.006057
1.170000 17.866411 -0.006057
1.175000 17.850714 -0.006057
1.180000 17.831776 -0.006057
1.185000 17.828159 -0.006057
1.190000 17.824842 -0.006057
1.195000 17.807274 -0.006057
1.200000 17.789654 -0.006057
1.205000 17.777817 -0.006057
1.210000 17.778223 -0.006057
1.215000 17.769421 -0.006057
1.220000 17.755600 -0.006057
1.225000 17.750750 -0.006057
1.230000 17.746521 -0.006057
1.235000 17.735144 -0.006057
1.240000 17.724442 -0.006057
1.245000 17.721315 -0.006057
1.250000 17.713800 -0.006057
1.255000 17.697527 -0.006057
1.260000 17.690525 -0.006057
1.265000 17.686604 -0.006057
1.270000 17.661144 -0.006057
1.275000 17.666277 -0.006057
1.280000 17.655575 -0.006057
1.285000 17.648642 -0.006057
1.290000 17.643072 -0.006057
1.295000 17.631227 -0.006057
1.300000 17.624876 -0.006057
1.305000 17.612020 -0.006057
1.310000 17.609539 -0.006057
1.315000 17.606136 -0.006057
1.320000 17.588793 -0.006057
1.325000 17.578642 -0.006057
1.330000 17.568245 -0.006057
1.335000 17.568222 -0.006057
1.340000 17.553129 -0.006057
1.345000 17.545536 -0.006057
1.350000 17.546448 -0.006057
1.355000 17.522591 -0.006057
1.360000 17.517574 -0.006057
1.365000 17.501255 -0.006057
1.370000 17.496712 -0.006057
1.375000 17.484928 -0.006057
1.380000 17.472633 -0.006057
1.385000 17.462084 -0.006057
1.390000 17.455166 -0.006057
1.395000 17.446049 -0.006057
1.400000 17.431599 -0.006057
1.405000 17.420107 -0.006057
1.410000 17.409321 -0.006057
1.415000 17.391630 -0.006057
1.420000 17.382553 -0.006057
1.425000 17.382805 -0.006057
1.430000 17.366096 -0.006057
1.435000 17.356405 -0.006057
1.440000 17.338493 -0.006057
1.445000 17.328119 -0.006057
1.450000 17.317102 -0.006057
1.455000 17.298172 -0.006057
1.460000 17.283937 -0.006057
1.465000 17.273441 -0.006057
1.470000 17.263222 -0.006057
1.475000 17.241602 -0.006057
1.480000 17.231642 -0.006057
1.485000 17.217154 -0.006057
1.490000 17.210857 -0.006057
1.495000 17.194231 -0.006057
1.500000 17.165932 -0.006057
1.505000 17.158316 -0.006057
1.510000 17.141684 -0.006057
1.515000 17.126331 -0.006057
1.520000 17.107960 -0.006057
1.525000 17.092936 -0.006057
1.530000 17.073429 -0.006057
1.535000 17.061142 -0.006057
1.540000 17.041298 -0.006057
1.545000 17.016706 -0.006057
1.550000 17.006723 -0.006057
1.555000 16.987265 -0.006057
1.560000 16.966747 -0.006057
1.565000 16.943573 -0.006057
1.570000 16.924028 -0.006057
1.575000 16.906752 -0.006057
1.580000 16.885225 -0.006057
1.585000 16.869282 -0.006057
1.590000 16.853539 -0.006057
1.595000 16.829351 -0.006057
1.600000 16.807884 -0.006057
1.605000 16.787575 -0.006057
1.610000 16.767672 -0.006057
1.615000 16.744059 -0.006057
1.620000 16.731089 -0.006057
1.625000 16.699249 -0.006057
1.630000 16.679773 -0.006057
1.635000 16.661234 -0.006057
1.640000 16.633062 -0.006057
1.645000 16.607100 -0.006057
1.650000 16.583971 -0.006057
1.655000 16.569054 -0.006057
1.660000 16.547625 -0.006057
1.665000 16.529392 -0.006057
1.670000 16.498602 -0.006057
1.675000 16.487377 -0.006057
1.680000 16.453669 -0.006057
1.685000 16.436935 -0.006057
1.690000 16.414688 -0.006057
1.695000 16.399580 -0.006057
1.700000 16.366001 -0.006057
1.705000 16.347975 -0.006057
1.710000 16.324347 -0.006057
1.715000 16.306511 -0.006057
1.720000 16.285950 -0.006057
1.725000 16.259840 -0.006057
1.730000 16.234987 -0.006057
1.735000 16.213634 -0.006057
1.740000 16.185780 -0.006057
1.745000 16.167982 -0.006057
1.750000 16.145596 -0.006057
1.755000 16.126680 -0.006057
1.760000 16.104485 -0.006057
1.765000 16.082552 -0.006057
1.770000 16.066563 -0.006057
1.775000 16.041349 -0.006057
1.780000 16.018635 -0.006057
1.785000 15.994792 -0.006057
1.790000 15.973824 -0.006057
1.795000 15.956945 -0.006057
1.800000 15.934100 -0.006057
1.805000 15.917161 -0.006057
1.810000 15.899969 -0.006057
1.815000 15.878372 -0.006057
1.820000 15.853688 -0.006057
1.825000 15.837737 -0.006057
1.830000 15.825166 -0.006057
1.835000 15.803928 -0.006057
1.840000 15.775452 -0.006057
1.845000 15.754744 -0.006057
1.850000 15.732220 -0.006057
1.855000 15.721340 -0.006057
1.860000 15.691982 -0.006057
1.865000 15.674913 -0.006057
1.870000 15.654619 -0.006057
1.875000 15.633911 -0.006057
1.880000 15.617354 -0.006057
1.885000 15.590893 -0.006057
1.890000 15.580037 -0.006057
1.895000 15.558617 -0.006057
1.900000 15.546075 -0.006057
1.905000 15.524846 -0.006057
1.910000 15.515598 -0.006057
1.915000 15.493458 -0.006057
1.920000 15.464476 -0.006057
1.925000 15.446954 -0.006057
1.930000 15.433348 -0.006057
1.935000 15.409169 -0.006057
1.940000 15.397585 -0.006057
1.945000 15.389793 -0.006057
1.950000 15.353319 -0.006057
1.955000 15.349642 -0.006057
1.960000 15.328313 -0.006057
1.965000 15.303751 -0.006057
1.970000 15.284759 -0.006057
1.975000 15.277396 -0.006057
1.980000 15.255178 -0.006057
1.985000 15.244460 -0.006057
1.990000 15.218466 -0.006057
1.995000 15.202546 -0.006057
2.000000 15.182144 -0.006057
2.005000 15.173786 -0.006057
2.010000 15.153522 -0.006057
2.015000 15.141211 -0.006057
2.020000 15.124593 -0.006057
2.025000 15.100047 -0.006057
2.030000 15.082181 -0.006057
2.035000 15.066965 -0.006057
2.040000 15.047461 -0.006057
2.045000 15.028790 -0.006057
2.050000 15.017137 -0.006057
2.055000 14.997815 -0.006057
2.060000 14.981297 -0.006057
2.065000 14.962091 -0.006057
2.070000 14.942884 -0.006057
2.075000 14.929202 -0.006057
2.080000 14.909558 -0.006057
2.085000 14.890490 -0.006057
2.090000 14.876147 -0.006057
2.095000 14.858366 -0.006057
2.100000 14.842829 -0.006057
2.105000 14.822098 -0.006057
2.110000 14.805059 -0.006057
2.115000 14.788664 -0.006057
2.120000 14.771105 -0.006057
2.125000 14.758449 -0.006057
2.130000 14.742666 -0.006057
2.135000 14.731351 -0.006057
2.140000 14.721996 -0.006057
2.145000 14.696576 -0.006057
2.150000 14.684602 -0.006057
2.155000 14.665878 -0.006057
2.160000 14.648050 -0.006057
2.165000 14.632307 -0.006057
2.170000 14.622700 -0.006057
2.175000 14.607124 -0.006057
2.180000 14.593257 -0.006057
2.185000 14.577928 -0.006057
2.190000 14.568014 -0.006057
2.195000 14.552806 -0.006057
2.200000 14.537024 -0.006057
2.205000 14.519105 -0.006057
2.210000 14.504172 -0.006057
2.215000 14.498082 -0.006057
2.220000 14.476409 -0.006057
2.225000 14.458251 -0.006057
2.230000 14.442975 -0.006057
2.235000 14.435283 -0.006057
2.240000 14.420045 -0.006057
2.245000 14.399804 -0.006057
2.250000 14.389791 -0.006057
2.255000 14.380015 -0.006057
2.260000 14.329842 -0.006057
2.265000 14.361376 -0.006057
2.270000 14.325560 -0.006057
2.275000 14.302522 -0.006057
2.280000 14.313141 -0.006057
2.285000 14.255521 -0.006057
2.290000 14.278121 -0.006057
2.295000 14.238612 -0.006057
2.300000 14.232828 -0.006057
2.305000 14.218049 -0.006057
2.310000 14.198536 -0.006057
2.315000 14.189565 -0.006057
2.320000 14.178310 -0.006057
2.325000 14.160721 -0.006057
2.330000 14.151925 -0.006057
2.335000 14.134856 -0.006057
2.340000 14.133899 -0.006057
2.345000 14.108663 -0.006057
2.350000 14.105131 -0.006057
2.355000 14.080194 -0.006057
2.360000 14.075582 -0.006057
2.365000 14.052422 -0.006057
2.370000 14.047703 -0.006057
2.375000 14.034111 -0.006057
2.380000 14.012630 -0.006057
2.385000 13.999966 -0.006057
2.390000 13.981195 -0.006057
2.395000 13.965873 -0.006057
2.400000 13.959384 -0.006057
2.405000 13.942897 -0.006057
2.410000 13.925483 -0.006057
2.415000 13.922373 -0.006057
2.420000 13.901021 -0.006057
2.425000 13.895474 -0.006057
2.430000 13.876681 -0.006057
