0.000000 -39.692730 -0.006057
0.005000 66.015411 -0.006057
0.010000 68.047836 -0.006057
0.015000 68.126549 -0.006057
0.020000 68.124527 -0.006057
0.025000 68.137428 -0.006057
0.030000 68.130623 -0.006057
0.035000 68.132156 -0.006057
0.040000 68.131302 -0.006057
0.045000 68.131027 -0.006057
0.050000 68.133308 -0.006057
0.055000 68.133537 -0.006057
0.060000 68.133232 -0.006057
0.065000 68.133125 -0.006057
0.070000 68.128540 -0.006057
0.075000 68.131287 -0.006057
0.080000 68.124725 -0.006057
0.085000 68.128311 -0.006057
0.090000 68.128616 -0.006057
0.095000 68.131470 -0.006057
0.100000 68.113922 -0.006057
0.105000 68.119377 -0.006057
0.110000 68.118843 -0.006057
0.115000 68.122902 -0.006057
0.120000 68.116989 -0.006057
0.125000 68.121712 -0.006057
0.130000 68.121834 -0.006057
0.135000 68.124908 -0.006057
0.140000 68.120285 -0.006057
0.145000 68.125328 -0.006057
0.150000 68.128677 -0.006057
0.155000 68.126564 -0.006057
0.160000 68.121216 -0.006057
0.165000 68.115715 -0.006057
0.170000 68.117630 -0.006057
0.175000 68.120316 -0.006057
0.180000 68.118874 -0.006057
0.185000 68.119858 -0.006057
0.190000 68.117142 -0.006057
0.195000 68.117928 -0.006057
0.200000 68.111641 -0.006057
0.205000 68.115349 -0.006057
0.210000 68.117416 -0.006057
0.215000 68.113007 -0.006057
0.220000 68.122276 -0.006057
0.225000 68.113998 -0.006057
0.230000 68.109009 -0.006057
0.235000 68.110367 -0.006057
0.240000 68.115578 -0.006057
0.245000 68.107658 -0.006057
0.250000 68.114059 -0.006057
0.255000 68.111092 -0.006057
0.260000 68.112427 -0.006057
0.265000 68.114342 -0.006057
0.270000 68.118492 -0.006057
0.275000 68.119286 -0.006057
0.280000 68.118401 -0.006057
0.285000 68.118980 -0.006057
0.290000 68.113632 -0.006057
0.295000 68.119026 -0.006057
0.300000 68.113174 -0.006057
0.305000 68.115013 -0.006057
0.310000 68.108315 -0.006057
0.315000 68.112007 -0.006057
0.320000 68.109253 -0.006057
0.325000 68.112366 -0.006057
0.330000 68.113297 -0.006057
0.335000 68.106506 -0.006057
0.340000 68.108559 -0.006057
0.345000 68.114830 -0.006057
0.350000 68.108406 -0.006057
0.355000 68.109497 -0.006057
0.360000 68.106232 -0.006057
0.365000 68.112930 -0.006057
0.370000 68.108948 -0.006057
0.375000 68.107323 -0.006057
0.380000 68.112991 -0.006057
0.385000 68.112595 -0.006057
0.390000 68.110046 -0.006057
0.395000 68.106323 -0.006057
0.400000 68.106766 -0.006057
0.405000 68.106491 -0.006057
0.410000 68.102890 -0.006057
0.415000 68.103569 -0.006057
0.420000 68.111595 -0.006057
0.425000 68.112114 -0.006057
0.430000 68.110695 -0.006057
0.435000 68.106941 -0.006057
0.440000 68.105820 -0.006057
0.445000 68.107140 -0.006057
0.450000 68.107353 -0.006057
0.455000 68.103462 -0.006057
0.460000 68.103325 -0.006057
0.465000 68.100639 -0.006057
0.470000 68.110619 -0.006057
0.475000 68.105240 -0.006057
0.480000 68.098892 -0.006057
0.485000 68.107811 -0.006057
0.490000 68.105331 -0.006057
0.495000 68.106033 -0.006057
0.500000 68.099709 -0.006057
0.505000 68.104134 -0.006057
0.510000 68.094421 -0.006057
0.515000 68.097870 -0.006057
0.520000 68.098709 -0.006057
0.525000 68.106506 -0.006057
0.530000 68.099510 -0.006057
0.535000 68.094681 -0.006057
0.540000 68.098740 -0.006057
0.545000 68.087646 -0.006057
0.550000 68.101204 -0.006057
0.555000 68.100945 -0.006057
0.560000 68.094437 -0.006057
0.565000 68.093163 -0.006057
0.570000 68.092293 -0.006057
0.575000 68.092232 -0.006057
0.580000 68.093712 -0.006057
0.585000 68.085899 -0.006057
0.590000 68.095383 -0.006057
0.595000 68.090988 -0.006057
0.600000 68.085716 -0.006057
0.605000 68.091187 -0.006057
0.610000 68.089241 -0.006057
0.615000 68.084671 -0.006057
0.620000 68.087646 -0.006057
0.625000 68.087875 -0.006057
0.630000 68.081398 -0.006057
0.635000 68.093407 -0.006057
0.640000 68.095970 -0.006057
0.645000 68.090065 0.113954
0.650000 68.084763 2.994223
0.655000 68.089958 2.874212
0.660000 68.083023 -0.006057
0.665000 68.085533 -0.006057
0.670000 68.085106 -0.006057
0.675000 68.096352 -0.006057
0.680000 68.166145 -0.006057
0.685000 68.323105 -0.006057
0.690000 68.634659 -0.006057
0.695000 69.155762 -0.006057
0.700000 69.994568 -0.006057
0.705000 70.921181 -0.006057
0.710000 71.856094 -0.006057
0.715000 72.732178 -0.006057
0.720000 73.669807 -0.006057
0.725000 74.620392 -0.006057
0.730000 75.455421 -0.006057
0.735000 76.239975 -0.006057
0.740000 76.987740 -0.006057
0.745000 77.678688 -0.006057
0.750000 78.331367 -0.006057
0.755000 78.919090 -0.006057
0.760000 79.481224 -0.006057
0.765000 79.976501 -0.006057
0.770000 80.410606 -0.006057
0.775000 80.787750 -0.006057
0.780000 81.127174 -0.006057
0.785000 81.424767 -0.006057
0.790000 81.665482 -0.006057
0.795000 81.844154 -0.006057
0.800000 81.955254 -0.006057
0.805000 82.021156 -0.006057
0.810000 82.062454 -0.006057
0.815000 82.050209 -0.006057
0.820000 82.003815 -0.006057
0.825000 81.924782 -0.006057
0.830000 81.798843 -0.006057
0.835000 81.641174 -0.006057
0.840000 81.458900 -0.006057
0.845000 81.247955 -0.006057
0.850000 81.024063 -0.006057
0.855000 80.778908 -0.006057
0.860000 80.534332 -0.006057
0.865000 80.286797 -0.006057
0.870000 80.052101 -0.006057
0.875000 79.816948 -0.006057
0.880000 79.577507 -0.006057
0.885000 79.342506 -0.006057
0.890000 79.116425 -0.006057
0.895000 78.903046 -0.006057
0.900000 78.682236 -0.006057
0.905000 78.485588 -0.006057
0.910000 78.286926 -0.006057
0.915000 78.096962 -0.006057
0.920000 77.921585 -0.006057
0.925000 77.750458 -0.006057
0.930000 77.584961 -0.006057
0.935000 77.425598 -0.006057
0.940000 77.279236 -0.006057
0.945000 77.132324 -0.006057
0.950000 77.005165 -0.006057
0.955000 76.871918 -0.006057
0.960000 76.754013 -0.006057
0.965000 76.634956 -0.006057
0.970000 76.528450 -0.006057
0.975000 76.432091 -0.006057
0.980000 76.333748 -0.006057
0.985000 76.245049 -0.006057
0.990000 76.160332 -0.006057
0.995000 76.078796 -0.006057
1.000000 76.000053 -0.006057
1.005000 75.924347 -0.006057
1.010000 75.861618 -0.006057
1.015000 75.805511 -0.006057
1.020000 75.738976 -0.006057
1.025000 75.691109 -0.006057
1.030000 75.643608 -0.006057
1.035000 75.588943 -0.006057
1.040000 75.537102 -0.006057
1.045000 75.501770 -0.006057
1.050000 75.471001 -0.006057
1.055000 75.421204 -0.006057
1.060000 75.386673 -0.006057
1.065000 75.362503 -0.006057
1.070000 75.324707 -0.006057
1.075000 75.307945 -0.006057
1.080000 75.276871 -0.006057
1.085000 75.256355 -0.006057
1.090000 75.231895 -0.006057
1.095000 75.211975 -0.006057
1.100000 75.195076 -0.006057
1.105000 75.171371 -0.006057
1.110000 75.158653 -0.006057
1.115000 75.138756 -0.006057
1.120000 75.121315 -0.006057
1.125000 75.098854 -0.006057
1.130000 75.088692 -0.006057
1.135000 75.079826 -0.006057
1.140000 75.065178 -0.006057
1.145000 75.054985 -0.006057
1.150000 75.047813 -0.006057
1.155000 75.038101 -0.006057
1.160000 75.027039 -0.006057
1.165000 75.020065 -0.006057
1.170000 75.010704 -0.006057
1.175000 75.009171 -0.006057
1.180000 75.004807 -0.006057
1.185000 75.006691 -0.006057
1.190000 74.994781 -0.006057
1.195000 74.990311 -0.006057
1.200000 74.984268 -0.006057
1.205000 74.978584 -0.006057
1.210000 74.981834 -0.006057
1.215000 74.972717 -0.006057
1.220000 74.963173 -0.006057
1.225000 74.961960 -0.006057
1.230000 74.962395 -0.006057
1.235000 74.953293 -0.006057
1.240000 74.953934 -0.006057
1.245000 74.954964 -0.006057
1.250000 74.945503 -0.006057
1.255000 74.945923 -0.006057
1.260000 74.948448 -0.006057
1.265000 74.941383 -0.006057
1.270000 74.946838 -0.006057
1.275000 74.931641 -0.006057
1.280000 74.941292 -0.006057
1.285000 74.938644 -0.006057
1.290000 74.932098 -0.006057
1.295000 74.935410 -0.006057
1.300000 74.928802 -0.006057
1.305000 74.937553 -0.006057
1.310000 74.935410 -0.006057
1.315000 74.932663 -0.006057
1.320000 74.933037 -0.006057
1.325000 74.940002 -0.006057
1.330000 74.947037 -0.006057
1.335000 74.949585 -0.006057
1.340000 74.939926 -0.006057
1.345000 74.936005 -0.006057
1.350000 74.943649 -0.006057
1.355000 74.947037 -0.006057
1.360000 74.944847 -0.006057
1.365000 74.944832 -0.006057
1.370000 74.948708 -0.006057
1.375000 74.950531 -0.006057
1.380000 74.957230 -0.006057
1.385000 74.948067 -0.006057
1.390000 74.949799 -0.006057
1.395000 74.952995 -0.006057
1.400000 74.959877 -0.006057
1.405000 74.967110 -0.006057
1.410000 74.964905 -0.006057
1.415000 74.963493 -0.006057
1.420000 74.969498 -0.006057
1.425000 74.968277 -0.006057
1.430000 74.973579 -0.006057
1.435000 74.976517 -0.006057
1.440000 74.987915 -0.006057
1.445000 74.984352 -0.006057
1.450000 74.984207 -0.006057
1.455000 74.989250 -0.006057
1.460000 74.982574 -0.006057
1.465000 74.984947 -0.006057
1.470000 74.996788 -0.006057
1.475000 74.998901 -0.006057
1.480000 75.007332 -0.006057
1.485000 75.008377 -0.006057
1.490000 75.013580 -0.006057
1.495000 75.012543 -0.006057
1.500000 75.012680 -0.006057
1.505000 75.021477 -0.006057
1.510000 75.023071 -0.006057
1.515000 75.024017 -0.006057
1.520000 75.027390 -0.006057
1.525000 75.027817 -0.006057
1.530000 75.033966 -0.006057
1.535000 75.033394 -0.006057
1.540000 75.036156 -0.006057
1.545000 75.039452 -0.006057
1.550000 75.046051 -0.006057
1.555000 75.045609 -0.006057
1.560000 75.046082 -0.006057
1.565000 75.051537 -0.006057
1.570000 75.046707 -0.006057
1.575000 75.056671 -0.006057
1.580000 75.053009 -0.006057
1.585000 75.063087 -0.006057
1.590000 75.065163 -0.006057
1.595000 75.067963 -0.006057
1.600000 75.074463 -0.006057
1.605000 75.063889 -0.006057
1.610000 75.073067 -0.006057
1.615000 75.073067 -0.006057
1.620000 75.084297 -0.006057
1.625000 75.088051 -0.006057
1.630000 75.082550 -0.006057
1.635000 75.075531 -0.006057
1.640000 75.087975 -0.006057
1.645000 75.082916 -0.006057
1.650000 75.091118 -0.006057
1.655000 75.088570 -0.006057
1.660000 75.091209 -0.006057
1.665000 75.097580 -0.006057
1.670000 75.096817 -0.006057
1.675000 75.100189 -0.006057
1.680000 75.098579 -0.006057
1.685000 75.103111 -0.006057
1.690000 75.098473 -0.006057
1.695000 75.104919 -0.006057
1.700000 75.108612 -0.006057
1.705000 75.118698 -0.006057
1.710000 75.125252 -0.006057
1.715000 75.123322 -0.006057
1.720000 75.111511 -0.006057
1.725000 75.117714 -0.006057
1.730000 75.121422 -0.006057
1.735000 75.118774 -0.006057
1.740000 75.122131 -0.006057
1.745000 75.130020 -0.006057
1.750000 75.133423 -0.006057
1.755000 75.128395 -0.006057
1.760000 75.125778 -0.006057
1.765000 75.131073 -0.006057
1.770000 75.130692 -0.006057
1.775000 75.134567 -0.006057
1.780000 75.136436 -0.006057
1.785000 75.125221 -0.006057
1.790000 75.141586 -0.006057
1.795000 75.136467 -0.006057
1.800000 75.127014 -0.006057
1.805000 75.143501 -0.006057
1.810000 75.141785 -0.006057
1.815000 75.141769 -0.006057
1.820000 75.139854 -0.006057
1.825000 75.145142 -0.006057
1.830000 75.139290 -0.006057
1.835000 75.136841 -0.006057
1.840000 75.139137 -0.006057
1.845000 75.135506 -0.006057
1.850000 75.139397 -0.006057
1.855000 75.133018 -0.006057
1.860000 75.133003 -0.006057
1.865000 75.138245 -0.006057
1.870000 75.136070 -0.006057
1.875000 75.131798 -0.006057
1.880000 75.132011 -0.006057
1.885000 75.130325 -0.006057
1.890000 75.130814 -0.006057
1.895000 75.131210 -0.006057
1.900000 75.131195 -0.006057
1.905000 75.133911 -0.006057
1.910000 75.137924 -0.006057
1.915000 75.133896 -0.006057
1.920000 75.131721 -0.006057
1.925000 75.130020 -0.006057
1.930000 75.126678 -0.006057
1.935000 75.127167 -0.006057
1.940000 75.121529 -0.006057
1.945000 75.119904 -0.006057
1.950000 75.124367 -0.006057
1.955000 75.123566 -0.006057
1.960000 75.106148 -0.006057
1.965000 75.111115 -0.006057
1.970000 75.110222 -0.006057
1.975000 75.110863 -0.006057
1.980000 75.113091 -0.006057
1.985000 75.106697 -0.006057
1.990000 75.103836 -0.006057
1.995000 75.101425 -0.006057
2.000000 75.102180 -0.006057
2.005000 75.098351 -0.006057
2.010000 75.095619 -0.006057
2.015000 75.093628 -0.006057
2.020000 75.086655 -0.006057
2.025000 75.087227 -0.006057
2.030000 75.085014 -0.006057
2.035000 75.086121 -0.006057
2.040000 75.078247 -0.006057
2.045000 75.068871 -0.006057
2.050000 75.069679 -0.006057
2.055000 75.073021 -0.006057
