0.000000 -62.526310 -0.006057
0.005000 -0.188144 -0.006057
0.010000 1.014115 -0.006057
0.015000 1.059654 -0.006057
0.020000 1.057133 -0.006057
0.025000 1.059454 -0.006057
0.030000 1.061301 -0.006057
0.035000 1.060381 -0.006057
0.040000 1.062703 -0.006057
0.045000 1.060504 -0.006057
0.050000 1.063522 -0.006057
0.055000 1.064327 -0.006057
0.060000 1.053869 -0.006057
0.065000 1.063553 -0.006057
0.070000 1.060075 -0.006057
0.075000 1.053709 -0.006057
0.080000 1.061607 -0.006057
0.085000 1.063224 -0.006057
0.090000 1.059385 -0.006057
0.095000 1.049219 -0.006057
0.100000 1.051311 -0.006057
0.105000 1.057708 -0.006057
0.110000 1.056298 -0.006057
0.115000 1.054628 -0.006057
0.120000 1.061416 -0.006057
0.125000 1.056122 -0.006057
0.130000 1.053670 -0.006057
0.135000 1.048736 -0.006057
0.140000 1.062297 -0.006057
0.145000 1.054398 -0.006057
0.150000 1.050269 -0.006057
0.155000 1.050675 -0.006057
0.160000 1.054574 -0.006057
0.165000 1.054681 -0.006057
0.170000 1.055394 -0.006057
0.175000 1.054881 -0.006057
0.180000 1.043818 -0.006057
0.185000 1.057616 -0.006057
0.190000 1.054996 -0.006057
0.195000 1.049525 -0.006057
0.200000 1.051104 -0.006057
0.205000 1.054559 -0.006057
0.210000 1.053257 -0.006057
0.215000 1.054659 -0.006057
0.220000 1.050269 -0.006057
0.225000 1.051471 -0.006057
0.230000 1.054038 -0.006057
0.235000 1.045281 -0.006057
0.240000 1.054459 -0.006057
0.245000 1.046706 -0.006057
0.250000 1.049349 -0.006057
0.255000 1.046254 -0.006057
0.260000 1.049617 -0.006057
0.265000 1.055854 -0.006057
0.270000 1.043879 -0.006057
0.275000 1.048936 -0.006057
0.280000 1.048384 -0.006057
0.285000 1.052107 -0.006057
0.290000 1.052146 -0.006057
0.295000 1.048192 -0.006057
0.300000 1.047932 -0.006057
0.305000 1.051150 -0.006057
0.310000 1.045189 -0.006057
0.315000 1.048154 -0.006057
0.320000 1.045373 -0.006057
0.325000 1.053969 -0.006057
0.330000 1.047779 -0.006057
0.335000 1.052284 -0.006057
0.340000 1.042975 -0.006057
0.345000 1.050039 -0.006057
0.350000 1.046775 -0.006057
0.355000 1.049135 -0.006057
0.360000 1.048277 -0.006057
0.365000 1.049502 -0.006057
0.370000 1.053057 -0.006057
0.375000 1.046170 -0.006057
0.380000 1.057095 -0.006057
0.385000 1.048890 -0.006057
0.390000 1.048798 -0.006057
0.395000 1.039566 -0.006057
0.400000 1.047587 -0.006057
0.405000 1.047511 -0.006057
0.410000 1.046852 -0.006057
0.415000 1.048445 -0.006057
0.420000 1.044837 -0.006057
0.425000 1.055838 -0.006057
0.430000 1.047097 -0.006057
0.435000 1.042370 -0.006057
0.440000 1.045312 -0.006057
0.445000 1.048867 -0.006057
0.450000 1.042661 -0.006057
0.455000 1.043465 -0.006057
0.460000 1.044982 -0.006057
0.465000 1.049280 -0.006057
0.470000 1.045909 -0.006057
0.475000 1.054329 -0.006057
0.480000 1.044936 -0.006057
0.485000 1.051242 -0.006057
0.490000 1.044040 -0.006057
0.495000 1.045120 -0.006057
0.500000 1.043994 -0.006057
0.505000 1.048361 -0.006057
0.510000 1.038785 -0.006057
0.515000 1.041818 -0.006057
0.520000 1.040079 -0.006057
0.525000 1.040194 -0.006057
0.530000 1.046982 -0.006057
0.535000 1.040094 -0.006057
0.540000 1.041880 -0.006057
0.545000 1.042332 -0.006057
0.550000 1.046331 -0.006057
0.555000 1.039145 -0.006057
0.560000 1.038279 -0.006057
0.565000 1.044055 -0.006057
0.570000 1.044239 -0.006057
0.575000 1.048644 -0.006057
0.580000 1.042163 -0.006057
0.585000 1.044438 -0.006057
0.590000 1.043435 -0.006057
0.595000 1.049824 -0.006057
0.600000 1.049372 -0.006057
0.605000 1.047028 -0.006057
0.610000 1.037528 -0.006057
0.615000 1.043849 -0.006057
0.620000 1.042868 -0.006057
0.625000 1.051517 -0.006057
0.630000 1.045748 -0.006057
0.635000 1.040432 -0.006057
0.640000 1.048284 -0.006057
0.645000 1.045626 0.033941
0.650000 1.045595 0.993881
0.655000 1.046813 0.953884
0.660000 1.046974 -0.006057
0.665000 1.042255 -0.006057
0.670000 1.123625 -0.006057
0.675000 2.242438 -0.006057
0.680000 5.742586 -0.006057
0.685000 10.695791 -0.006057
0.690000 15.823687 -0.006057
0.695000 20.983070 -0.006057
0.700000 26.125835 -0.006057
0.705000 31.094847 -0.006057
0.710000 35.604115 -0.006057
0.715000 39.860149 -0.006057
0.720000 43.633038 -0.006057
0.725000 46.993076 -0.006057
0.730000 49.928440 -0.006057
0.735000 52.471809 -0.006057
0.740000 54.521385 -0.006057
0.745000 56.156685 -0.006057
0.750000 57.229027 -0.006057
0.755000 57.625721 -0.006057
0.760000 57.298069 -0.006057
0.765000 56.406380 -0.006057
0.770000 55.121349 -0.006057
0.775000 53.653782 -0.006057
0.780000 52.150070 -0.006057
0.785000 50.627403 -0.006057
0.790000 49.332764 -0.006057
0.795000 48.281891 -0.006057
0.800000 47.446484 -0.006057
0.805000 46.721256 -0.006057
0.810000 46.084488 -0.006057
0.815000 45.535591 -0.006057
0.820000 45.057011 -0.006057
0.825000 44.624489 -0.006057
0.830000 44.193989 -0.006057
0.835000 43.786491 -0.006057
0.840000 43.408546 -0.006057
0.845000 43.055977 -0.006057
0.850000 42.716770 -0.006057
0.855000 42.417553 -0.006057
0.860000 42.120590 -0.006057
0.865000 41.857811 -0.006057
0.870000 41.609650 -0.006057
0.875000 41.394016 -0.006057
0.880000 41.194534 -0.006057
0.885000 41.006893 -0.006057
0.890000 40.825340 -0.006057
0.895000 40.673218 -0.006057
0.900000 40.520176 -0.006057
0.905000 40.378765 -0.006057
0.910000 40.246181 -0.006057
0.915000 40.132874 -0.006057
0.920000 40.016975 -0.006057
0.925000 39.912460 -0.006057
0.930000 39.802982 -0.006057
0.935000 39.705975 -0.006057
0.940000 39.630634 -0.006057
0.945000 39.548000 -0.006057
0.950000 39.478603 -0.006057
0.955000 39.408886 -0.006057
0.960000 39.351337 -0.006057
0.965000 39.288330 -0.006057
0.970000 39.238411 -0.006057
0.975000 39.183941 -0.006057
0.980000 39.140961 -0.006057
0.985000 39.098225 -0.006057
0.990000 39.048981 -0.006057
0.995000 39.021122 -0.006057
1.000000 38.980030 -0.006057
1.005000 38.955315 -0.006057
1.010000 38.930630 -0.006057
1.015000 38.907692 -0.006057
1.020000 38.867962 -0.006057
1.025000 38.857738 -0.006057
1.030000 38.837975 -0.006057
1.035000 38.822468 -0.006057
1.040000 38.806149 -0.006057
1.045000 38.791073 -0.006057
1.050000 38.795959 -0.006057
1.055000 38.776760 -0.006057
1.060000 38.766037 -0.006057
1.065000 38.756779 -0.006057
1.070000 38.759109 -0.006057
1.075000 38.750175 -0.006057
1.080000 38.740231 -0.006057
1.085000 38.735451 -0.006057
1.090000 38.739082 -0.006057
1.095000 38.732845 -0.006057
1.100000 38.725460 -0.006057
1.105000 38.725815 -0.006057
1.110000 38.723763 -0.006057
1.115000 38.729198 -0.006057
1.120000 38.728603 -0.006057
1.125000 38.737350 -0.006057
1.130000 38.723652 -0.006057
1.135000 38.720924 -0.006057
1.140000 38.738930 -0.006057
1.145000 38.738438 -0.006057
1.150000 38.725323 -0.006057
1.155000 38.727547 -0.006057
1.160000 38.734028 -0.006057
1.165000 38.740952 -0.006057
1.170000 38.736385 -0.006057
1.175000 38.737122 -0.006057
1.180000 38.735943 -0.006057
1.185000 38.734455 -0.006057
1.190000 38.738594 -0.006057
1.195000 38.740295 -0.006057
1.200000 38.742622 -0.006057
1.205000 38.742577 -0.006057
1.210000 38.745121 -0.006057
1.215000 38.750298 -0.006057
1.220000 38.745014 -0.006057
1.225000 38.737553 -0.006057
1.230000 38.747570 -0.006057
1.235000 38.741306 -0.006057
1.240000 38.741734 -0.006057
1.245000 38.746620 -0.006057
1.250000 38.744644 -0.006057
1.255000 38.732971 -0.006057
1.260000 38.736263 -0.006057
1.265000 38.740952 -0.006057
1.270000 38.736401 -0.006057
1.275000 38.731224 -0.006057
1.280000 38.728893 -0.006057
1.285000 38.727329 -0.006057
1.290000 38.721203 -0.006057
1.295000 38.705574 -0.006057
1.300000 38.708622 -0.006057
1.305000 38.703827 -0.006057
1.310000 38.692333 -0.006057
1.315000 38.684902 -0.006057
1.320000 38.674561 -0.006057
1.325000 38.673351 -0.006057
1.330000 38.670147 -0.006057
1.335000 38.654015 -0.006057
1.340000 38.641235 -0.006057
1.345000 38.633648 -0.006057
1.350000 38.635918 -0.006057
1.355000 38.615753 -0.006057
1.360000 38.610008 -0.006057
1.365000 38.592968 -0.006057
1.370000 38.580574 -0.006057
1.375000 38.562355 -0.006057
1.380000 38.554340 -0.006057
1.385000 38.543400 -0.006057
1.390000 38.529503 -0.006057
1.395000 38.509644 -0.006057
1.400000 38.495472 -0.006057
1.405000 38.485943 -0.006057
1.410000 38.464214 -0.006057
1.415000 38.452400 -0.006057
1.420000 38.435329 -0.006057
1.425000 38.415337 -0.006057
1.430000 38.398266 -0.006057
1.435000 38.373428 -0.006057
1.440000 38.354351 -0.006057
1.445000 38.330158 -0.006057
1.450000 38.304508 -0.006057
1.455000 38.286919 -0.006057
1.460000 38.264286 -0.006057
1.465000 38.251598 -0.006057
1.470000 38.222565 -0.006057
1.475000 38.197220 -0.006057
1.480000 38.176399 -0.006057
1.485000 38.155865 -0.006057
1.490000 38.132191 -0.006057
1.495000 38.109116 -0.006057
1.500000 38.088814 -0.006057
1.505000 38.051304 -0.006057
1.510000 38.033501 -0.006057
1.515000 38.011192 -0.006057
1.520000 37.976009 -0.006057
1.525000 37.954681 -0.006057
1.530000 37.927193 -0.006057
1.535000 37.905373 -0.006057
1.540000 37.876324 -0.006057
1.545000 37.852406 -0.006057
1.550000 37.820381 -0.006057
1.555000 37.794193 -0.006057
1.560000 37.761879 -0.006057
1.565000 37.739311 -0.006057
1.570000 37.708786 -0.006057
1.575000 37.683735 -0.006057
1.580000 37.645569 -0.006057
1.585000 37.623196 -0.006057
1.590000 37.587772 -0.006057
1.595000 37.561798 -0.006057
1.600000 37.538784 -0.006057
1.605000 37.501736 -0.006057
1.610000 37.475349 -0.006057
1.615000 37.438225 -0.006057
1.620000 37.412544 -0.006057
1.625000 37.381256 -0.006057
1.630000 37.355469 -0.006057
1.635000 37.319397 -0.006057
1.640000 37.290897 -0.006057
1.645000 37.252747 -0.006057
1.650000 37.221733 -0.006057
1.655000 37.196636 -0.006057
1.660000 37.161255 -0.006057
1.665000 37.124100 -0.006057
1.670000 37.087830 -0.006057
1.675000 37.047134 -0.006057
1.680000 37.026848 -0.006057
1.685000 36.980911 -0.006057
1.690000 36.937717 -0.006057
1.695000 36.909737 -0.006057
1.700000 36.863754 -0.006057
1.705000 36.830875 -0.006057
1.710000 36.780983 -0.006057
1.715000 36.739582 -0.006057
1.720000 36.702763 -0.006057
1.725000 36.655647 -0.006057
1.730000 36.601803 -0.006057
1.735000 36.542629 -0.006057
1.740000 36.480556 -0.006057
1.745000 36.416416 -0.006057
1.750000 36.330795 -0.006057
1.755000 36.272388 -0.006057
1.760000 36.222252 -0.006057
1.765000 36.169758 -0.006057
1.770000 36.113846 -0.006057
1.775000 36.061962 -0.006057
1.780000 36.001671 -0.006057
1.785000 35.943783 -0.006057
1.790000 35.881374 -0.006057
1.795000 35.820698 -0.006057
1.800000 35.766178 -0.006057
1.805000 35.720490 -0.006057
1.810000 35.659580 -0.006057
1.815000 35.611652 -0.006057
1.820000 35.564842 -0.006057
1.825000 35.518570 -0.006057
1.830000 35.469109 -0.006057
1.835000 35.414452 -0.006057
1.840000 35.365559 -0.006057
1.845000 35.323055 -0.006057
1.850000 35.271202 -0.006057
1.855000 35.222507 -0.006057
1.860000 35.172588 -0.006057
1.865000 35.130711 -0.006057
1.870000 35.093586 -0.006057
1.875000 35.037643 -0.006057
1.880000 34.995461 -0.006057
1.885000 34.946827 -0.006057
1.890000 34.900524 -0.006057
1.895000 34.861298 -0.006057
1.900000 34.805141 -0.006057
1.905000 34.759586 -0.006057
1.910000 34.712578 -0.006057
1.915000 34.665157 -0.006057
1.920000 34.622116 -0.006057
1.925000 34.592926 -0.006057
1.930000 34.546623 -0.006057
1.935000 34.497665 -0.006057
1.940000 34.456081 -0.006057
1.945000 34.411110 -0.006057
1.950000 34.366138 -0.006057
1.955000 34.316250 -0.006057
1.960000 34.277115 -0.006057
1.965000 34.239193 -0.006057
1.970000 34.192535 -0.006057
1.975000 34.148529 -0.006057
1.980000 34.116215 -0.006057
1.985000 34.073387 -0.006057
1.990000 34.029781 -0.006057
1.995000 33.993404 -0.006057
2.000000 33.948143 -0.006057
2.005000 33.908627 -0.006057
2.010000 33.870045 -0.006057
2.015000 33.825916 -0.006057
2.020000 33.785694 -0.006057
2.025000 33.744583 -0.006057
2.030000 33.711655 -0.006057
2.035000 33.661507 -0.006057
2.040000 33.622910 -0.006057
2.045000 33.584557 -0.006057
2.050000 33.540092 -0.006057
2.055000 33.507744 -0.006057
2.060000 33.461994 -0.006057
2.065000 33.413940 -0.006057
2.070000 33.379986 -0.006057
2.075000 33.337009 -0.006057
2.080000 33.300125 -0.006057
2.085000 33.252396 -0.006057
2.090000 33.215607 -0.006057
2.095000 33.170231 -0.006057
2.100000 33.129158 -0.006057
2.105000 33.081413 -0.006057
2.110000 33.036980 -0.006057
2.115000 32.993786 -0.006057
2.120000 32.959072 -0.006057
2.125000 32.922428 -0.006057
2.130000 32.875175 -0.006057
2.135000 32.832027 -0.006057
2.140000 32.786205 -0.006057
2.145000 32.757389 -0.006057
2.150000 32.717522 -0.006057
2.155000 32.676556 -0.006057
2.160000 32.634674 -0.006057
2.165000 32.603008 -0.006057
2.170000 32.555317 -0.006057
2.175000 32.515053 -0.006057
2.180000 32.485188 -0.006057
2.185000 32.442261 -0.006057
2.190000 32.409019 -0.006057
2.195000 32.364555 -0.006057
2.200000 32.321644 -0.006057
2.205000 32.287144 -0.006057
2.210000 32.243561 -0.006057
2.215000 32.212433 -0.006057
2.220000 32.168495 -0.006057
2.225000 32.137814 -0.006057
2.230000 32.098167 -0.006057
2.235000 32.053532 -0.006057
2.240000 32.020329 -0.006057
2.245000 31.975050 -0.006057
2.250000 31.934340 -0.006057
2.255000 31.901764 -0.006057
2.260000 31.865763 -0.006057
2.265000 31.826040 -0.006057
2.270000 31.790094 -0.006057
2.275000 31.744610 -0.006057
2.280000 31.707636 -0.006057
2.285000 31.668793 -0.006057
2.290000 31.635038 -0.006057
2.295000 31.596403 -0.006057
2.300000 31.555523 -0.006057
2.305000 31.522871 -0.006057
2.310000 31.486349 -0.006057
2.315000 31.442528 -0.006057
2.320000 31.408091 -0.006057
2.325000 31.377920 -0.006057
2.330000 31.338480 -0.006057
2.335000 31.293303 -0.006057
2.340000 31.259087 -0.006057
2.345000 31.219624 -0.006057
2.350000 31.178867 -0.006057
2.355000 31.143417 -0.006057
2.360000 31.099888 -0.006057
2.365000 31.067244 -0.006057
2.370000 31.022717 -0.006057
2.375000 30.984432 -0.006057
2.380000 30.956446 -0.006057
2.385000 30.914976 -0.006057
2.390000 30.870173 -0.006057
2.395000 30.837238 -0.006057
2.400000 30.804655 -0.006057
2.405000 30.767881 -0.006057
2.410000 30.725737 -0.006057
2.415000 30.683577 -0.006057
2.420000 30.649078 -0.006057
2.425000 30.617783 -0.006057
2.430000 30.590378 -0.006057
2.435000 30.544289 -0.006057
2.440000 30.508602 -0.006057
2.445000 30.470825 -0.006057
2.450000 30.437023 -0.006057
2.455000 30.404081 -0.006057
2.460000 30.367306 -0.006057
2.465000 30.326786 -0.006057
2.470000 30.289415 -0.006057
2.475000 30.246628 -0.006057
2.480000 30.212894 -0.006057
2.485000 30.185276 -0.006057
2.490000 30.153383 -0.006057
2.495000 30.120661 -0.006057
2.500000 30.074810 -0.006057
2.505000 30.041874 -0.006057
2.510000 30.016331 -0.006057
2.515000 29.974653 -0.006057
2.520000 29.933758 -0.006057
2.525000 29.899460 -0.006057
2.530000 29.865995 -0.006057
2.535000 29.827782 -0.006057
2.540000 29.794701 -0.006057
2.545000 29.752747 -0.006057
2.550000 29.719810 -0.006057
2.555000 29.690577 -0.006057
2.560000 29.647352 -0.006057
2.565000 29.620760 -0.006057
2.570000 29.584192 -0.006057
2.575000 29.552193 -0.006057
2.580000 29.508362 -0.006057
2.585000 29.481739 -0.006057
2.590000 29.445288 -0.006057
2.595000 29.399803 -0.006057
2.600000 29.367525 -0.006057
2.605000 29.336788 -0.006057
2.610000 29.296967 -0.006057
2.615000 29.263662 -0.006057
2.620000 29.223595 -0.006057
2.625000 29.193439 -0.006057
2.630000 29.155157 -0.006057
2.635000 29.122658 -0.006057
2.640000 29.083027 -0.006057
2.645000 29.050068 -0.006057
2.650000 29.011709 -0.006057
2.655000 28.976950 -0.006057
2.660000 28.958609 -0.006057
2.665000 29.025835 -0.006057
2.670000 29.220070 -0.006057
2.675000 29.492626 -0.006057
2.680000 29.856205 -0.006057
2.685000 30.308039 -0.006057
2.690000 30.755562 -0.006057
2.695000 31.172102 -0.006057
2.700000 31.535572 -0.006057
2.705000 31.849207 -0.006057
2.710000 32.105175 -0.006057
2.715000 32.279202 -0.006057
2.720000 32.399727 -0.006057
2.725000 32.449516 -0.006057
2.730000 32.437542 -0.006057
2.735000 32.370998 -0.006057
2.740000 32.250633 -0.006057
2.745000 32.078186 -0.006057
2.750000 31.849199 -0.006057
2.755000 31.539618 -0.006057
2.760000 31.149799 -0.006057
2.765000 30.655346 -0.006057
2.770000 30.080793 -0.006057
2.775000 29.429880 -0.006057
2.780000 28.730127 -0.006057
2.785000 27.962290 -0.006057
2.790000 27.112364 -0.006057
2.795000 26.272894 -0.006057
2.800000 25.369238 -0.006057
2.805000 24.481302 -0.006057
2.810000 23.603428 -0.006057
2.815000 22.734133 -0.006057
2.820000 21.898125 -0.006057
2.825000 21.101452 -0.006057
2.830000 20.331997 -0.006057
2.835000 19.578999 -0.006057
2.840000 18.865526 -0.006057
2.845000 18.165443 -0.006057
2.850000 17.480715 -0.006057
2.855000 16.839043 -0.006057
2.860000 16.216078 -0.006057
2.865000 15.612858 -0.006057
2.870000 15.033578 -0.006057
2.875000 14.467391 -0.006057
2.880000 13.895826 -0.006057
2.885000 13.378043 -0.006057
2.890000 12.860114 -0.006057
2.895000 12.368425 -0.006057
2.900000 11.917264 -0.006057
2.905000 11.476660 -0.006057
2.910000 11.053539 -0.006057
2.915000 10.640263 -0.006057
2.920000 10.249808 -0.006057
2.925000 9.894229 -0.006057
2.930000 9.549336 -0.006057
2.935000 9.223260 -0.006057
2.940000 8.914237 -0.006057
2.945000 8.631721 -0.006057
2.950000 8.356194 -0.006057
2.955000 8.084650 -0.006057
2.960000 7.855365 -0.006057
2.965000 7.620296 -0.006057
2.970000 7.397286 -0.006057
2.975000 7.195374 -0.006057
2.980000 7.015068 -0.006057
2.985000 6.828693 -0.006057
2.990000 6.667555 -0.006057
2.995000 6.511067 -0.006057
3.000000 6.358708 -0.006057
3.005000 6.223603 -0.006057
3.010000 6.084307 -0.006057
3.015000 5.965206 -0.006057
3.020000 5.853582 -0.006057
3.025000 5.742257 -0.006057
3.030000 5.635712 -0.006057
3.035000 5.538767 -0.006057
3.040000 5.439861 -0.006057
3.045000 5.351995 -0.006057
3.050000 5.267100 -0.006057
3.055000 5.182222 -0.006057
3.060000 5.093896 -0.006057
3.065000 5.028630 -0.006057
3.070000 4.956385 -0.006057
3.075000 4.887648 -0.006057
3.080000 4.825416 -0.006057
3.085000 4.762334 -0.006057
3.090000 4.703725 -0.006057
3.095000 4.643148 -0.006057
3.100000 4.593189 -0.006057
3.105000 4.549720 -0.006057
3.110000 4.504771 -0.006057
3.115000 4.452070 -0.006057
3.120000 4.421187 -0.006057
3.125000 4.375182 -0.006057
3.130000 4.334708 -0.006057
3.135000 4.288503 -0.006057
3.140000 4.246129 -0.006057
3.145000 4.209493 -0.006057
3.150000 4.174351 -0.006057
3.155000 4.125603 -0.006057
3.160000 4.089258 -0.006057
3.165000 4.049044 -0.006057
3.170000 4.011780 -0.006057
3.175000 3.977787 -0.006057
3.180000 3.940263 -0.006057
3.185000 3.919815 -0.006057
3.190000 3.892717 -0.006057
3.195000 3.866585 -0.006057
3.200000 3.825030 -0.006057
3.205000 3.801594 -0.006057
3.210000 3.775937 -0.006057
3.215000 3.744197 -0.006057
3.220000 3.717942 -0.006057
3.225000 3.695203 -0.006057
3.230000 3.671614 -0.006057
3.235000 3.650446 -0.006057
3.240000 3.626880 -0.006057
3.245000 3.605054 -0.006057
3.250000 3.576278 -0.006057
3.255000 3.561668 -0.006057
3.260000 3.536823 -0.006057
3.265000 3.512997 -0.006057
3.270000 3.490235 -0.006057
3.275000 3.467788 -0.006057
3.280000 3.449431 -0.006057
3.285000 3.431489 -0.006057
3.290000 3.411485 -0.006057
3.295000 3.391819 -0.006057
3.300000 3.373539 -0.006057
3.305000 3.350058 -0.006057
3.310000 3.334590 -0.006057
3.315000 3.322332 -0.006057
3.320000 3.296085 -0.006057
3.325000 3.281337 -0.006057
3.330000 3.271921 -0.006057
3.335000 3.249757 -0.006057
3.340000 3.234036 -0.006057
3.345000 3.229240 -0.006057
3.350000 3.208279 -0.006057
3.355000 3.188421 -0.006057
3.360000 3.170004 -0.006057
3.365000 3.159470 -0.006057
3.370000 3.146216 -0.006057
3.375000 3.127201 -0.006057
3.380000 3.125033 -0.006057
3.385000 3.111725 -0.006057
3.390000 3.092649 -0.006057
3.395000 3.074407 -0.006057
3.400000 3.061161 -0.006057
3.405000 3.058771 -0.006057
3.410000 3.045241 -0.006057
3.415000 3.031198 -0.006057
3.420000 3.015033 -0.006057
3.425000 3.005326 -0.006057
3.430000 2.994279 -0.006057
3.435000 2.985943 -0.006057
3.440000 2.968897 -0.006057
3.445000 2.955934 -0.006057
3.450000 2.947170 -0.006057
3.455000 2.941447 -0.006057
