0.000000 -62.270611 -0.006057
0.005000 0.558388 -0.006057
0.010000 1.770905 -0.006057
0.015000 1.818466 -0.006057
0.020000 1.820703 -0.006057
0.025000 1.818888 -0.006057
0.030000 1.817363 -0.006057
0.035000 1.806913 -0.006057
0.040000 1.815854 -0.006057
0.045000 1.818190 -0.006057
0.050000 1.818796 -0.006057
0.055000 1.817424 -0.006057
0.060000 1.812376 -0.006057
0.065000 1.820795 -0.006057
0.070000 1.816490 -0.006057
0.075000 1.819661 -0.006057
0.080000 1.815685 -0.006057
0.085000 1.824312 -0.006057
0.090000 1.816689 -0.006057
0.095000 1.817593 -0.006057
0.100000 1.815478 -0.006057
0.105000 1.820374 -0.006057
0.110000 1.817769 -0.006057
0.115000 1.821117 -0.006057
0.120000 1.815233 -0.006057
0.125000 1.818083 -0.006057
0.130000 1.815555 -0.006057
0.135000 1.822090 -0.006057
0.140000 1.815118 -0.006057
0.145000 1.821653 -0.006057
0.150000 1.821378 -0.006057
0.155000 1.816674 -0.006057
0.160000 1.822565 -0.006057
0.165000 1.819202 -0.006057
0.170000 1.821155 -0.006057
0.175000 1.814766 -0.006057
0.180000 1.813854 -0.006057
0.185000 1.822818 -0.006057
0.190000 1.830602 -0.006057
0.195000 1.825599 -0.006057
0.200000 1.817325 -0.006057
0.205000 1.820971 -0.006057
0.210000 1.821332 -0.006057
0.215000 1.817961 -0.006057
0.220000 1.821056 -0.006057
0.225000 1.828977 -0.006057
0.230000 1.825538 -0.006057
0.235000 1.826733 -0.006057
0.240000 1.819554 -0.006057
0.245000 1.819945 -0.006057
0.250000 1.815861 -0.006057
0.255000 1.822772 -0.006057
0.260000 1.819340 -0.006057
0.265000 1.820979 -0.006057
0.270000 1.810843 -0.006057
0.275000 1.822289 -0.006057
0.280000 1.819684 -0.006057
0.285000 1.815570 -0.006057
0.290000 1.818190 -0.006057
0.295000 1.812345 -0.006057
0.300000 1.818926 -0.006057
0.305000 1.818658 -0.006057
0.310000 1.824028 -0.006057
0.315000 1.805488 -0.006057
0.320000 1.818206 -0.006057
0.325000 1.818696 -0.006057
0.330000 1.829682 -0.006057
0.335000 1.815739 -0.006057
0.340000 1.813892 -0.006057
0.345000 1.813379 -0.006057
0.350000 1.821990 -0.006057
0.355000 1.810054 -0.006057
0.360000 1.814184 -0.006057
0.365000 1.816566 -0.006057
0.370000 1.817777 -0.006057
0.375000 1.812943 -0.006057
0.380000 1.816091 -0.006057
0.385000 1.816482 -0.006057
0.390000 1.820818 -0.006057
0.395000 1.815563 -0.006057
0.400000 1.811165 -0.006057
0.405000 1.818704 -0.006057
0.410000 1.809104 -0.006057
0.415000 1.810637 -0.006057
0.420000 1.811609 -0.006057
0.425000 1.808001 -0.006057
0.430000 1.808744 -0.006057
0.435000 1.805703 -0.006057
0.440000 1.814819 -0.006057
0.445000 1.816352 -0.006057
0.450000 1.816045 -0.006057
0.455000 1.808752 -0.006057
0.460000 1.809870 -0.006057
0.465000 1.807572 -0.006057
0.470000 1.809962 -0.006057
0.475000 1.812766 -0.006057
0.480000 1.801274 -0.006057
0.485000 1.805136 -0.006057
0.490000 1.804515 -0.006057
0.495000 1.809089 -0.006057
0.500000 1.807472 -0.006057
0.505000 1.806293 -0.006057
0.510000 1.811288 -0.006057
0.515000 1.815953 -0.006057
0.520000 1.802960 -0.006057
0.525000 1.812996 -0.006057
0.530000 1.800953 -0.006057
0.535000 1.801995 -0.006057
0.540000 1.803075 -0.006057
0.545000 1.811793 -0.006057
0.550000 1.812061 -0.006057
0.555000 1.803420 -0.006057
0.560000 1.803412 -0.006057
0.565000 1.810070 -0.006057
0.570000 1.810851 -0.006057
0.575000 1.805266 -0.006057
0.580000 1.813586 -0.006057
0.585000 1.808085 -0.006057
0.590000 1.812238 -0.006057
0.595000 1.803197 -0.006057
0.600000 1.812835 -0.006057
0.605000 1.807051 -0.006057
0.610000 1.809526 -0.006057
0.615000 1.808484 -0.006057
0.620000 1.805879 -0.006057
0.625000 1.808009 -0.006057
0.630000 1.809349 -0.006057
0.635000 1.802546 -0.006057
0.640000 1.807955 -0.006057
0.645000 1.814092 0.173960
0.650000 1.814444 2.994223
0.655000 1.813563 2.814206
0.660000 1.804408 -0.006057
0.665000 1.808016 -0.006057
0.670000 1.831023 -0.006057
0.675000 1.916583 -0.006057
0.680000 2.039783 -0.006057
0.685000 2.210989 -0.006057
0.690000 2.397095 -0.006057
0.695000 2.574812 -0.006057
0.700000 2.770242 -0.006057
0.705000 2.941386 -0.006057
0.710000 3.101750 -0.006057
0.715000 3.234634 -0.006057
0.720000 3.358171 -0.006057
0.725000 3.468446 -0.006057
0.730000 3.566472 -0.006057
0.735000 3.641444 -0.006057
0.740000 3.714578 -0.006057
0.745000 3.764553 -0.006057
0.750000 3.810842 -0.006057
0.755000 3.828815 -0.006057
0.760000 3.853254 -0.006057
0.765000 3.858655 -0.006057
0.770000 3.854909 -0.006057
0.775000 3.853966 -0.006057
0.780000 3.822150 -0.006057
0.785000 3.807248 -0.006057
0.790000 3.773555 -0.006057
0.795000 3.729204 -0.006057
0.800000 3.681758 -0.006057
0.805000 3.630742 -0.006057
0.810000 3.555018 -0.006057
0.815000 3.497483 -0.006057
0.820000 3.426524 -0.006057
0.825000 3.360600 -0.006057
0.830000 3.280011 -0.006057
0.835000 3.207077 -0.006057
0.840000 3.130212 -0.006057
0.845000 3.051370 -0.006057
0.850000 2.983668 -0.006057
0.855000 2.902781 -0.006057
0.860000 2.843874 -0.006057
0.865000 2.779972 -0.006057
0.870000 2.720873 -0.006057
0.875000 2.657346 -0.006057
0.880000 2.602561 -0.006057
0.885000 2.556417 -0.006057
0.890000 2.509278 -0.006057
0.895000 2.449291 -0.006057
0.900000 2.412226 -0.006057
0.905000 2.377045 -0.006057
0.910000 2.342279 -0.006057
0.915000 2.303804 -0.006057
0.920000 2.261744 -0.006057
0.925000 2.237128 -0.006057
0.930000 2.207189 -0.006057
0.935000 2.186480 -0.006057
0.940000 2.165481 -0.006057
0.945000 2.141157 -0.006057
0.950000 2.122463 -0.006057
0.955000 2.093044 -0.006057
0.960000 2.075063 -0.006057
0.965000 2.064284 -0.006057
0.970000 2.042051 -0.006057
0.975000 2.026269 -0.006057
0.980000 2.011621 -0.006057
0.985000 1.993441 -0.006057
0.990000 1.999876 -0.006057
0.995000 1.978111 -0.006057
1.000000 1.973882 -0.006057
1.005000 1.958889 -0.006057
1.010000 1.947581 -0.006057
1.015000 1.938839 -0.006057
1.020000 1.934855 -0.006057
1.025000 1.922590 -0.006057
1.030000 1.916599 -0.006057
1.035000 1.908531 -0.006057
1.040000 1.907827 -0.006057
1.045000 1.893232 -0.006057
1.050000 1.900418 -0.006057
1.055000 1.893454 -0.006057
1.060000 1.884077 -0.006057
1.065000 1.883502 -0.006057
1.070000 1.874500 -0.006057
1.075000 1.881510 -0.006057
1.080000 1.864878 -0.006057
1.085000 1.870946 -0.006057
1.090000 1.869199 -0.006057
1.095000 1.861017 -0.006057
1.100000 1.857554 -0.006057
1.105000 1.855049 -0.006057
1.110000 1.857217 -0.006057
1.115000 1.850498 -0.006057
1.120000 1.839887 -0.006057
1.125000 1.850651 -0.006057
1.130000 1.850245 -0.006057
1.135000 1.847931 -0.006057
1.140000 1.843143 -0.006057
1.145000 1.835413 -0.006057
1.150000 1.845196 -0.006057
1.155000 1.831881 -0.006057
1.160000 1.833191 -0.006057
1.165000 1.827315 -0.006057
1.170000 1.832387 -0.006057
1.175000 1.828518 -0.006057
1.180000 1.824381 -0.006057
1.185000 1.831077 -0.006057
1.190000 1.833888 -0.006057
1.195000 1.828411 -0.006057
1.200000 1.828326 -0.006057
1.205000 1.831199 -0.006057
1.210000 1.827943 -0.006057
1.215000 1.834861 -0.006057
1.220000 1.827951 -0.006057
1.225000 1.828541 -0.006057
1.230000 1.832563 -0.006057
1.235000 1.829866 -0.006057
1.240000 1.826342 -0.006057
1.245000 1.822917 -0.006057
1.250000 1.823323 -0.006057
1.255000 1.825714 -0.006057
1.260000 1.824327 -0.006057
1.265000 1.820029 -0.006057
1.270000 1.819815 -0.006057
1.275000 1.816888 -0.006057
1.280000 1.822473 -0.006057
1.285000 1.822496 -0.006057
1.290000 1.825951 -0.006057
1.295000 1.826066 -0.006057
1.300000 1.824197 -0.006057
1.305000 1.827353 -0.006057
1.310000 1.827828 -0.006057
1.315000 1.829813 -0.006057
1.320000 1.826059 -0.006057
1.325000 1.829291 -0.006057
1.330000 1.827752 -0.006057
1.335000 1.832165 -0.006057
1.340000 1.823561 -0.006057
1.345000 1.826250 -0.006057
1.350000 1.817792 -0.006057
1.355000 1.829092 -0.006057
1.360000 1.822772 -0.006057
1.365000 1.824312 -0.006057
1.370000 1.812812 -0.006057
1.375000 1.814590 -0.006057
1.380000 1.808629 -0.006057
1.385000 1.801474 -0.006057
1.390000 1.803312 -0.006057
1.395000 1.808499 -0.006057
1.400000 1.811793 -0.006057
1.405000 1.812368 -0.006057
1.410000 1.817141 -0.006057
1.415000 1.813609 -0.006057
1.420000 1.810828 -0.006057
1.425000 1.815111 -0.006057
1.430000 1.815111 -0.006057
1.435000 1.811280 -0.006057
1.440000 1.813663 -0.006057
1.445000 1.816398 -0.006057
1.450000 1.813303 -0.006057
1.455000 1.816076 -0.006057
1.460000 1.821401 -0.006057
1.465000 1.824802 -0.006057
1.470000 1.813716 -0.006057
1.475000 1.818489 -0.006057
1.480000 1.807480 -0.006057
1.485000 1.810024 -0.006057
1.490000 1.801443 -0.006057
1.495000 1.812130 -0.006057
1.500000 1.809188 -0.006057
1.505000 1.807365 -0.006057
1.510000 1.808790 -0.006057
1.515000 1.807258 -0.006057
1.520000 1.814567 -0.006057
1.525000 1.806377 -0.006057
1.530000 1.808170 -0.006057
1.535000 1.805534 -0.006057
1.540000 1.802868 -0.006057
1.545000 1.799620 -0.006057
1.550000 1.801658 -0.006057
1.555000 1.795590 -0.006057
1.560000 1.797620 -0.006057
1.565000 1.795996 -0.006057
1.570000 1.796747 -0.006057
1.575000 1.796923 -0.006057
1.580000 1.791070 -0.006057
1.585000 1.790564 -0.006057
1.590000 1.801719 -0.006057
1.595000 1.796149 -0.006057
1.600000 1.789108 -0.006057
1.605000 1.797881 -0.006057
1.610000 1.793927 -0.006057
1.615000 1.799451 -0.006057
1.620000 1.794042 -0.006057
1.625000 1.794839 -0.006057
1.630000 1.793353 -0.006057
1.635000 1.794425 -0.006057
1.640000 1.788542 -0.006057
1.645000 1.786871 -0.006057
1.650000 1.789698 -0.006057
1.655000 1.790442 -0.006057
1.660000 1.784558 -0.006057
1.665000 1.790281 -0.006057
1.670000 1.786105 -0.006057
1.675000 1.785285 -0.006057
1.680000 1.788587 -0.006057
1.685000 1.784519 -0.006057
1.690000 1.789484 -0.006057
1.695000 1.783240 -0.006057
1.700000 1.789361 -0.006057
1.705000 1.786151 -0.006057
1.710000 1.781593 -0.006057
1.715000 1.789185 -0.006057
1.720000 1.783715 -0.006057
1.725000 1.792924 -0.006057
1.730000 1.785768 -0.006057
1.735000 1.791108 -0.006057
1.740000 1.788618 -0.006057
1.745000 1.791008 -0.006057
1.750000 1.782987 -0.006057
1.755000 1.793000 -0.006057
1.760000 1.788358 -0.006057
1.765000 1.791192 -0.006057
1.770000 1.782765 -0.006057
1.775000 1.785715 -0.006057
1.780000 1.782926 -0.006057
1.785000 1.779072 -0.006057
1.790000 1.788480 -0.006057
1.795000 1.782037 -0.006057
1.800000 1.790763 -0.006057
1.805000 1.784719 -0.006057
1.810000 1.784680 -0.006057
1.815000 1.788266 -0.006057
1.820000 1.783815 -0.006057
1.825000 1.781884 -0.006057
1.830000 1.781585 -0.006057
1.835000 1.784573 -0.006057
1.840000 1.785592 -0.006057
1.845000 1.783240 -0.006057
1.850000 1.786971 -0.006057
1.855000 1.787071 -0.006057
1.860000 1.782895 -0.006057
1.865000 1.776904 -0.006057
1.870000 1.785071 -0.006057
1.875000 1.787262 -0.006057
1.880000 1.789116 -0.006057
1.885000 1.787860 -0.006057
1.890000 1.787323 -0.006057
1.895000 1.786596 -0.006057
1.900000 1.773847 -0.006057
1.905000 1.791537 -0.006057
1.910000 1.781792 -0.006057
1.915000 1.789246 -0.006057
1.920000 1.784481 -0.006057
1.925000 1.791606 -0.006057
1.930000 1.792410 -0.006057
1.935000 1.788128 -0.006057
1.940000 1.787722 -0.006057
1.945000 1.784719 -0.006057
1.950000 1.789170 -0.006057
1.955000 1.785669 -0.006057
