0.000000 -63.009399 -0.006057
0.005000 -1.590062 -0.006057
0.010000 -0.408442 -0.006057
0.015000 -0.368182 -0.006057
0.020000 -0.363969 -0.006057
0.025000 -0.366083 -0.006057
0.030000 -0.366910 -0.006057
0.035000 -0.370281 -0.006057
0.040000 -0.354017 -0.006057
0.045000 -0.369140 -0.006057
0.050000 -0.357809 -0.006057
0.055000 -0.361823 -0.006057
0.060000 -0.360628 -0.006057
0.065000 -0.353113 -0.006057
0.070000 -0.361142 -0.006057
0.075000 -0.356231 -0.006057
0.080000 -0.367294 -0.006057
0.085000 -0.362498 -0.006057
0.090000 -0.364804 -0.006057
0.095000 -0.359862 -0.006057
0.100000 -0.362505 -0.006057
0.105000 -0.354262 -0.006057
0.110000 -0.357694 -0.006057
0.115000 -0.358307 -0.006057
0.120000 -0.355610 -0.006057
0.125000 -0.351810 -0.006057
0.130000 -0.360391 -0.006057
0.135000 -0.353978 -0.006057
0.140000 -0.353113 -0.006057
0.145000 -0.353496 -0.006057
0.150000 -0.347244 -0.006057
0.155000 -0.358636 -0.006057
0.160000 -0.352063 -0.006057
0.165000 -0.361517 -0.006057
0.170000 -0.353189 -0.006057
0.175000 -0.352055 -0.006057
0.180000 -0.352293 -0.006057
0.185000 -0.347535 -0.006057
0.190000 -0.349290 -0.006057
0.195000 -0.349497 -0.006057
0.200000 -0.351504 -0.006057
0.205000 -0.342954 -0.006057
0.210000 -0.344172 -0.006057
0.215000 -0.348470 -0.006057
0.220000 -0.346378 -0.006057
0.225000 -0.340732 -0.006057
0.230000 -0.340579 -0.006057
0.235000 -0.344731 -0.006057
0.240000 -0.350722 -0.006057
0.245000 -0.345436 -0.006057
0.250000 -0.349987 -0.006057
0.255000 -0.348455 -0.006057
0.260000 -0.356667 -0.006057
0.265000 -0.343521 -0.006057
0.270000 -0.352546 -0.006057
0.275000 -0.341115 -0.006057
0.280000 -0.354675 -0.006057
0.285000 -0.351504 -0.006057
0.290000 -0.342034 -0.006057
0.295000 -0.346608 -0.006057
0.300000 -0.343414 -0.006057
0.305000 -0.348003 -0.006057
0.310000 -0.337453 -0.006057
0.315000 -0.344555 -0.006057
0.320000 -0.334297 -0.006057
0.325000 -0.341690 -0.006057
0.330000 -0.337514 -0.006057
0.335000 -0.346057 -0.006057
0.340000 -0.353641 -0.006057
0.345000 -0.341828 -0.006057
0.350000 -0.339391 -0.006057
0.355000 -0.337200 -0.006057
0.360000 -0.342747 -0.006057
0.365000 -0.339315 -0.006057
0.370000 -0.338081 -0.006057
0.375000 -0.342011 -0.006057
0.380000 -0.343436 -0.006057
0.385000 -0.340495 -0.006057
0.390000 -0.334036 -0.006057
0.395000 -0.335492 -0.006057
0.400000 -0.347413 -0.006057
0.405000 -0.346861 -0.006057
0.410000 -0.345260 -0.006057
0.415000 -0.349351 -0.006057
0.420000 -0.346899 -0.006057
0.425000 -0.342931 -0.006057
0.430000 -0.342877 -0.006057
0.435000 -0.346317 -0.006057
0.440000 -0.345275 -0.006057
0.445000 -0.352048 -0.006057
0.450000 -0.341981 -0.006057
0.455000 -0.351649 -0.006057
0.460000 -0.347382 -0.006057
0.465000 -0.348907 -0.006057
0.470000 -0.349826 -0.006057
0.475000 -0.353067 -0.006057
0.480000 -0.352730 -0.006057
0.485000 -0.349926 -0.006057
0.490000 -0.354829 -0.006057
0.495000 -0.351167 -0.006057
0.500000 -0.353534 -0.006057
0.505000 -0.349221 -0.006057
0.510000 -0.350025 -0.006057
0.515000 -0.349458 -0.006057
0.520000 -0.366627 -0.006057
0.525000 -0.359303 -0.006057
0.530000 -0.354346 -0.006057
0.535000 -0.360988 -0.006057
0.540000 -0.355664 -0.006057
0.545000 -0.347773 -0.006057
0.550000 -0.350561 -0.006057
0.555000 -0.357702 -0.006057
0.560000 -0.359372 -0.006057
0.565000 -0.358744 -0.006057
0.570000 -0.351833 -0.006057
0.575000 -0.360437 -0.006057
0.580000 -0.357755 -0.006057
0.585000 -0.354829 -0.006057
0.590000 -0.361440 -0.006057
0.595000 -0.364681 -0.006057
0.600000 -0.355465 -0.006057
0.605000 -0.361241 -0.006057
0.610000 -0.363585 -0.006057
0.615000 -0.350439 -0.006057
0.620000 -0.362321 -0.006057
0.625000 -0.360406 -0.006057
0.630000 -0.357173 -0.006057
0.635000 -0.353649 -0.006057
0.640000 -0.352331 -0.006057
0.645000 -0.354461 0.113954
0.650000 -0.355082 2.994223
0.655000 -0.356913 2.874212
0.660000 -0.357702 -0.006057
0.665000 -0.354806 -0.006057
0.670000 -0.274110 -0.006057
0.675000 -0.028101 -0.006057
0.680000 0.370282 1.134049
0.685000 0.831043 2.994223
0.690000 1.297779 1.854116
0.695000 1.749025 -0.006057
0.700000 2.218872 -0.006057
0.705000 2.701115 -0.006057
0.710000 3.221434 -0.006057
0.715000 3.734214 2.154144
0.720000 4.232247 2.994223
0.725000 4.692058 0.834021
0.730000 5.136592 -0.006057
0.735000 5.546727 -0.006057
0.740000 5.982512 -0.006057
0.745000 6.414222 0.173960
0.750000 6.813601 2.994223
0.755000 7.191567 2.814206
0.760000 7.532966 -0.006057
0.765000 7.855166 -0.006057
0.770000 8.152552 -0.006057
0.775000 8.474782 -0.006057
0.780000 8.772535 1.194055
0.785000 9.053625 2.994223
0.790000 9.287867 1.794111
0.795000 9.502955 -0.006057
0.800000 9.698416 -0.006057
0.805000 9.945153 -0.006057
0.810000 10.548726 -0.006057
0.815000 11.787238 2.214150
0.820000 13.544675 2.994223
0.825000 15.587982 0.774016
0.830000 17.848248 -0.006057
0.835000 20.204912 -0.006057
0.840000 22.578005 -0.006057
0.845000 24.911051 0.233966
0.850000 27.191036 2.994223
0.855000 29.358126 2.754200
0.860000 31.384594 -0.006057
0.865000 33.232952 -0.006057
0.870000 34.862694 -0.006057
0.875000 36.265491 -0.006057
0.880000 37.464840 1.254061
0.885000 38.449459 2.994223
0.890000 39.243851 1.734105
0.895000 39.804928 -0.006057
0.900000 40.161018 -0.006057
0.905000 40.321033 -0.006057
0.910000 40.283905 -0.006057
0.915000 40.088684 2.274156
0.920000 39.710327 2.994223
0.925000 39.137390 0.714010
0.930000 38.378178 -0.006057
0.935000 37.522083 -0.006057
0.940000 36.630135 -0.006057
0.945000 35.697674 0.293971
0.950000 34.741062 2.994223
0.955000 33.759937 2.694195
0.960000 32.717842 -0.006057
0.965000 31.630932 -0.006057
0.970000 30.479437 -0.006057
0.975000 29.283253 -0.006057
0.980000 28.091099 1.314066
0.985000 26.900070 2.994223
0.990000 25.743143 1.674100
0.995000 24.607935 -0.006057
1.000000 23.528179 -0.006057
1.005000 22.559656 -0.006057
1.010000 21.701431 -0.006057
1.015000 20.914173 2.334161
1.020000 20.176682 2.994223
1.025000 19.482384 0.654005
1.030000 18.818602 -0.006057
1.035000 18.187624 -0.006057
1.040000 17.627565 -0.006057
1.045000 17.142511 0.353977
1.050000 16.695379 2.994223
1.055000 16.289848 2.634189
1.060000 15.894170 -0.006057
1.065000 15.523995 -0.006057
1.070000 15.188541 -0.006057
1.075000 14.913450 -0.006057
1.080000 14.676497 1.374072
1.085000 14.465100 2.994223
1.090000 14.258976 1.614094
1.095000 14.070977 -0.006057
1.100000 13.881822 -0.006057
1.105000 13.770764 -0.006057
1.110000 14.017939 -0.006057
1.115000 15.059082 2.394167
1.120000 16.714188 2.994223
1.125000 18.683718 0.593999
1.130000 20.836006 -0.006057
1.135000 23.084541 -0.006057
1.140000 25.343113 -0.006057
1.145000 27.564030 -0.006057
1.150000 29.720018 -0.006057
1.155000 31.738665 -0.006057
1.160000 33.621040 -0.006057
1.165000 35.303535 -0.006057
1.170000 36.775223 -0.006057
1.175000 38.015804 -0.006057
1.180000 39.012756 -0.006057
1.185000 39.774403 -0.006057
1.190000 40.284763 -0.006057
1.195000 40.529186 -0.006057
1.200000 40.530415 -0.006057
1.205000 40.288303 -0.006057
1.210000 39.829750 -0.006057
1.215000 39.225494 -0.006057
1.220000 38.553391 -0.006057
1.225000 37.800552 -0.006057
1.230000 36.949501 -0.006057
1.235000 35.984356 -0.006057
1.240000 34.928486 -0.006057
1.245000 33.769085 -0.006057
1.250000 32.531593 -0.006057
1.255000 31.235115 -0.006057
1.260000 29.888489 -0.006057
1.265000 28.501717 -0.006057
1.270000 27.120092 -0.006057
1.275000 25.778906 -0.006057
1.280000 24.479931 -0.006057
1.285000 23.233957 -0.006057
1.290000 22.042517 -0.006057
1.295000 20.907124 -0.006057
1.300000 19.847265 -0.006057
1.305000 18.872414 -0.006057
1.310000 17.945827 -0.006057
1.315000 17.091381 -0.006057
1.320000 16.282808 -0.006057
1.325000 15.529626 -0.006057
1.330000 14.826909 -0.006057
1.335000 14.172412 -0.006057
1.340000 13.546873 -0.006057
1.345000 12.965280 -0.006057
1.350000 12.406034 -0.006057
1.355000 11.876192 -0.006057
1.360000 11.375586 -0.006057
1.365000 10.902843 -0.006057
1.370000 10.448296 -0.006057
1.375000 10.013084 -0.006057
1.380000 9.600926 -0.006057
1.385000 9.206619 -0.006057
1.390000 8.839111 -0.006057
1.395000 8.478321 -0.006057
1.400000 8.143220 -0.006057
1.405000 7.811106 -0.006057
1.410000 7.496016 -0.006057
1.415000 7.205962 -0.006057
1.420000 6.923708 -0.006057
1.425000 6.653029 -0.006057
1.430000 6.398202 -0.006057
1.435000 6.147106 -0.006057
1.440000 5.916511 -0.006057
1.445000 5.693792 -0.006057
1.450000 5.479255 -0.006057
1.455000 5.277680 -0.006057
1.460000 5.087790 -0.006057
1.465000 4.898834 -0.006057
1.470000 4.730823 -0.006057
1.475000 4.570895 -0.006057
1.480000 4.404562 -0.006057
1.485000 4.262807 -0.006057
1.490000 4.120378 -0.006057
1.495000 3.979710 -0.006057
1.500000 3.852074 -0.006057
1.505000 3.729434 -0.006057
1.510000 3.618277 -0.006057
1.515000 3.503075 -0.006057
1.520000 3.404491 -0.006057
1.525000 3.297969 -0.006057
1.530000 3.216094 -0.006057
1.535000 3.128672 -0.006057
1.540000 3.055561 -0.006057
1.545000 2.973210 -0.006057
1.550000 2.903049 -0.006057
1.555000 2.825495 -0.006057
1.560000 2.757256 -0.006057
1.565000 2.687631 -0.006057
1.570000 2.628080 -0.006057
1.575000 2.577624 -0.006057
1.580000 2.519406 -0.006057
1.585000 2.464605 -0.006057
1.590000 2.408341 -0.006057
1.595000 2.363761 -0.006057
1.600000 2.327677 -0.006057
1.605000 2.280391 -0.006057
1.610000 2.244453 -0.006057
1.615000 2.198654 -0.006057
1.620000 2.153698 -0.006057
1.625000 2.126646 -0.006057
1.630000 2.096331 -0.006057
1.635000 2.058967 -0.006057
1.640000 2.027525 -0.006057
1.645000 1.997578 -0.006057
1.650000 1.969484 -0.006057
1.655000 1.929178 -0.006057
1.660000 1.908363 -0.006057
1.665000 1.880139 -0.006057
1.670000 1.860473 -0.006057
1.675000 1.828265 -0.006057
1.680000 1.804975 -0.006057
1.685000 1.780536 -0.006057
1.690000 1.763007 -0.006057
1.695000 1.736522 -0.006057
1.700000 1.717208 -0.006057
1.705000 1.703019 -0.006057
1.710000 1.680955 -0.006057
1.715000 1.664100 -0.006057
1.720000 1.633716 -0.006057
1.725000 1.623006 -0.006057
1.730000 1.600635 -0.006057
1.735000 1.589802 -0.006057
1.740000 1.571384 -0.006057
1.745000 1.556376 -0.006057
1.750000 1.544095 -0.006057
1.755000 1.528214 -0.006057
1.760000 1.511428 -0.006057
1.765000 1.497821 -0.006057
1.770000 1.487157 -0.006057
1.775000 1.466985 -0.006057
1.780000 1.452934 -0.006057
1.785000 1.441964 -0.006057
1.790000 1.437558 -0.006057
1.795000 1.417386 -0.006057
1.800000 1.408086 -0.006057
1.805000 1.388703 -0.006057
1.810000 1.390993 -0.006057
1.815000 1.369718 -0.006057
1.820000 1.361682 -0.006057
1.825000 1.350335 -0.006057
1.830000 1.343639 -0.006057
1.835000 1.331504 -0.006057
1.840000 1.322295 -0.006057
1.845000 1.313232 -0.006057
1.850000 1.297389 -0.006057
1.855000 1.295006 -0.006057
1.860000 1.282940 -0.006057
1.865000 1.279492 -0.006057
1.870000 1.263496 -0.006057
1.875000 1.263419 -0.006057
1.880000 1.257665 -0.006057
1.885000 1.247982 -0.006057
1.890000 1.239485 -0.006057
1.895000 1.226270 -0.006057
1.900000 1.214594 -0.006057
1.905000 1.208526 -0.006057
1.910000 1.204090 -0.006057
1.915000 1.193947 -0.006057
1.920000 1.183459 -0.006057
1.925000 1.172909 -0.006057
1.930000 1.174411 -0.006057
1.935000 1.160552 -0.006057
1.940000 1.161686 -0.006057
1.945000 1.145919 -0.006057
1.950000 1.146754 -0.006057
1.955000 1.132918 -0.006057
1.960000 1.128490 -0.006057
1.965000 1.120093 -0.006057
1.970000 1.113045 -0.006057
1.975000 1.106793 -0.006057
1.980000 1.104372 -0.006057
1.985000 1.099040 -0.006057
1.990000 1.092091 -0.006057
1.995000 1.082921 -0.006057
2.000000 1.075014 -0.006057
2.005000 1.080255 -0.006057
2.010000 1.064197 -0.006057
2.015000 1.065400 -0.006057
2.020000 1.052667 -0.006057
2.025000 1.054988 -0.006057
2.030000 1.049487 -0.006057
2.035000 1.038723 -0.006057
2.040000 1.033222 -0.006057
2.045000 1.025921 -0.006057
2.050000 1.026818 -0.006057
2.055000 1.016605 -0.006057
2.060000 1.013862 -0.006057
2.065000 1.007626 -0.006057
2.070000 1.009327 -0.006057
2.075000 0.998356 -0.006057
2.080000 0.999107 -0.006057
2.085000 0.988504 -0.006057
2.090000 0.983287 -0.006057
2.095000 0.989186 -0.006057
2.100000 0.979594 -0.006057
2.105000 0.973388 -0.006057
2.110000 0.972002 -0.006057
2.115000 0.967849 -0.006057
2.120000 0.953584 -0.006057
2.125000 0.949723 -0.006057
2.130000 0.947884 -0.006057
2.135000 0.944559 -0.006057
2.140000 0.943127 -0.006057
2.145000 0.938292 -0.006057
2.150000 0.931520 -0.006057
2.155000 0.931527 -0.006057
2.160000 0.918044 -0.006057
2.165000 0.928609 -0.006057
2.170000 0.922096 -0.006057
2.175000 0.922602 -0.006057
2.180000 0.905579 -0.006057
2.185000 0.907870 -0.006057
2.190000 0.900821 -0.006057
2.195000 0.897512 -0.006057
2.200000 0.893896 -0.006057
2.205000 0.886242 -0.006057
2.210000 0.891628 -0.006057
2.215000 0.880734 -0.006057
2.220000 0.882174 -0.006057
2.225000 0.879753 -0.006057
2.230000 0.877769 -0.006057
2.235000 0.875133 -0.006057
2.240000 0.869502 -0.006057
2.245000 0.859114 -0.006057
2.250000 0.870115 -0.006057
2.255000 0.862653 -0.006057
2.260000 0.848518 -0.006057
2.265000 0.851161 -0.006057
2.270000 0.838742 -0.006057
2.275000 0.847507 -0.006057
2.280000 0.840574 -0.006057
2.285000 0.838888 -0.006057
2.290000 0.844274 -0.006057
2.295000 0.836000 -0.006057
2.300000 0.823428 -0.006057
2.305000 0.825144 -0.006057
2.310000 0.813353 -0.006057
2.315000 0.820953 -0.006057
2.320000 0.809009 -0.006057
2.325000 0.807975 -0.006057
2.330000 0.813223 -0.006057
2.335000 0.800337 -0.006057
2.340000 0.808511 -0.006057
2.345000 0.792699 -0.006057
2.350000 0.802375 -0.006057
2.355000 0.798299 -0.006057
2.360000 0.798858 -0.006057
2.365000 0.789098 -0.006057
2.370000 0.786799 -0.006057
2.375000 0.777453 -0.006057
2.380000 0.783643 -0.006057
2.385000 0.778901 -0.006057
2.390000 0.782210 -0.006057
2.395000 0.777529 -0.006057
2.400000 0.773109 -0.006057
2.405000 0.767593 -0.006057
2.410000 0.771217 -0.006057
2.415000 0.774051 -0.006057
2.420000 0.757288 -0.006057
2.425000 0.762406 -0.006057
2.430000 0.761709 -0.006057
2.435000 0.757786 -0.006057
2.440000 0.755327 -0.006057
2.445000 0.748830 -0.006057
2.450000 0.749964 -0.006057
2.455000 0.743368 -0.006057
2.460000 0.742717 -0.006057
2.465000 0.745712 -0.006057
2.470000 0.736971 -0.006057
2.475000 0.736465 -0.006057
2.480000 0.738250 -0.006057
2.485000 0.731968 -0.006057
2.490000 0.732083 -0.006057
2.495000 0.722085 -0.006057
2.500000 0.726628 -0.006057
2.505000 0.718078 -0.006057
2.510000 0.720905 -0.006057
2.515000 0.717542 -0.006057
2.520000 0.712363 -0.006057
2.525000 0.708257 -0.006057
2.530000 0.718737 -0.006057
2.535000 0.709084 -0.006057
2.540000 0.698956 -0.006057
2.545000 0.708862 -0.006057
2.550000 0.703576 -0.006057
2.555000 0.702005 -0.006057
2.560000 0.691831 -0.006057
2.565000 0.701837 -0.006057
2.570000 0.685043 -0.006057
2.575000 0.695302 -0.006057
2.580000 0.687886 -0.006057
2.585000 0.682806 -0.006057
2.590000 0.686047 -0.006057
2.595000 0.676945 -0.006057
2.600000 0.673360 -0.006057
2.605000 0.673521 -0.006057
2.610000 0.676141 -0.006057
2.615000 0.676447 -0.006057
2.620000 0.676601 -0.006057
2.625000 0.675758 -0.006057
2.630000 0.675658 -0.006057
2.635000 0.676217 -0.006057
2.640000 0.662833 -0.006057
2.645000 0.660596 -0.006057
2.650000 0.666227 -0.006057
2.655000 0.664787 -0.006057
2.660000 0.660351 -0.006057
2.665000 0.657141 -0.006057
2.670000 0.655770 -0.006057
2.675000 0.663285 -0.006057
2.680000 0.654774 -0.006057
2.685000 0.662665 -0.006057
2.690000 0.657838 -0.006057
2.695000 0.653134 -0.006057
2.700000 0.657493 -0.006057
2.705000 0.651296 -0.006057
2.710000 0.649771 -0.006057
2.715000 0.648162 -0.006057
2.720000 0.646071 -0.006057
2.725000 0.637291 -0.006057
2.730000 0.645718 -0.006057
2.735000 0.641911 -0.006057
2.740000 0.645979 -0.006057
2.745000 0.638256 -0.006057
2.750000 0.642861 -0.006057
2.755000 0.637950 -0.006057
2.760000 0.641060 -0.006057
2.765000 0.634341 -0.006057
2.770000 0.633659 -0.006057
2.775000 0.636984 -0.006057
2.780000 0.627760 -0.006057
2.785000 0.631606 -0.006057
2.790000 0.629676 -0.006057
2.795000 0.631928 -0.006057
2.800000 0.626994 -0.006057
2.805000 0.624910 -0.006057
2.810000 0.619195 -0.006057
2.815000 0.621241 -0.006057
2.820000 0.612944 -0.006057
2.825000 0.622941 -0.006057
2.830000 0.621003 -0.006057
2.835000 0.617525 -0.006057
2.840000 0.608171 -0.006057
2.845000 0.619157 -0.006057
2.850000 0.615824 -0.006057
2.855000 0.612392 -0.006057
2.860000 0.612576 -0.006057
2.865000 0.614522 -0.006057
2.870000 0.614307 -0.006057
2.875000 0.609412 -0.006057
2.880000 0.612928 -0.006057
2.885000 0.609205 -0.006057
2.890000 0.618176 -0.006057
2.895000 0.604271 -0.006057
2.900000 0.610936 -0.006057
2.905000 0.602294 -0.006057
2.910000 0.603428 -0.006057
2.915000 0.601865 -0.006057
2.920000 0.597039 -0.006057
2.925000 0.597958 -0.006057
2.930000 0.598464 -0.006057
2.935000 0.603490 -0.006057
2.940000 0.595208 -0.006057
2.945000 0.598272 -0.006057
2.950000 0.595491 -0.006057
2.955000 0.594993 -0.006057
2.960000 0.593760 -0.006057
2.965000 0.585846 -0.006057
2.970000 0.588359 -0.006057
2.975000 0.590703 -0.006057
2.980000 0.583862 -0.006057
2.985000 0.578353 -0.006057
2.990000 0.584130 -0.006057
