0.000000 -62.477070 -0.006057
0.005000 -0.038321 -0.006057
0.010000 1.162827 -0.006057
0.015000 1.219053 -0.006057
0.020000 1.214939 -0.006057
0.025000 1.201202 -0.006057
0.030000 1.206458 -0.006057
0.035000 1.203945 -0.006057
0.040000 1.203301 -0.006057
0.045000 1.209423 -0.006057
0.050000 1.202505 -0.006057
0.055000 1.201601 -0.006057
0.060000 1.199126 -0.006057
0.065000 1.195234 -0.006057
0.070000 1.208695 -0.006057
0.075000 1.195272 -0.006057
0.080000 1.205554 -0.006057
0.085000 1.216915 -0.006057
0.090000 1.210541 -0.006057
0.095000 1.215375 -0.006057
0.100000 1.205615 -0.006057
0.105000 1.206872 -0.006057
0.110000 1.202811 -0.006057
0.115000 1.211215 -0.006057
0.120000 1.207392 -0.006057
0.125000 1.203983 -0.006057
0.130000 1.202658 -0.006057
0.135000 1.201961 -0.006057
0.140000 1.206044 -0.006057
0.145000 1.215866 -0.006057
0.150000 1.208557 -0.006057
0.155000 1.212388 -0.006057
0.160000 1.205914 -0.006057
0.165000 1.204795 -0.006057
0.170000 1.199862 -0.006057
0.175000 1.201233 -0.006057
0.180000 1.209990 -0.006057
0.185000 1.204190 -0.006057
0.190000 1.207469 -0.006057
0.195000 1.207645 -0.006057
0.200000 1.203462 -0.006057
0.205000 1.202819 -0.006057
0.210000 1.210043 -0.006057
0.215000 1.209936 -0.006057
0.220000 1.208634 -0.006057
0.225000 1.194491 -0.006057
0.230000 1.210158 -0.006057
0.235000 1.209423 -0.006057
0.240000 1.206672 -0.006057
0.245000 1.205355 -0.006057
0.250000 1.194116 -0.006057
0.255000 1.206703 -0.006057
0.260000 1.200835 -0.006057
0.265000 1.199938 -0.006057
0.270000 1.199134 -0.006057
0.275000 1.201072 -0.006057
0.280000 1.207324 -0.006057
0.285000 1.204719 -0.006057
0.290000 1.204006 -0.006057
0.295000 1.199103 -0.006057
0.300000 1.208557 -0.006057
0.305000 1.208626 -0.006057
0.310000 1.209063 -0.006057
0.315000 1.206557 -0.006057
0.320000 1.205240 -0.006057
0.325000 1.198590 -0.006057
0.330000 1.201830 -0.006057
0.335000 1.204389 -0.006057
0.340000 1.207140 -0.006057
0.345000 1.205945 -0.006057
0.350000 1.199409 -0.006057
0.355000 1.199900 -0.006057
0.360000 1.200758 -0.006057
0.365000 1.201524 -0.006057
0.370000 1.201685 -0.006057
0.375000 1.205393 -0.006057
0.380000 1.211269 -0.006057
0.385000 1.202627 -0.006057
0.390000 1.196491 -0.006057
0.395000 1.204083 -0.006057
0.400000 1.200543 -0.006057
0.405000 1.208166 -0.006057
0.410000 1.195678 -0.006057
0.415000 1.198161 -0.006057
0.420000 1.208748 -0.006057
0.425000 1.200030 -0.006057
0.430000 1.204259 -0.006057
0.435000 1.197716 -0.006057
0.440000 1.208511 -0.006057
0.445000 1.206228 -0.006057
0.450000 1.196460 -0.006057
0.455000 1.193748 -0.006057
0.460000 1.202926 -0.006057
0.465000 1.202972 -0.006057
0.470000 1.198620 -0.006057
0.475000 1.200643 -0.006057
0.480000 1.203547 -0.006057
0.485000 1.197349 -0.006057
0.490000 1.200812 -0.006057
0.495000 1.204941 -0.006057
0.500000 1.201769 -0.006057
0.505000 1.199578 -0.006057
0.510000 1.196682 -0.006057
0.515000 1.202750 -0.006057
0.520000 1.203286 -0.006057
0.525000 1.203677 -0.006057
0.530000 1.191932 -0.006057
0.535000 1.200344 -0.006057
0.540000 1.199302 -0.006057
0.545000 1.202037 -0.006057
0.550000 1.192216 -0.006057
0.555000 1.194322 -0.006057
0.560000 1.203508 -0.006057
0.565000 1.208097 -0.006057
0.570000 1.204566 -0.006057
0.575000 1.201064 -0.006057
0.580000 1.205738 -0.006057
0.585000 1.199938 -0.006057
0.590000 1.207247 -0.006057
0.595000 1.193372 -0.006057
0.600000 1.206925 -0.006057
0.605000 1.199195 -0.006057
0.610000 1.194629 -0.006057
0.615000 1.197287 -0.006057
0.620000 1.200658 -0.006057
0.625000 1.197027 -0.006057
0.630000 1.197287 -0.006057
0.635000 1.193832 -0.006057
0.640000 1.202826 -0.006057
0.645000 1.203838 0.033941
0.650000 1.198567 0.993881
0.655000 1.196445 0.953884
0.660000 1.206971 -0.006057
0.665000 1.196192 -0.006057
0.670000 1.199877 -0.006057
0.675000 1.202007 -0.006057
0.680000 1.196766 -0.006057
0.685000 1.191442 -0.006057
0.690000 1.194583 -0.006057
0.695000 1.201095 -0.006057
0.700000 1.196054 -0.006057
0.705000 1.197709 -0.006057
0.710000 1.194460 -0.006057
0.715000 1.197088 -0.006057
0.720000 1.204067 -0.006057
0.725000 1.192905 -0.006057
0.730000 1.199547 -0.006057
0.735000 1.191082 -0.006057
0.740000 1.204826 -0.006057
0.745000 1.188768 -0.006057
0.750000 1.196452 -0.006057
0.755000 1.197249 -0.006057
0.760000 1.193916 -0.006057
0.765000 1.198199 -0.006057
0.770000 1.196582 -0.006057
0.775000 1.191733 -0.006057
0.780000 1.190745 -0.006057
0.785000 1.197203 -0.006057
0.790000 1.191388 -0.006057
0.795000 1.194981 -0.006057
0.800000 1.200428 -0.006057
0.805000 1.201233 -0.006057
0.810000 1.195931 -0.006057
0.815000 1.197586 -0.006057
0.820000 1.193763 -0.006057
0.825000 1.190116 -0.006057
0.830000 1.200367 -0.006057
0.835000 1.196812 -0.006057
0.840000 1.198153 -0.006057
0.845000 1.200980 -0.006057
0.850000 1.195426 -0.006057
0.855000 1.189159 -0.006057
0.860000 1.188109 -0.006057
0.865000 1.190913 -0.006057
0.870000 1.197195 -0.006057
0.875000 1.189419 -0.006057
0.880000 1.193656 -0.006057
0.885000 1.183359 -0.006057
0.890000 1.186730 -0.006057
0.895000 1.195763 -0.006057
0.900000 1.193058 -0.006057
0.905000 1.193035 -0.006057
0.910000 1.187512 -0.006057
0.915000 1.188446 -0.006057
0.920000 1.194437 -0.006057
0.925000 1.186010 -0.006057
0.930000 1.185612 -0.006057
0.935000 1.186110 -0.006057
0.940000 1.192468 -0.006057
0.945000 1.197961 -0.006057
0.950000 1.190247 -0.006057
0.955000 1.194261 -0.006057
0.960000 1.187044 -0.006057
0.965000 1.185941 -0.006057
0.970000 1.186730 -0.006057
0.975000 1.190875 -0.006057
0.980000 1.187581 -0.006057
0.985000 1.186447 -0.006057
0.990000 1.189404 -0.006057
0.995000 1.181398 -0.006057
1.000000 1.190063 -0.006057
1.005000 1.185037 -0.006057
1.010000 1.191373 -0.006057
1.015000 1.189220 -0.006057
1.020000 1.198528 -0.006057
1.025000 1.193441 -0.006057
1.030000 1.191396 -0.006057
1.035000 1.186133 -0.006057
1.040000 1.197487 -0.006057
1.045000 1.186945 -0.006057
1.050000 1.183627 -0.006057
1.055000 1.187144 -0.006057
1.060000 1.185573 -0.006057
1.065000 1.185129 -0.006057
1.070000 1.185681 -0.006057
1.075000 1.192783 -0.006057
1.080000 1.190499 -0.006057
1.085000 1.187404 -0.006057
1.090000 1.182478 -0.006057
1.095000 1.194215 -0.006057
1.100000 1.192376 -0.006057
1.105000 1.189335 -0.006057
1.110000 1.185137 -0.006057
1.115000 1.188485 -0.006057
1.120000 1.189120 -0.006057
1.125000 1.186056 -0.006057
1.130000 1.184930 -0.006057
1.135000 1.179674 -0.006057
1.140000 1.190071 -0.006057
1.145000 1.186952 -0.006057
1.150000 1.188132 -0.006057
1.155000 1.190346 -0.006057
1.160000 1.191687 -0.006057
1.165000 1.188170 -0.006057
1.170000 1.189511 -0.006057
1.175000 1.193618 -0.006057
1.180000 1.193395 -0.006057
1.185000 1.190323 -0.006057
1.190000 1.188691 -0.006057
1.195000 1.193618 -0.006057
1.200000 1.194560 -0.006057
1.205000 1.188285 -0.006057
1.210000 1.187841 -0.006057
1.215000 1.186600 -0.006057
1.220000 1.186562 -0.006057
1.225000 1.187458 -0.006057
1.230000 1.179015 -0.006057
1.235000 1.181796 -0.006057
1.240000 1.188025 -0.006057
1.245000 1.192583 -0.006057
1.250000 1.189956 -0.006057
1.255000 1.190599 -0.006057
1.260000 1.187504 -0.006057
1.265000 1.183880 -0.006057
1.270000 1.187205 -0.006057
1.275000 1.174840 -0.006057
1.280000 1.187404 -0.006057
1.285000 1.189933 -0.006057
1.290000 1.189274 -0.006057
1.295000 1.182746 -0.006057
1.300000 1.183957 -0.006057
1.305000 1.187535 -0.006057
1.310000 1.188554 -0.006057
1.315000 1.186293 -0.006057
1.320000 1.185359 -0.006057
1.325000 1.191947 -0.006057
1.330000 1.191381 -0.006057
1.335000 1.189718 -0.006057
1.340000 1.188010 -0.006057
1.345000 1.185642 -0.006057
1.350000 1.183505 -0.006057
1.355000 1.184999 -0.006057
1.360000 1.181988 -0.006057
1.365000 1.180471 -0.006057
1.370000 1.179023 -0.006057
1.375000 1.182654 -0.006057
1.380000 1.192553 -0.006057
1.385000 1.193786 -0.006057
1.390000 1.185903 -0.006057
1.395000 1.180119 -0.006057
1.400000 1.189634 -0.006057
1.405000 1.193472 -0.006057
1.410000 1.187266 -0.006057
1.415000 1.175882 -0.006057
1.420000 1.191963 -0.006057
1.425000 1.186569 -0.006057
1.430000 1.190477 -0.006057
1.435000 1.184593 -0.006057
1.440000 1.180555 -0.006057
1.445000 1.192882 -0.006057
1.450000 1.187787 -0.006057
1.455000 1.174503 -0.006057
1.460000 1.181298 -0.006057
1.465000 1.185075 -0.006057
1.470000 1.182440 -0.006057
1.475000 1.182187 -0.006057
1.480000 1.193058 -0.006057
1.485000 1.183957 -0.006057
1.490000 1.181137 -0.006057
1.495000 1.186945 -0.006057
1.500000 1.180027 -0.006057
1.505000 1.180915 -0.006057
1.510000 1.175575 -0.006057
1.515000 1.182080 -0.006057
1.520000 1.186125 -0.006057
1.525000 1.186255 -0.006057
1.530000 1.187672 -0.006057
1.535000 1.178188 -0.006057
1.540000 1.186707 -0.006057
1.545000 1.186477 -0.006057
1.550000 1.188086 -0.006057
1.555000 1.183313 -0.006057
1.560000 1.186883 -0.006057
1.565000 1.185213 -0.006057
1.570000 1.180402 -0.006057
1.575000 1.178709 -0.006057
1.580000 1.182241 -0.006057
1.585000 1.189534 -0.006057
1.590000 1.183604 -0.006057
1.595000 1.186202 -0.006057
1.600000 1.180233 -0.006057
1.605000 1.187106 -0.006057
1.610000 1.179184 -0.006057
1.615000 1.181750 -0.006057
1.620000 1.181222 -0.006057
1.625000 1.180126 -0.006057
1.630000 1.184631 -0.006057
1.635000 1.181858 -0.006057
1.640000 1.182126 -0.006057
1.645000 1.176985 -0.006057
1.650000 1.179123 -0.006057
1.655000 1.179383 -0.006057
1.660000 1.188109 -0.006057
1.665000 1.184585 -0.006057
1.670000 1.186270 -0.006057
1.675000 1.174986 -0.006057
1.680000 1.183244 -0.006057
1.685000 1.183122 -0.006057
1.690000 1.182953 -0.006057
1.695000 1.182011 -0.006057
1.700000 1.192461 -0.006057
1.705000 1.182356 -0.006057
1.710000 1.182003 -0.006057
1.715000 1.178824 -0.006057
1.720000 1.178364 -0.006057
1.725000 1.183398 -0.006057
1.730000 1.183283 -0.006057
1.735000 1.181919 -0.006057
1.740000 1.176901 -0.006057
1.745000 1.184968 -0.006057
1.750000 1.178962 -0.006057
1.755000 1.181635 -0.006057
1.760000 1.176533 -0.006057
1.765000 1.179536 -0.006057
1.770000 1.177958 -0.006057
1.775000 1.183620 -0.006057
1.780000 1.186615 -0.006057
1.785000 1.180256 -0.006057
1.790000 1.183742 -0.006057
1.795000 1.176970 -0.006057
1.800000 1.177652 -0.006057
1.805000 1.179690 -0.006057
1.810000 1.177552 -0.006057
1.815000 1.168895 -0.006057
1.820000 1.190124 -0.006057
1.825000 1.185052 -0.006057
1.830000 1.184539 -0.006057
1.835000 1.180034 -0.006057
1.840000 1.183788 -0.006057
1.845000 1.185841 -0.006057
1.850000 1.179628 -0.006057
1.855000 1.177414 -0.006057
1.860000 1.175828 -0.006057
1.865000 1.176495 -0.006057
1.870000 1.170818 -0.006057
1.875000 1.173584 -0.006057
1.880000 1.175284 -0.006057
1.885000 1.178203 -0.006057
1.890000 1.165823 -0.006057
1.895000 1.175790 -0.006057
1.900000 1.176878 -0.006057
1.905000 1.180494 -0.006057
1.910000 1.175192 -0.006057
1.915000 1.177246 -0.006057
1.920000 1.175415 -0.006057
1.925000 1.176939 -0.006057
1.930000 1.179697 -0.006057
1.935000 1.172542 -0.006057
1.940000 1.182570 -0.006057
1.945000 1.174986 -0.006057
1.950000 1.175123 -0.006057
1.955000 1.174924 -0.006057
1.960000 1.175483 -0.006057
1.965000 1.178073 -0.006057
1.970000 1.182448 -0.006057
1.975000 1.178379 -0.006057
1.980000 1.176273 -0.006057
1.985000 1.179621 -0.006057
1.990000 1.178334 -0.006057
1.995000 1.173438 -0.006057
2.000000 1.171071 -0.006057
2.005000 1.177460 -0.006057
2.010000 1.176594 -0.006057
2.015000 1.175016 -0.006057
2.020000 1.168458 -0.006057
2.025000 1.166865 -0.006057
2.030000 1.178510 -0.006057
2.035000 1.173269 -0.006057
2.040000 1.172511 -0.006057
2.045000 1.178678 -0.006057
2.050000 1.176288 -0.006057
2.055000 1.176181 -0.006057
2.060000 1.173767 -0.006057
2.065000 1.175415 -0.006057
2.070000 1.171722 -0.006057
2.075000 1.172480 -0.006057
2.080000 1.172013 -0.006057
2.085000 1.169829 -0.006057
2.090000 1.181007 -0.006057
2.095000 1.178334 -0.006057
2.100000 1.177368 -0.006057
2.105000 1.173285 -0.006057
2.110000 1.175660 -0.006057
2.115000 1.173821 -0.006057
2.120000 1.178517 -0.006057
2.125000 1.174150 -0.006057
2.130000 1.181980 -0.006057
2.135000 1.165723 -0.006057
2.140000 1.173223 -0.006057
2.145000 1.177468 -0.006057
2.150000 1.176977 -0.006057
2.155000 1.173093 -0.006057
2.160000 1.178671 -0.006057
2.165000 1.181421 -0.006057
2.170000 1.172542 -0.006057
2.175000 1.175200 -0.006057
2.180000 1.180563 -0.006057
2.185000 1.174495 -0.006057
2.190000 1.171438 -0.006057
2.195000 1.170956 -0.006057
2.200000 1.179506 -0.006057
2.205000 1.178908 -0.006057
2.210000 1.172258 -0.006057
2.215000 1.172848 -0.006057
2.220000 1.173262 -0.006057
2.225000 1.172090 -0.006057
2.230000 1.172856 -0.006057
2.235000 1.174924 -0.006057
2.240000 1.179092 -0.006057
2.245000 1.170810 -0.006057
2.250000 1.177812 -0.006057
2.255000 1.175361 -0.006057
2.260000 1.181245 -0.006057
2.265000 1.173124 -0.006057
2.270000 1.176740 -0.006057
2.275000 1.172105 -0.006057
2.280000 1.177805 -0.006057
2.285000 1.179314 -0.006057
2.290000 1.173599 -0.006057
2.295000 1.166642 -0.006057
2.300000 1.173744 -0.006057
2.305000 1.176970 -0.006057
2.310000 1.171094 -0.006057
2.315000 1.175093 -0.006057
2.320000 1.173698 -0.006057
2.325000 1.180065 -0.006057
2.330000 1.177736 -0.006057
2.335000 1.171124 -0.006057
2.340000 1.179889 -0.006057
2.345000 1.168052 -0.006057
2.350000 1.176962 -0.006057
2.355000 1.175767 -0.006057
2.360000 1.176617 -0.006057
2.365000 1.172971 -0.006057
2.370000 1.177391 -0.006057
2.375000 1.179031 -0.006057
2.380000 1.176411 -0.006057
2.385000 1.176809 -0.006057
2.390000 1.180816 -0.006057
2.395000 1.178701 -0.006057
2.400000 1.173453 -0.006057
2.405000 1.175238 -0.006057
2.410000 1.179529 -0.006057
2.415000 1.170963 -0.006057
2.420000 1.170197 -0.006057
2.425000 1.172266 -0.006057
2.430000 1.174878 -0.006057
2.435000 1.171921 -0.006057
2.440000 1.173507 -0.006057
2.445000 1.170810 -0.006057
2.450000 1.175032 -0.006057
2.455000 1.165930 -0.006057
2.460000 1.174089 -0.006057
2.465000 1.173430 -0.006057
2.470000 1.174932 -0.006057
2.475000 1.173645 -0.006057
2.480000 1.170006 -0.006057
2.485000 1.172036 -0.006057
2.490000 1.174273 -0.006057
2.495000 1.168696 -0.006057
2.500000 1.171791 -0.006057
2.505000 1.172396 -0.006057
2.510000 1.171546 -0.006057
2.515000 1.172879 -0.006057
2.520000 1.171500 -0.006057
2.525000 1.172113 -0.006057
2.530000 1.173729 -0.006057
2.535000 1.168811 -0.006057
2.540000 1.175077 -0.006057
2.545000 1.177537 -0.006057
2.550000 1.179850 -0.006057
2.555000 1.166934 -0.006057
2.560000 1.171484 -0.006057
2.565000 1.177498 -0.006057
2.570000 1.181053 -0.006057
2.575000 1.177529 -0.006057
2.580000 1.175683 -0.006057
2.585000 1.181168 -0.006057
2.590000 1.172044 -0.006057
2.595000 1.167960 -0.006057
2.600000 1.174173 -0.006057
2.605000 1.178081 -0.006057
2.610000 1.169109 -0.006057
2.615000 1.183528 -0.006057
2.620000 1.175376 -0.006057
2.625000 1.176694 -0.006057
2.630000 1.177223 -0.006057
2.635000 1.167462 -0.006057
2.640000 1.181605 -0.006057
2.645000 1.173637 -0.006057
2.650000 1.178441 -0.006057
2.655000 1.175146 -0.006057
2.660000 1.173997 -0.006057
2.665000 1.173262 -0.006057
2.670000 1.176732 -0.006057
2.675000 1.172312 -0.006057
2.680000 1.171285 -0.006057
2.685000 1.177391 -0.006057
2.690000 1.175690 -0.006057
2.695000 1.175920 -0.006057
2.700000 1.171362 -0.006057
2.705000 1.180701 -0.006057
2.710000 1.176012 -0.006057
2.715000 1.170297 -0.006057
2.720000 1.172925 -0.006057
2.725000 1.174648 -0.006057
2.730000 1.169538 -0.006057
2.735000 1.176204 -0.006057
2.740000 1.171408 -0.006057
2.745000 1.170151 -0.006057
2.750000 1.172028 -0.006057
2.755000 1.171561 -0.006057
2.760000 1.175422 -0.006057
2.765000 1.177092 -0.006057
2.770000 1.178249 -0.006057
2.775000 1.173545 -0.006057
2.780000 1.176525 -0.006057
2.785000 1.176464 -0.006057
2.790000 1.185351 -0.006057
2.795000 1.168450 -0.006057
2.800000 1.169355 -0.006057
2.805000 1.168519 -0.006057
2.810000 1.172158 -0.006057
2.815000 1.166888 -0.006057
2.820000 1.167363 -0.006057
2.825000 1.176395 -0.006057
2.830000 1.175139 -0.006057
2.835000 1.179291 -0.006057
2.840000 1.170052 -0.006057
2.845000 1.183873 -0.006057
2.850000 1.178640 -0.006057
2.855000 1.177138 -0.006057
2.860000 1.176380 -0.006057
2.865000 1.182225 -0.006057
2.870000 1.178019 -0.006057
2.875000 1.174150 -0.006057
2.880000 1.186102 -0.006057
2.885000 1.187542 -0.006057
2.890000 1.179383 -0.006057
2.895000 1.178609 -0.006057
2.900000 1.174059 -0.006057
2.905000 1.174066 -0.006057
2.910000 1.176817 -0.006057
2.915000 1.172702 -0.006057
2.920000 1.172802 -0.006057
2.925000 1.173078 -0.006057
2.930000 1.176740 -0.006057
2.935000 1.172281 -0.006057
2.940000 1.177115 -0.006057
2.945000 1.179751 -0.006057
2.950000 1.173790 -0.006057
2.955000 1.176066 -0.006057
2.960000 1.175468 -0.006057
2.965000 1.176663 -0.006057
2.970000 1.178625 -0.006057
2.975000 1.175261 -0.006057
2.980000 1.176433 -0.006057
2.985000 1.173576 -0.006057
2.990000 1.168811 -0.006057
2.995000 1.174510 -0.006057
3.000000 1.172526 -0.006057
3.005000 1.175154 -0.006057
3.010000 1.173675 -0.006057
3.015000 1.169952 -0.006057
3.020000 1.172404 -0.006057
3.025000 1.176326 -0.006057
3.030000 1.175491 -0.006057
3.035000 1.169393 -0.006057
3.040000 1.177920 -0.006057
3.045000 1.173683 -0.006057
3.050000 1.176050 -0.006057
3.055000 1.172158 -0.006057
3.060000 1.175959 -0.006057
3.065000 1.175798 -0.006057
3.070000 1.178088 -0.006057
3.075000 1.167677 -0.006057
3.080000 1.175591 -0.006057
3.085000 1.173783 -0.006057
3.090000 1.170917 -0.006057
3.095000 1.174265 -0.006057
3.100000 1.178157 -0.006057
3.105000 1.183934 -0.006057
3.110000 1.161555 -0.006057
3.115000 1.174909 -0.006057
3.120000 1.167707 -0.006057
3.125000 1.178510 -0.006057
3.130000 1.177874 -0.006057
3.135000 1.176663 -0.006057
3.140000 1.169155 -0.006057
3.145000 1.184118 -0.006057
3.150000 1.170220 -0.006057
3.155000 1.175805 -0.006057
3.160000 1.174319 -0.006057
3.165000 1.181191 -0.006057
3.170000 1.179268 -0.006057
3.175000 1.168634 -0.006057
