0.000000 -62.512520 -0.006057
0.005000 -0.149424 -0.006057
0.010000 1.045136 -0.006057
0.015000 1.094336 -0.006057
0.020000 1.097431 -0.006057
0.025000 1.090674 -0.006057
0.030000 1.096941 -0.006057
0.035000 1.090957 -0.006057
0.040000 1.098642 -0.006057
0.045000 1.101269 -0.006057
0.050000 1.089287 -0.006057
0.055000 1.089800 -0.006057
0.060000 1.092137 -0.006057
0.065000 1.095562 -0.006057
0.070000 1.094895 -0.006057
0.075000 1.098373 -0.006057
0.080000 1.101047 -0.006057
0.085000 1.106333 -0.006057
0.090000 1.099890 -0.006057
0.095000 1.103338 -0.006057
0.100000 1.102702 -0.006057
0.105000 1.105322 -0.006057
0.110000 1.092988 -0.006057
0.115000 1.095930 -0.006057
0.120000 1.095347 -0.006057
0.125000 1.101714 -0.006057
0.130000 1.093562 -0.006057
0.135000 1.101898 -0.006057
0.140000 1.105322 -0.006057
0.145000 1.097745 -0.006057
0.150000 1.097393 -0.006057
0.155000 1.088927 -0.006057
0.160000 1.097086 -0.006057
0.165000 1.100480 -0.006057
0.170000 1.094106 -0.006057
0.175000 1.101522 -0.006057
0.180000 1.097569 -0.006057
0.185000 1.092750 -0.006057
0.190000 1.098297 -0.006057
0.195000 1.089287 -0.006057
0.200000 1.099729 -0.006057
0.205000 1.090766 -0.006057
0.210000 1.095661 -0.006057
0.215000 1.095056 -0.006057
0.220000 1.094627 -0.006057
0.225000 1.104403 -0.006057
0.230000 1.094359 -0.006057
0.235000 1.100005 -0.006057
0.240000 1.096581 -0.006057
0.245000 1.099446 -0.006057
0.250000 1.103085 -0.006057
0.255000 1.089754 -0.006057
0.260000 1.097722 -0.006057
0.265000 1.095309 -0.006057
0.270000 1.095546 -0.006057
0.275000 1.102694 -0.006057
0.280000 1.091708 -0.006057
0.285000 1.101415 -0.006057
0.290000 1.102901 -0.006057
0.295000 1.091065 -0.006057
0.300000 1.094849 -0.006057
0.305000 1.096558 -0.006057
0.310000 1.094213 -0.006057
0.315000 1.100779 -0.006057
0.320000 1.095546 -0.006057
0.325000 1.105560 -0.006057
0.330000 1.097852 -0.006057
0.335000 1.098082 -0.006057
0.340000 1.096627 -0.006057
0.345000 1.097094 -0.006057
0.350000 1.098764 -0.006057
0.355000 1.091677 -0.006057
0.360000 1.098404 -0.006057
0.365000 1.097561 -0.006057
0.370000 1.090973 -0.006057
0.375000 1.099523 -0.006057
0.380000 1.098297 -0.006057
0.385000 1.100710 -0.006057
0.390000 1.094589 -0.006057
0.395000 1.098389 -0.006057
0.400000 1.101315 -0.006057
0.405000 1.099814 -0.006057
0.410000 1.098626 -0.006057
0.415000 1.094558 -0.006057
0.420000 1.095048 -0.006057
0.425000 1.103445 -0.006057
0.430000 1.099469 -0.006057
0.435000 1.094481 -0.006057
0.440000 1.096757 -0.006057
0.445000 1.095906 -0.006057
0.450000 1.096588 -0.006057
0.455000 1.092336 -0.006057
0.460000 1.099055 -0.006057
0.465000 1.098458 -0.006057
0.470000 1.090574 -0.006057
0.475000 1.098266 -0.006057
0.480000 1.096290 -0.006057
0.485000 1.109543 -0.006057
0.490000 1.096083 -0.006057
0.495000 1.092352 -0.006057
0.500000 1.095010 -0.006057
0.505000 1.103215 -0.006057
0.510000 1.094987 -0.006057
0.515000 1.101875 -0.006057
0.520000 1.096167 -0.006057
0.525000 1.093102 -0.006057
0.530000 1.093355 -0.006057
0.535000 1.089249 -0.006057
0.540000 1.094665 -0.006057
0.545000 1.097239 -0.006057
0.550000 1.103614 -0.006057
0.555000 1.088077 -0.006057
0.560000 1.101392 -0.006057
0.565000 1.094190 -0.006057
0.570000 1.099783 -0.006057
0.575000 1.094029 -0.006057
0.580000 1.098772 -0.006057
0.585000 1.094972 -0.006057
0.590000 1.092727 -0.006057
0.595000 1.091685 -0.006057
0.600000 1.091969 -0.006057
0.605000 1.090490 -0.006057
0.610000 1.092390 -0.006057
0.615000 1.095324 -0.006057
0.620000 1.095677 -0.006057
0.625000 1.103514 -0.006057
0.630000 1.087954 -0.006057
0.635000 1.096473 -0.006057
0.640000 1.097155 -0.006057
0.645000 1.091762 0.073938
0.650000 1.091693 1.993818
0.655000 1.095225 1.913823
0.660000 1.097017 -0.006057
0.665000 1.100764 -0.006057
0.670000 1.100656 -0.006057
0.675000 1.103031 -0.006057
0.680000 1.106303 -0.006057
0.685000 1.114324 -0.006057
0.690000 1.124483 -0.006057
0.695000 1.123456 -0.006057
0.700000 1.141950 -0.006057
0.705000 1.144877 -0.006057
0.710000 1.141912 -0.006057
0.715000 1.140885 -0.006057
0.720000 1.147574 -0.006057
0.725000 1.154024 -0.006057
0.730000 1.149374 -0.006057
0.735000 1.154492 -0.006057
0.740000 1.152239 -0.006057
0.745000 1.147742 -0.006057
0.750000 1.149811 -0.006057
0.755000 1.151274 -0.006057
0.760000 1.144969 -0.006057
0.765000 1.148095 -0.006057
0.770000 1.149941 -0.006057
0.775000 1.145306 -0.006057
0.780000 1.130911 -0.006057
0.785000 1.137652 -0.006057
0.790000 1.139989 -0.006057
0.795000 1.135101 -0.006057
0.800000 1.142471 -0.006057
0.805000 1.138212 -0.006057
0.810000 1.127708 -0.006057
0.815000 1.123134 -0.006057
0.820000 1.132389 -0.006057
0.825000 1.128467 -0.006057
0.830000 1.123939 -0.006057
0.835000 1.117664 -0.006057
0.840000 1.121464 -0.006057
0.845000 1.117212 -0.006057
0.850000 1.117634 -0.006057
0.855000 1.105721 -0.006057
0.860000 1.108364 -0.006057
0.865000 1.114753 -0.006057
0.870000 1.110670 -0.006057
0.875000 1.105023 -0.006057
0.880000 1.099729 -0.006057
0.885000 1.105460 -0.006057
0.890000 1.105514 -0.006057
0.895000 1.107023 -0.006057
0.900000 1.106441 -0.006057
0.905000 1.099408 -0.006057
0.910000 1.093248 -0.006057
0.915000 1.097561 -0.006057
0.920000 1.095370 -0.006057
0.925000 1.101997 -0.006057
0.930000 1.099254 -0.006057
0.935000 1.098603 -0.006057
0.940000 1.103353 -0.006057
0.945000 1.094688 -0.006057
0.950000 1.100817 -0.006057
0.955000 1.099821 -0.006057
0.960000 1.093945 -0.006057
0.965000 1.086843 -0.006057
0.970000 1.094397 -0.006057
0.975000 1.097891 -0.006057
0.980000 1.098465 -0.006057
0.985000 1.089571 -0.006057
0.990000 1.093072 -0.006057
0.995000 1.093171 -0.006057
1.000000 1.098113 -0.006057
1.005000 1.089747 -0.006057
1.010000 1.098404 -0.006057
1.015000 1.094420 -0.006057
1.020000 1.093011 -0.006057
1.025000 1.097768 -0.006057
1.030000 1.088866 -0.006057
1.035000 1.095439 -0.006057
1.040000 1.077320 -0.006057
1.045000 1.090513 -0.006057
1.050000 1.090092 -0.006057
1.055000 1.092084 -0.006057
1.060000 1.099975 -0.006057
1.065000 1.090375 -0.006057
1.070000 1.087448 -0.006057
1.075000 1.079833 -0.006057
1.080000 1.092321 -0.006057
1.085000 1.092490 -0.006057
1.090000 1.096841 -0.006057
1.095000 1.085755 -0.006057
1.100000 1.096688 -0.006057
1.105000 1.094765 -0.006057
1.110000 1.085939 -0.006057
1.115000 1.079519 -0.006057
1.120000 1.083426 -0.006057
1.125000 1.093685 -0.006057
1.130000 1.082668 -0.006057
1.135000 1.088996 -0.006057
1.140000 1.084269 -0.006057
1.145000 1.090291 -0.006057
1.150000 1.083840 -0.006057
1.155000 1.084583 -0.006057
1.160000 1.084821 -0.006057
1.165000 1.089739 -0.006057
1.170000 1.090881 -0.006057
1.175000 1.085457 -0.006057
1.180000 1.092106 -0.006057
1.185000 1.081879 -0.006057
1.190000 1.085817 -0.006057
1.195000 1.084660 -0.006057
1.200000 1.089961 -0.006057
1.205000 1.089019 -0.006057
1.210000 1.084323 -0.006057
1.215000 1.081235 -0.006057
1.220000 1.092421 -0.006057
1.225000 1.086322 -0.006057
1.230000 1.084514 -0.006057
1.235000 1.080438 -0.006057
1.240000 1.083158 -0.006057
1.245000 1.086820 -0.006057
1.250000 1.089440 -0.006057
1.255000 1.074156 -0.006057
1.260000 1.091999 -0.006057
1.265000 1.084599 -0.006057
1.270000 1.090115 -0.006057
1.275000 1.086621 -0.006057
1.280000 1.083541 -0.006057
1.285000 1.090812 -0.006057
1.290000 1.084844 -0.006057
1.295000 1.084154 -0.006057
1.300000 1.087058 -0.006057
1.305000 1.088521 -0.006057
1.310000 1.086805 -0.006057
1.315000 1.081565 -0.006057
1.320000 1.084790 -0.006057
1.325000 1.095079 -0.006057
1.330000 1.085457 -0.006057
1.335000 1.080668 -0.006057
1.340000 1.085541 -0.006057
1.345000 1.087364 -0.006057
1.350000 1.087150 -0.006057
1.355000 1.086583 -0.006057
1.360000 1.083457 -0.006057
1.365000 1.084254 -0.006057
1.370000 1.085227 -0.006057
1.375000 1.080982 -0.006057
1.380000 1.078033 -0.006057
1.385000 1.085572 -0.006057
1.390000 1.080301 -0.006057
1.395000 1.086269 -0.006057
1.400000 1.090260 -0.006057
1.405000 1.086920 -0.006057
1.410000 1.088942 -0.006057
1.415000 1.081672 -0.006057
1.420000 1.082009 -0.006057
1.425000 1.092152 -0.006057
1.430000 1.083158 -0.006057
1.435000 1.087150 -0.006057
1.440000 1.080638 -0.006057
1.445000 1.088176 -0.006057
1.450000 1.082285 -0.006057
1.455000 1.083013 -0.006057
1.460000 1.080385 -0.006057
1.465000 1.089509 -0.006057
1.470000 1.088115 -0.006057
1.475000 1.088383 -0.006057
1.480000 1.078738 -0.006057
1.485000 1.085119 -0.006057
1.490000 1.088942 -0.006057
1.495000 1.073827 -0.006057
1.500000 1.085595 -0.006057
1.505000 1.080837 -0.006057
1.510000 1.082224 -0.006057
1.515000 1.077290 -0.006057
1.520000 1.084675 -0.006057
1.525000 1.085824 -0.006057
1.530000 1.089126 -0.006057
1.535000 1.081251 -0.006057
1.540000 1.091310 -0.006057
1.545000 1.075972 -0.006057
1.550000 1.078914 -0.006057
1.555000 1.078286 -0.006057
1.560000 1.085939 -0.006057
1.565000 1.085166 -0.006057
1.570000 1.075129 -0.006057
1.575000 1.083036 -0.006057
1.580000 1.075344 -0.006057
1.585000 1.081503 -0.006057
1.590000 1.073283 -0.006057
1.595000 1.075474 -0.006057
1.600000 1.080515 -0.006057
1.605000 1.085043 -0.006057
1.610000 1.077826 -0.006057
1.615000 1.072141 -0.006057
1.620000 1.081496 -0.006057
1.625000 1.085280 -0.006057
1.630000 1.084146 -0.006057
1.635000 1.073995 -0.006057
1.640000 1.088322 -0.006057
1.645000 1.078339 -0.006057
1.650000 1.078684 -0.006057
1.655000 1.068357 -0.006057
1.660000 1.081810 -0.006057
1.665000 1.073482 -0.006057
1.670000 1.073850 -0.006057
1.675000 1.076064 -0.006057
1.680000 1.078339 -0.006057
1.685000 1.078600 -0.006057
1.690000 1.075466 -0.006057
1.695000 1.078998 -0.006057
1.700000 1.075949 -0.006057
1.705000 1.085633 -0.006057
1.710000 1.078217 -0.006057
1.715000 1.079504 -0.006057
1.720000 1.078914 -0.006057
1.725000 1.076409 -0.006057
1.730000 1.078462 -0.006057
1.735000 1.076715 -0.006057
1.740000 1.082132 -0.006057
1.745000 1.082392 -0.006057
1.750000 1.076707 -0.006057
1.755000 1.070448 -0.006057
1.760000 1.078079 -0.006057
1.765000 1.075068 -0.006057
1.770000 1.074241 -0.006057
1.775000 1.078607 -0.006057
1.780000 1.081419 -0.006057
1.785000 1.078286 -0.006057
1.790000 1.074057 -0.006057
1.795000 1.075099 -0.006057
1.800000 1.084392 -0.006057
1.805000 1.078569 -0.006057
1.810000 1.082959 -0.006057
1.815000 1.078692 -0.006057
1.820000 1.074486 -0.006057
1.825000 1.080507 -0.006057
1.830000 1.082224 -0.006057
1.835000 1.083342 -0.006057
1.840000 1.080086 -0.006057
1.845000 1.086598 -0.006057
1.850000 1.080132 -0.006057
1.855000 1.076792 -0.006057
1.860000 1.079443 -0.006057
1.865000 1.077106 -0.006057
1.870000 1.072433 -0.006057
1.875000 1.080324 -0.006057
1.880000 1.079082 -0.006057
1.885000 1.084032 -0.006057
1.890000 1.082469 -0.006057
1.895000 1.071866 -0.006057
1.900000 1.092244 -0.006057
1.905000 1.081197 -0.006057
1.910000 1.089103 -0.006057
1.915000 1.078048 -0.006057
1.920000 1.075344 -0.006057
1.925000 1.078592 -0.006057
1.930000 1.079274 -0.006057
1.935000 1.082752 -0.006057
1.940000 1.082944 -0.006057
1.945000 1.089517 -0.006057
1.950000 1.086851 -0.006057
1.955000 1.081588 -0.006057
1.960000 1.078523 -0.006057
1.965000 1.079642 -0.006057
1.970000 1.072808 -0.006057
1.975000 1.084032 -0.006057
1.980000 1.074907 -0.006057
1.985000 1.082959 -0.006057
1.990000 1.077236 -0.006057
1.995000 1.083794 -0.006057
2.000000 1.072433 -0.006057
2.005000 1.073566 -0.006057
2.010000 1.074225 -0.006057
2.015000 1.076730 -0.006057
2.020000 1.073528 -0.006057
2.025000 1.085472 -0.006057
2.030000 1.075344 -0.006057
2.035000 1.077826 -0.006057
2.040000 1.077052 -0.006057
2.045000 1.076056 -0.006057
2.050000 1.083082 -0.006057
2.055000 1.070908 -0.006057
2.060000 1.074693 -0.006057
2.065000 1.077512 -0.006057
2.070000 1.083763 -0.006057
2.075000 1.076769 -0.006057
2.080000 1.075934 -0.006057
2.085000 1.078715 -0.006057
2.090000 1.076095 -0.006057
2.095000 1.085158 -0.006057
2.100000 1.089096 -0.006057
2.105000 1.087380 -0.006057
2.110000 1.076355 -0.006057
2.115000 1.071666 -0.006057
2.120000 1.081373 -0.006057
2.125000 1.084009 -0.006057
2.130000 1.079159 -0.006057
2.135000 1.077581 -0.006057
2.140000 1.076317 -0.006057
2.145000 1.068916 -0.006057
2.150000 1.068832 -0.006057
2.155000 1.079994 -0.006057
2.160000 1.073398 -0.006057
2.165000 1.075888 -0.006057
2.170000 1.078753 -0.006057
2.175000 1.083901 -0.006057
2.180000 1.076309 -0.006057
2.185000 1.083786 -0.006057
2.190000 1.085526 -0.006057
2.195000 1.074830 -0.006057
2.200000 1.077803 -0.006057
2.205000 1.077880 -0.006057
2.210000 1.077696 -0.006057
2.215000 1.071935 -0.006057
2.220000 1.082070 -0.006057
2.225000 1.070487 -0.006057
2.230000 1.083442 -0.006057
2.235000 1.076447 -0.006057
2.240000 1.076056 -0.006057
2.245000 1.073681 -0.006057
2.250000 1.075711 -0.006057
2.255000 1.078063 -0.006057
2.260000 1.072624 -0.006057
2.265000 1.083649 -0.006057
2.270000 1.080232 -0.006057
2.275000 1.083181 -0.006057
2.280000 1.068533 -0.006057
2.285000 1.081404 -0.006057
2.290000 1.080944 -0.006057
2.295000 1.076861 -0.006057
2.300000 1.075566 -0.006057
2.305000 1.076118 -0.006057
2.310000 1.081373 -0.006057
2.315000 1.073773 -0.006057
2.320000 1.081312 -0.006057
2.325000 1.081205 -0.006057
2.330000 1.081672 -0.006057
