0.000000 -62.386005 -0.006057
0.005000 0.219050 -0.006057
0.010000 1.417815 -0.006057
0.015000 1.476171 -0.006057
0.020000 1.467981 -0.006057
0.025000 1.474815 -0.006057
0.030000 1.477059 -0.006057
0.035000 1.480415 -0.006057
0.040000 1.473191 -0.006057
0.045000 1.471858 -0.006057
0.050000 1.467008 -0.006057
0.055000 1.468134 -0.006057
0.060000 1.466173 -0.006057
0.065000 1.469873 -0.006057
0.070000 1.479519 -0.006057
0.075000 1.471957 -0.006057
0.080000 1.469843 -0.006057
0.085000 1.472034 -0.006057
0.090000 1.483824 -0.006057
0.095000 1.469881 -0.006057
0.100000 1.472877 -0.006057
0.105000 1.468448 -0.006057
0.110000 1.474937 -0.006057
0.115000 1.468127 -0.006057
0.120000 1.469873 -0.006057
0.125000 1.472156 -0.006057
0.130000 1.478645 -0.006057
0.135000 1.475351 -0.006057
0.140000 1.475251 -0.006057
0.145000 1.475313 -0.006057
0.150000 1.474317 -0.006057
0.155000 1.472984 -0.006057
0.160000 1.475635 -0.006057
0.165000 1.471643 -0.006057
0.170000 1.464097 -0.006057
0.175000 1.471306 -0.006057
0.180000 1.462687 -0.006057
0.185000 1.470164 -0.006057
0.190000 1.469896 -0.006057
0.195000 1.474462 -0.006057
0.200000 1.474531 -0.006057
0.205000 1.471582 -0.006057
0.210000 1.470540 -0.006057
0.215000 1.470256 -0.006057
0.220000 1.468318 -0.006057
0.225000 1.472095 -0.006057
0.230000 1.475612 -0.006057
0.235000 1.472225 -0.006057
0.240000 1.473750 -0.006057
0.245000 1.468073 -0.006057
0.250000 1.475665 -0.006057
0.255000 1.470218 -0.006057
0.260000 1.460320 -0.006057
0.265000 1.465070 -0.006057
0.270000 1.473704 -0.006057
0.275000 1.478676 -0.006057
0.280000 1.469889 -0.006057
0.285000 1.468134 -0.006057
0.290000 1.477864 -0.006057
0.295000 1.473842 -0.006057
0.300000 1.471436 -0.006057
0.305000 1.476493 -0.006057
0.310000 1.470356 -0.006057
0.315000 1.470141 -0.006057
0.320000 1.472333 -0.006057
0.325000 1.471720 -0.006057
0.330000 1.474010 -0.006057
0.335000 1.474003 -0.006057
0.340000 1.470448 -0.006057
0.345000 1.465430 -0.006057
0.350000 1.473405 -0.006057
0.355000 1.463147 -0.006057
0.360000 1.466671 -0.006057
0.365000 1.463346 -0.006057
0.370000 1.469345 -0.006057
0.375000 1.475206 -0.006057
0.380000 1.470141 -0.006057
0.385000 1.463890 -0.006057
0.390000 1.468571 -0.006057
0.395000 1.468425 -0.006057
0.400000 1.469712 -0.006057
0.405000 1.469620 -0.006057
0.410000 1.472294 -0.006057
0.415000 1.467169 -0.006057
0.420000 1.468946 -0.006057
0.425000 1.472677 -0.006057
0.430000 1.471306 -0.006057
0.435000 1.474210 -0.006057
0.440000 1.469597 -0.006057
0.445000 1.462840 -0.006057
0.450000 1.461048 -0.006057
0.455000 1.466916 -0.006057
0.460000 1.464602 -0.006057
0.465000 1.463798 -0.006057
0.470000 1.467537 -0.006057
0.475000 1.463576 -0.006057
0.480000 1.467207 -0.006057
0.485000 1.464771 -0.006057
0.490000 1.463890 -0.006057
0.495000 1.462725 -0.006057
0.500000 1.468280 -0.006057
0.505000 1.454444 -0.006057
0.510000 1.462074 -0.006057
0.515000 1.466196 -0.006057
0.520000 1.454367 -0.006057
0.525000 1.459309 -0.006057
0.530000 1.457715 -0.006057
0.535000 1.465001 -0.006057
0.540000 1.465422 -0.006057
0.545000 1.461040 -0.006057
0.550000 1.465859 -0.006057
0.555000 1.468571 -0.006057
0.560000 1.458780 -0.006057
0.565000 1.467276 -0.006057
0.570000 1.459485 -0.006057
0.575000 1.467108 -0.006057
0.580000 1.455240 -0.006057
0.585000 1.462411 -0.006057
0.590000 1.471137 -0.006057
0.595000 1.467667 -0.006057
0.600000 1.466656 -0.006057
0.605000 1.464219 -0.006057
0.610000 1.465537 -0.006057
0.615000 1.470019 -0.006057
0.620000 1.460634 -0.006057
0.625000 1.459829 -0.006057
0.630000 1.467169 -0.006057
0.635000 1.471750 -0.006057
0.640000 1.473359 -0.006057
0.645000 1.461729 0.033941
0.650000 1.473007 0.993881
0.655000 1.459194 0.953884
0.660000 1.465629 -0.006057
0.665000 1.457301 -0.006057
0.670000 1.514339 -0.006057
0.675000 2.354675 -0.006057
0.680000 5.255379 -0.006057
0.685000 9.837536 -0.006057
0.690000 14.823247 -0.006057
0.695000 19.922459 -0.006057
0.700000 25.037346 -0.006057
0.705000 30.036947 -0.006057
0.710000 34.774971 -0.006057
0.715000 39.216057 -0.006057
0.720000 43.301979 -0.006057
0.725000 46.975178 -0.006057
0.730000 50.280273 -0.006057
0.735000 53.215363 -0.006057
0.740000 55.714249 -0.006057
0.745000 57.826736 -0.006057
0.750000 59.467587 -0.006057
0.755000 60.630787 -0.006057
0.760000 61.261719 -0.006057
0.765000 61.328800 -0.006057
0.770000 60.795227 -0.006057
0.775000 59.831326 -0.006057
0.780000 58.628223 -0.006057
0.785000 57.372444 -0.006057
0.790000 56.086323 -0.006057
0.795000 54.837162 -0.006057
0.800000 53.732388 -0.006057
0.805000 52.756821 -0.006057
0.810000 51.904083 -0.006057
0.815000 51.133686 -0.006057
0.820000 50.417622 -0.006057
0.825000 49.738792 -0.006057
0.830000 49.099434 -0.006057
0.835000 48.501568 -0.006057
0.840000 47.908607 -0.006057
0.845000 47.353565 -0.006057
0.850000 46.811626 -0.006057
0.855000 46.292873 -0.006057
0.860000 45.812927 -0.006057
0.865000 45.375839 -0.006057
0.870000 44.958504 -0.006057
0.875000 44.556778 -0.006057
0.880000 44.183113 -0.006057
0.885000 43.830757 -0.006057
0.890000 43.510872 -0.006057
0.895000 43.193832 -0.006057
0.900000 42.895859 -0.006057
0.905000 42.610985 -0.006057
0.910000 42.346397 -0.006057
0.915000 42.076767 -0.006057
0.920000 41.819275 -0.006057
0.925000 41.570316 -0.006057
0.930000 41.338825 -0.006057
0.935000 41.116940 -0.006057
0.940000 40.898045 -0.006057
0.945000 40.690365 -0.006057
0.950000 40.480522 -0.006057
0.955000 40.289726 -0.006057
0.960000 40.082615 -0.006057
0.965000 39.899559 -0.006057
0.970000 39.720379 -0.006057
0.975000 39.547356 -0.006057
0.980000 39.370766 -0.006057
0.985000 39.205391 -0.006057
0.990000 39.053745 -0.006057
0.995000 38.890713 -0.006057
1.000000 38.732647 -0.006057
1.005000 38.583241 -0.006057
1.010000 38.441628 -0.006057
1.015000 38.296158 -0.006057
1.020000 38.164555 -0.006057
1.025000 38.028736 -0.006057
1.030000 37.895721 -0.006057
1.035000 37.768730 -0.006057
1.040000 37.644341 -0.006057
1.045000 37.521671 -0.006057
1.050000 37.408546 -0.006057
1.055000 37.284142 -0.006057
1.060000 37.168442 -0.006057
1.065000 37.057892 -0.006057
1.070000 36.943939 -0.006057
1.075000 36.841049 -0.006057
1.080000 36.727600 -0.006057
1.085000 36.623009 -0.006057
1.090000 36.514801 -0.006057
1.095000 36.408081 -0.006057
1.100000 36.304642 -0.006057
1.105000 36.213211 -0.006057
1.110000 36.119835 -0.006057
1.115000 36.026859 -0.006057
1.120000 35.926727 -0.006057
1.125000 35.831345 -0.006057
1.130000 35.747532 -0.006057
1.135000 35.656654 -0.006057
1.140000 35.558514 -0.006057
1.145000 35.461815 -0.006057
1.150000 35.382015 -0.006057
1.155000 35.292240 -0.006057
1.160000 35.200768 -0.006057
1.165000 35.122715 -0.006057
1.170000 35.045090 -0.006057
1.175000 34.954720 -0.006057
1.180000 34.864162 -0.006057
1.185000 34.773361 -0.006057
1.190000 34.701900 -0.006057
1.195000 34.606594 -0.006057
1.200000 34.532036 -0.006057
1.205000 34.444481 -0.006057
1.210000 34.365112 -0.006057
1.215000 34.293724 -0.006057
1.220000 34.205315 -0.006057
1.225000 34.126541 -0.006057
1.230000 34.054771 -0.006057
1.235000 33.979984 -0.006057
1.240000 33.895695 -0.006057
1.245000 33.817719 -0.006057
1.250000 33.739925 -0.006057
1.255000 33.654655 -0.006057
1.260000 33.581463 -0.006057
1.265000 33.493313 -0.006057
1.270000 33.415565 -0.006057
1.275000 33.341373 -0.006057
1.280000 33.258434 -0.006057
1.285000 33.171440 -0.006057
1.290000 33.098797 -0.006057
1.295000 33.024635 -0.006057
1.300000 32.945957 -0.006057
1.305000 32.864105 -0.006057
1.310000 32.787830 -0.006057
1.315000 32.719414 -0.006057
1.320000 32.642212 -0.006057
1.325000 32.564075 -0.006057
1.330000 32.494144 -0.006057
1.335000 32.416557 -0.006057
1.340000 32.347969 -0.006057
1.345000 32.265968 -0.006057
1.350000 32.188263 -0.006057
1.355000 32.110744 -0.006057
1.360000 32.034569 -0.006057
1.365000 31.956526 -0.006057
1.370000 31.879568 -0.006057
1.375000 31.807064 -0.006057
1.380000 31.722513 -0.006057
1.385000 31.650291 -0.006057
1.390000 31.585701 -0.006057
1.395000 31.503227 -0.006057
1.400000 31.426638 -0.006057
1.405000 31.347950 -0.006057
1.410000 31.278908 -0.006057
1.415000 31.211365 -0.006057
1.420000 31.134432 -0.006057
1.425000 31.057560 -0.006057
1.430000 30.983835 -0.006057
1.435000 30.911451 -0.006057
1.440000 30.830603 -0.006057
1.445000 30.752842 -0.006057
1.450000 30.678881 -0.006057
1.455000 30.603556 -0.006057
1.460000 30.536566 -0.006057
1.465000 30.456835 -0.006057
1.470000 30.395638 -0.006057
1.475000 30.322397 -0.006057
1.480000 30.245264 -0.006057
1.485000 30.172918 -0.006057
1.490000 30.102711 -0.006057
1.495000 30.030834 -0.006057
1.500000 29.955263 -0.006057
1.505000 29.883293 -0.006057
1.510000 29.814497 -0.006057
1.515000 29.748058 -0.006057
1.520000 29.668421 -0.006057
1.525000 29.595179 -0.006057
1.530000 29.522558 -0.006057
1.535000 29.461697 -0.006057
1.540000 29.390173 -0.006057
1.545000 29.325390 -0.006057
1.550000 29.255335 -0.006057
1.555000 29.182507 -0.006057
1.560000 29.108685 -0.006057
1.565000 29.050068 -0.006057
1.570000 28.980129 -0.006057
1.575000 28.914925 -0.006057
1.580000 28.854116 -0.006057
1.585000 28.779804 -0.006057
1.590000 28.724344 -0.006057
1.595000 28.657560 -0.006057
1.600000 28.595919 -0.006057
1.605000 28.529106 -0.006057
1.610000 28.463043 -0.006057
1.615000 28.406656 -0.006057
1.620000 28.334686 -0.006057
1.625000 28.274439 -0.006057
1.630000 28.212337 -0.006057
1.635000 28.142046 -0.006057
1.640000 28.078611 -0.006057
1.645000 28.020079 -0.006057
1.650000 27.958551 -0.006057
1.655000 27.897860 -0.006057
1.660000 27.838356 -0.006057
1.665000 27.762524 -0.006057
1.670000 27.705166 -0.006057
1.675000 27.648670 -0.006057
1.680000 27.581383 -0.006057
1.685000 27.518591 -0.006057
1.690000 27.463669 -0.006057
1.695000 27.396877 -0.006057
1.700000 27.341503 -0.006057
1.705000 27.276022 -0.006057
1.710000 27.216120 -0.006057
1.715000 27.161081 -0.006057
1.720000 27.104044 -0.006057
1.725000 27.042929 -0.006057
1.730000 26.993477 -0.006057
1.735000 26.933651 -0.006057
1.740000 26.870054 -0.006057
1.745000 26.809324 -0.006057
1.750000 26.763662 -0.006057
1.755000 26.705883 -0.006057
1.760000 26.648071 -0.006057
1.765000 26.593845 -0.006057
1.770000 26.539028 -0.006057
1.775000 26.489506 -0.006057
1.780000 26.427681 -0.006057
1.785000 26.370674 -0.006057
1.790000 26.322531 -0.006057
1.795000 26.257755 -0.006057
1.800000 26.203344 -0.006057
1.805000 26.146185 -0.006057
1.810000 26.098034 -0.006057
1.815000 26.037886 -0.006057
1.820000 25.985092 -0.006057
1.825000 25.928667 -0.006057
1.830000 25.876348 -0.006057
1.835000 25.829700 -0.006057
1.840000 25.765759 -0.006057
1.845000 25.703926 -0.006057
1.850000 25.661291 -0.006057
1.855000 25.615791 -0.006057
1.860000 25.557657 -0.006057
1.865000 25.513912 -0.006057
1.870000 25.467379 -0.006057
1.875000 25.413153 -0.006057
1.880000 25.357952 -0.006057
1.885000 25.310553 -0.006057
1.890000 25.260563 -0.006057
1.895000 25.212719 -0.006057
1.900000 25.167280 -0.006057
1.905000 25.110167 -0.006057
1.910000 25.050201 -0.006057
1.915000 25.013971 -0.006057
1.920000 24.965307 -0.006057
1.925000 24.909819 -0.006057
1.930000 24.865007 -0.006057
1.935000 24.820358 -0.006057
1.940000 24.773165 -0.006057
1.945000 24.719889 -0.006057
1.950000 24.679605 -0.006057
1.955000 24.632658 -0.006057
1.960000 24.586737 -0.006057
1.965000 24.526972 -0.006057
1.970000 24.485708 -0.006057
1.975000 24.436584 -0.006057
1.980000 24.391659 -0.006057
1.985000 24.349016 -0.006057
1.990000 24.302767 -0.006057
1.995000 24.264383 -0.006057
2.000000 24.212509 -0.006057
2.005000 24.171804 -0.006057
2.010000 24.127607 -0.006057
2.015000 24.092405 -0.006057
2.020000 24.041933 -0.006057
2.025000 23.995306 -0.006057
2.030000 23.964523 -0.006057
2.035000 23.923384 -0.006057
2.040000 23.874887 -0.006057
2.045000 23.830843 -0.006057
2.050000 23.787243 -0.006057
2.055000 23.742073 -0.006057
2.060000 23.699760 -0.006057
2.065000 23.662136 -0.006057
2.070000 23.615250 -0.006057
2.075000 23.573481 -0.006057
2.080000 23.527161 -0.006057
2.085000 23.479094 -0.006057
2.090000 23.438765 -0.006057
2.095000 23.410435 -0.006057
2.100000 23.366627 -0.006057
2.105000 23.314699 -0.006057
2.110000 23.288168 -0.006057
2.115000 23.240837 -0.006057
2.120000 23.204401 -0.006057
2.125000 23.160824 -0.006057
2.130000 23.125666 -0.006057
2.135000 23.087566 -0.006057
2.140000 23.040751 -0.006057
2.145000 23.004505 -0.006057
2.150000 22.959955 -0.006057
2.155000 22.919342 -0.006057
2.160000 22.886292 -0.006057
2.165000 22.852421 -0.006057
2.170000 22.817026 -0.006057
2.175000 22.782482 -0.006057
2.180000 22.738062 -0.006057
2.185000 22.699574 -0.006057
2.190000 22.665190 -0.006057
2.195000 22.634123 -0.006057
2.200000 22.589596 -0.006057
2.205000 22.551128 -0.006057
2.210000 22.516922 -0.006057
2.215000 22.474876 -0.006057
2.220000 22.443106 -0.006057
2.225000 22.400885 -0.006057
2.230000 22.371918 -0.006057
2.235000 22.334324 -0.006057
2.240000 22.295544 -0.006057
2.245000 22.259613 -0.006057
2.250000 22.226631 -0.006057
2.255000 22.194485 -0.006057
2.260000 22.160002 -0.006057
2.265000 22.122974 -0.006057
2.270000 22.092522 -0.006057
2.275000 22.052591 -0.006057
2.280000 22.016146 -0.006057
2.285000 21.976185 -0.006057
2.290000 21.962242 -0.006057
2.295000 21.899075 -0.006057
2.300000 21.877962 -0.006057
2.305000 21.848419 -0.006057
2.310000 21.815186 -0.006057
2.315000 21.784342 -0.006057
2.320000 21.742971 -0.006057
2.325000 21.707077 -0.006057
2.330000 21.685389 -0.006057
2.335000 21.653097 -0.006057
2.340000 21.615082 -0.006057
2.345000 21.583395 -0.006057
2.350000 21.552130 -0.006057
2.355000 21.519325 -0.006057
2.360000 21.485378 -0.006057
2.365000 21.450220 -0.006057
2.370000 21.420103 -0.006057
2.375000 21.391682 -0.006057
2.380000 21.363213 -0.006057
2.385000 21.329540 -0.006057
2.390000 21.300344 -0.006057
2.395000 21.263271 -0.006057
2.400000 21.234035 -0.006057
2.405000 21.201515 -0.006057
2.410000 21.182384 -0.006057
2.415000 21.152290 -0.006057
2.420000 21.121393 -0.006057
2.425000 21.090349 -0.006057
2.430000 21.066172 -0.006057
2.435000 21.030401 -0.006057
2.440000 20.999863 -0.006057
2.445000 20.969501 -0.006057
2.450000 20.937332 -0.006057
2.455000 20.906971 -0.006057
2.460000 20.878296 -0.006057
2.465000 20.843498 -0.006057
2.470000 20.817282 -0.006057
2.475000 20.790131 -0.006057
2.480000 20.761791 -0.006057
2.485000 20.731874 -0.006057
2.490000 20.706730 -0.006057
2.495000 20.678499 -0.006057
2.500000 20.648014 -0.006057
2.505000 20.620411 -0.006057
2.510000 20.591597 -0.006057
2.515000 20.562960 -0.006057
2.520000 20.528446 -0.006057
2.525000 20.504904 -0.006057
2.530000 20.480402 -0.006057
2.535000 20.446739 -0.006057
2.540000 20.422323 -0.006057
2.545000 20.397768 -0.006057
2.550000 20.366863 -0.006057
2.555000 20.349012 -0.006057
2.560000 20.317417 -0.006057
2.565000 20.285824 -0.006057
2.570000 20.268324 -0.006057
2.575000 20.241825 -0.006057
2.580000 20.210974 -0.006057
2.585000 20.186611 -0.006057
2.590000 20.150480 -0.006057
2.595000 20.128193 -0.006057
2.600000 20.097633 -0.006057
2.605000 20.074183 -0.006057
2.610000 20.043093 -0.006057
2.615000 20.019695 -0.006057
2.620000 19.993311 -0.006057
2.625000 19.964136 -0.006057
2.630000 19.947075 -0.006057
2.635000 19.918430 -0.006057
2.640000 19.890551 -0.006057
2.645000 19.865980 -0.006057
2.650000 19.843725 -0.006057
2.655000 19.815142 -0.006057
2.660000 19.787638 -0.006057
2.665000 19.803932 -0.006057
2.670000 19.883533 -0.006057
2.675000 20.011904 -0.006057
2.680000 20.158686 -0.006057
2.685000 20.322535 -0.006057
2.690000 20.516655 -0.006057
2.695000 20.711105 -0.006057
2.700000 20.907784 -0.006057
2.705000 21.078766 -0.006057
2.710000 21.211222 -0.006057
2.715000 21.316578 -0.006057
2.720000 21.369570 -0.006057
2.725000 21.388073 -0.006057
2.730000 21.380932 -0.006057
2.735000 21.338680 -0.006057
2.740000 21.281681 -0.006057
2.745000 21.180683 -0.006057
2.750000 21.061951 -0.006057
2.755000 20.914104 -0.006057
2.760000 20.726534 -0.006057
2.765000 20.503439 -0.006057
2.770000 20.227758 -0.006057
2.775000 19.910776 -0.006057
2.780000 19.570280 -0.006057
2.785000 19.146049 -0.006057
2.790000 18.727877 -0.006057
2.795000 18.266710 -0.006057
2.800000 17.802708 -0.006057
2.805000 17.297880 -0.006057
2.810000 16.803242 -0.006057
2.815000 16.292400 -0.006057
2.820000 15.791050 -0.006057
2.825000 15.307098 -0.006057
2.830000 14.802416 -0.006057
2.835000 14.328310 -0.006057
2.840000 13.865258 -0.006057
2.845000 13.397150 -0.006057
2.850000 12.951957 -0.006057
2.855000 12.527779 -0.006057
2.860000 12.114012 -0.006057
2.865000 11.724378 -0.006057
2.870000 11.334667 -0.006057
2.875000 10.975425 -0.006057
2.880000 10.611908 -0.006057
2.885000 10.283955 -0.006057
2.890000 9.951274 -0.006057
2.895000 9.641470 -0.006057
2.900000 9.340231 -0.006057
2.905000 9.052958 -0.006057
2.910000 8.783805 -0.006057
2.915000 8.541725 -0.006057
2.920000 8.298022 -0.006057
2.925000 8.074262 -0.006057
2.930000 7.862935 -0.006057
2.935000 7.660778 -0.006057
2.940000 7.464972 -0.006057
2.945000 7.276760 -0.006057
2.950000 7.107041 -0.006057
2.955000 6.931591 -0.006057
2.960000 6.782228 -0.006057
2.965000 6.621281 -0.006057
2.970000 6.470455 -0.006057
2.975000 6.339900 -0.006057
2.980000 6.210962 -0.006057
2.985000 6.082705 -0.006057
2.990000 5.963704 -0.006057
2.995000 5.861419 -0.006057
3.000000 5.755986 -0.006057
3.005000 5.661416 -0.006057
3.010000 5.566493 -0.006057
3.015000 5.484778 -0.006057
3.020000 5.382616 -0.006057
3.025000 5.309574 -0.006057
3.030000 5.231989 -0.006057
3.035000 5.160142 -0.006057
3.040000 5.083767 -0.006057
3.045000 5.017038 -0.006057
3.050000 4.954270 -0.006057
3.055000 4.884507 -0.006057
3.060000 4.832916 -0.006057
3.065000 4.771068 -0.006057
3.070000 4.716183 -0.006057
3.075000 4.678513 -0.006057
3.080000 4.627519 -0.006057
3.085000 4.580326 -0.006057
3.090000 4.537868 -0.006057
3.095000 4.489817 -0.006057
3.100000 4.457333 -0.006057
3.105000 4.404701 -0.006057
3.110000 4.360388 -0.006057
3.115000 4.328663 -0.006057
3.120000 4.290265 -0.006057
3.125000 4.249822 -0.006057
3.130000 4.221605 -0.006057
3.135000 4.184770 -0.006057
3.140000 4.149682 -0.006057
3.145000 4.115482 -0.006057
3.150000 4.089143 -0.006057
3.155000 4.062942 -0.006057
3.160000 4.030887 -0.006057
3.165000 4.008034 -0.006057
3.170000 3.971306 -0.006057
3.175000 3.951808 -0.006057
3.180000 3.916260 -0.006057
3.185000 3.888174 -0.006057
3.190000 3.861398 -0.006057
3.195000 3.835549 -0.006057
3.200000 3.814580 -0.006057
3.205000 3.776994 -0.006057
3.210000 3.763541 -0.006057
3.215000 3.745660 -0.006057
3.220000 3.724752 -0.006057
3.225000 3.695602 -0.006057
3.230000 3.672771 -0.006057
3.235000 3.650125 -0.006057
3.240000 3.639997 -0.006057
3.245000 3.606448 -0.006057
3.250000 3.585020 -0.006057
3.255000 3.570479 -0.006057
3.260000 3.553953 -0.006057
3.265000 3.527254 -0.006057
3.270000 3.495184 -0.006057
3.275000 3.488419 -0.006057
3.280000 3.466033 -0.006057
3.285000 3.449324 -0.006057
3.290000 3.427153 -0.006057
3.295000 3.402507 -0.006057
3.300000 3.389643 -0.006057
3.305000 3.369265 -0.006057
3.310000 3.348549 -0.006057
3.315000 3.330568 -0.006057
3.320000 3.314104 -0.006057
3.325000 3.295058 -0.006057
3.330000 3.274886 -0.006057
3.335000 3.259357 -0.006057
3.340000 3.253649 -0.006057
3.345000 3.227126 -0.006057
3.350000 3.208142 -0.006057
3.355000 3.196910 -0.006057
3.360000 3.185909 -0.006057
3.365000 3.170287 -0.006057
3.370000 3.146591 -0.006057
3.375000 3.136203 -0.006057
3.380000 3.136003 -0.006057
3.385000 3.113349 -0.006057
3.390000 3.100609 -0.006057
3.395000 3.084605 -0.006057
3.400000 3.069849 -0.006057
3.405000 3.051983 -0.006057
3.410000 3.040552 -0.006057
3.415000 3.027283 -0.006057
3.420000 3.013531 -0.006057
3.425000 2.998998 -0.006057
3.430000 2.980795 -0.006057
3.435000 2.978803 -0.006057
3.440000 2.962056 -0.006057
3.445000 2.956187 -0.006057
3.450000 2.939141 -0.006057
3.455000 2.929365 -0.006057
3.460000 2.918065 -0.006057
3.465000 2.905309 -0.006057
3.470000 2.893097 -0.006057
3.475000 2.878932 -0.006057
3.480000 2.868152 -0.006057
3.485000 2.847513 -0.006057
3.490000 2.839024 -0.006057
3.495000 2.822752 -0.006057
3.500000 2.821350 -0.006057
3.505000 2.803492 -0.006057
3.510000 2.790958 -0.006057
3.515000 2.773812 -0.006057
3.520000 2.763990 -0.006057
3.525000 2.760627 -0.006057
3.530000 2.734610 -0.006057
3.535000 2.732587 -0.006057
3.540000 2.721164 -0.006057
3.545000 2.703505 -0.006057
3.550000 2.697116 -0.006057
3.555000 2.692320 -0.006057
3.560000 2.676852 -0.006057
3.565000 2.656059 -0.006057
3.570000 2.643403 -0.006057
3.575000 2.633137 -0.006057
3.580000 2.621722 -0.006057
3.585000 2.622809 -0.006057
3.590000 2.605219 -0.006057
3.595000 2.600546 -0.006057
3.600000 2.586074 -0.006057
3.605000 2.572774 -0.006057
3.610000 2.569043 -0.006057
3.615000 2.545722 -0.006057
3.620000 2.543164 -0.006057
3.625000 2.527450 -0.006057
3.630000 2.520126 -0.006057
3.635000 2.518196 -0.006057
3.640000 2.503478 -0.006057
3.645000 2.488914 -0.006057
3.650000 2.489267 -0.006057
3.655000 2.477438 -0.006057
3.660000 2.469087 -0.006057
3.665000 2.456362 -0.006057
3.670000 2.451803 -0.006057
3.675000 2.448026 -0.006057
3.680000 2.428636 -0.006057
3.685000 2.426675 -0.006057
3.690000 2.414647 -0.006057
3.695000 2.403430 -0.006057
3.700000 2.396612 -0.006057
3.705000 2.394482 -0.006057
3.710000 2.386484 -0.006057
3.715000 2.379474 -0.006057
3.720000 2.362742 -0.006057
3.725000 2.359478 -0.006057
3.730000 2.368220 -0.006057
3.735000 2.343612 -0.006057
