0.000000 -62.416164 -0.006057
0.005000 0.136087 -0.006057
0.010000 1.339479 -0.006057
0.015000 1.386864 -0.006057
0.020000 1.390771 -0.006057
0.025000 1.388067 -0.006057
0.030000 1.392625 -0.006057
0.035000 1.387102 -0.006057
0.040000 1.396241 -0.006057
0.045000 1.392089 -0.006057
0.050000 1.394364 -0.006057
0.055000 1.378728 -0.006057
0.060000 1.382137 -0.006057
0.065000 1.382321 -0.006057
0.070000 1.385079 -0.006057
0.075000 1.384826 -0.006057
0.080000 1.386657 -0.006057
0.085000 1.385424 -0.006057
0.090000 1.386274 -0.006057
0.095000 1.381233 -0.006057
0.100000 1.375840 -0.006057
0.105000 1.392281 -0.006057
0.110000 1.382030 -0.006057
0.115000 1.387416 -0.006057
0.120000 1.380513 -0.006057
0.125000 1.385554 -0.006057
0.130000 1.382344 -0.006057
0.135000 1.385071 -0.006057
0.140000 1.387944 -0.006057
0.145000 1.392518 -0.006057
0.150000 1.392326 -0.006057
0.155000 1.394487 -0.006057
0.160000 1.388281 -0.006057
0.165000 1.390082 -0.006057
0.170000 1.401980 -0.006057
0.175000 1.384604 -0.006057
0.180000 1.385079 -0.006057
0.185000 1.386366 -0.006057
0.190000 1.388557 -0.006057
0.195000 1.388343 -0.006057
0.200000 1.386152 -0.006057
0.205000 1.388427 -0.006057
0.210000 1.379984 -0.006057
0.215000 1.388059 -0.006057
0.220000 1.389936 -0.006057
0.225000 1.384144 -0.006057
0.230000 1.389001 -0.006057
0.235000 1.390365 -0.006057
0.240000 1.383531 -0.006057
0.245000 1.387285 -0.006057
0.250000 1.381348 -0.006057
0.255000 1.392303 -0.006057
0.260000 1.387914 -0.006057
0.265000 1.388956 -0.006057
0.270000 1.379770 -0.006057
0.275000 1.386060 -0.006057
0.280000 1.390626 -0.006057
0.285000 1.379923 -0.006057
0.290000 1.387554 -0.006057
0.295000 1.384589 -0.006057
0.300000 1.385822 -0.006057
0.305000 1.383539 -0.006057
0.310000 1.389024 -0.006057
0.315000 1.378590 -0.006057
0.320000 1.391813 -0.006057
0.325000 1.382765 -0.006057
0.330000 1.390825 -0.006057
0.335000 1.382873 -0.006057
0.340000 1.379831 -0.006057
0.345000 1.390955 -0.006057
0.350000 1.383838 -0.006057
0.355000 1.390258 -0.006057
0.360000 1.386979 -0.006057
0.365000 1.393499 -0.006057
0.370000 1.397574 -0.006057
0.375000 1.397521 -0.006057
0.380000 1.385792 -0.006057
0.385000 1.388036 -0.006057
0.390000 1.393813 -0.006057
0.395000 1.393989 -0.006057
0.400000 1.392625 -0.006057
0.405000 1.396847 -0.006057
0.410000 1.385784 -0.006057
0.415000 1.393139 -0.006057
0.420000 1.396931 -0.006057
0.425000 1.386634 -0.006057
0.430000 1.401037 -0.006057
0.435000 1.394533 -0.006057
0.440000 1.393437 -0.006057
0.445000 1.396287 -0.006057
0.450000 1.398486 -0.006057
0.455000 1.396939 -0.006057
0.460000 1.391989 -0.006057
0.465000 1.404408 -0.006057
0.470000 1.403589 -0.006057
0.475000 1.398210 -0.006057
0.480000 1.399888 -0.006057
0.485000 1.403006 -0.006057
0.490000 1.396326 -0.006057
0.495000 1.403596 -0.006057
0.500000 1.389132 -0.006057
0.505000 1.404063 -0.006057
0.510000 1.395935 -0.006057
0.515000 1.399413 -0.006057
0.520000 1.397605 -0.006057
0.525000 1.396057 -0.006057
0.530000 1.405963 -0.006057
0.535000 1.391024 -0.006057
0.540000 1.391913 -0.006057
0.545000 1.393407 -0.006057
0.550000 1.394487 -0.006057
0.555000 1.398501 -0.006057
0.560000 1.396188 -0.006057
0.565000 1.402692 -0.006057
0.570000 1.402639 -0.006057
0.575000 1.402983 -0.006057
0.580000 1.395621 -0.006057
0.585000 1.398302 -0.006057
0.590000 1.399888 -0.006057
0.595000 1.399030 -0.006057
0.600000 1.402018 -0.006057
0.605000 1.400057 -0.006057
0.610000 1.402217 -0.006057
0.615000 1.403726 -0.006057
0.620000 1.408109 -0.006057
0.625000 1.405236 -0.006057
0.630000 1.404592 -0.006057
0.635000 1.402639 -0.006057
0.640000 1.394043 -0.006057
0.645000 1.395621 0.057947
0.650000 1.395973 1.594030
0.655000 1.402409 1.530027
0.660000 1.391085 -0.006057
0.665000 1.394219 -0.006057
0.670000 1.394234 -0.006057
0.675000 1.398969 -0.006057
0.680000 1.403673 -0.006057
0.685000 1.399459 -0.006057
0.690000 1.407733 -0.006057
0.695000 1.406607 -0.006057
0.700000 1.402493 -0.006057
0.705000 1.404500 -0.006057
0.710000 1.406216 -0.006057
0.715000 1.399965 -0.006057
0.720000 1.401482 -0.006057
0.725000 1.402210 -0.006057
0.730000 1.407197 -0.006057
0.735000 1.394602 -0.006057
0.740000 1.405282 -0.006057
0.745000 1.402340 -0.006057
0.750000 1.398785 -0.006057
0.755000 1.400593 -0.006057
0.760000 1.398609 -0.006057
0.765000 1.404822 -0.006057
0.770000 1.401895 -0.006057
0.775000 1.405895 -0.006057
0.780000 1.400693 -0.006057
0.785000 1.395697 -0.006057
0.790000 1.405726 -0.006057
0.795000 1.400455 -0.006057
0.800000 1.400524 -0.006057
0.805000 1.409419 -0.006057
0.810000 1.401160 -0.006057
0.815000 1.404653 -0.006057
0.820000 1.403611 -0.006057
0.825000 1.406063 -0.006057
0.830000 1.405182 -0.006057
0.835000 1.390940 -0.006057
0.840000 1.401497 -0.006057
0.845000 1.400149 -0.006057
0.850000 1.401122 -0.006057
0.855000 1.396985 -0.006057
0.860000 1.392771 -0.006057
0.865000 1.394970 -0.006057
0.870000 1.398371 -0.006057
0.875000 1.394211 -0.006057
0.880000 1.395697 -0.006057
0.885000 1.402041 -0.006057
0.890000 1.399903 -0.006057
0.895000 1.401175 -0.006057
0.900000 1.396540 -0.006057
0.905000 1.393997 -0.006057
0.910000 1.405144 -0.006057
0.915000 1.403918 -0.006057
0.920000 1.395383 -0.006057
0.925000 1.399942 -0.006057
0.930000 1.403343 -0.006057
0.935000 1.392288 -0.006057
0.940000 1.396333 -0.006057
0.945000 1.395146 -0.006057
0.950000 1.397674 -0.006057
0.955000 1.395245 -0.006057
0.960000 1.397092 -0.006057
0.965000 1.391675 -0.006057
0.970000 1.398953 -0.006057
0.975000 1.402960 -0.006057
0.980000 1.397904 -0.006057
0.985000 1.400509 -0.006057
0.990000 1.394472 -0.006057
0.995000 1.393476 -0.006057
1.000000 1.398003 -0.006057
1.005000 1.401788 -0.006057
1.010000 1.400332 -0.006057
1.015000 1.400034 -0.006057
1.020000 1.392687 -0.006057
1.025000 1.393077 -0.006057
1.030000 1.397023 -0.006057
1.035000 1.395567 -0.006057
1.040000 1.399689 -0.006057
1.045000 1.393139 -0.006057
1.050000 1.396295 -0.006057
1.055000 1.398210 -0.006057
1.060000 1.391024 -0.006057
1.065000 1.398900 -0.006057
1.070000 1.397835 -0.006057
1.075000 1.395874 -0.006057
1.080000 1.394364 -0.006057
1.085000 1.397789 -0.006057
1.090000 1.392564 -0.006057
1.095000 1.399015 -0.006057
1.100000 1.389369 -0.006057
1.105000 1.383256 -0.006057
1.110000 1.389561 -0.006057
1.115000 1.387155 -0.006057
1.120000 1.392372 -0.006057
1.125000 1.396165 -0.006057
1.130000 1.401604 -0.006057
1.135000 1.398141 -0.006057
1.140000 1.385186 -0.006057
1.145000 1.391852 -0.006057
1.150000 1.397965 -0.006057
1.155000 1.401382 -0.006057
1.160000 1.389300 -0.006057
1.165000 1.399835 -0.006057
1.170000 1.394671 -0.006057
1.175000 1.394449 -0.006057
1.180000 1.397858 -0.006057
1.185000 1.397483 -0.006057
1.190000 1.392779 -0.006057
1.195000 1.391775 -0.006057
1.200000 1.387270 -0.006057
1.205000 1.389124 -0.006057
1.210000 1.391392 -0.006057
1.215000 1.396218 -0.006057
1.220000 1.383493 -0.006057
1.225000 1.387431 -0.006057
1.230000 1.395199 -0.006057
1.235000 1.390227 -0.006057
1.240000 1.391369 -0.006057
1.245000 1.395927 -0.006057
1.250000 1.389385 -0.006057
1.255000 1.390649 -0.006057
1.260000 1.395996 -0.006057
1.265000 1.388327 -0.006057
1.270000 1.393775 -0.006057
1.275000 1.397015 -0.006057
1.280000 1.394066 -0.006057
1.285000 1.389683 -0.006057
1.290000 1.387668 -0.006057
1.295000 1.386994 -0.006057
1.300000 1.390649 -0.006057
1.305000 1.387255 -0.006057
1.310000 1.386810 -0.006057
1.315000 1.386757 -0.006057
1.320000 1.383049 -0.006057
1.325000 1.387730 -0.006057
1.330000 1.385424 -0.006057
1.335000 1.392173 -0.006057
1.340000 1.385010 -0.006057
1.345000 1.388887 -0.006057
1.350000 1.390702 -0.006057
1.355000 1.396379 -0.006057
1.360000 1.388327 -0.006057
1.365000 1.393024 -0.006057
1.370000 1.399620 -0.006057
1.375000 1.389469 -0.006057
1.380000 1.389607 -0.006057
1.385000 1.387760 -0.006057
1.390000 1.392893 -0.006057
1.395000 1.384052 -0.006057
1.400000 1.395537 -0.006057
1.405000 1.392656 -0.006057
1.410000 1.398915 -0.006057
1.415000 1.397590 -0.006057
1.420000 1.390220 -0.006057
1.425000 1.388657 -0.006057
1.430000 1.394993 -0.006057
1.435000 1.392005 -0.006057
1.440000 1.394196 -0.006057
1.445000 1.401459 -0.006057
1.450000 1.403060 -0.006057
1.455000 1.389921 -0.006057
1.460000 1.391170 -0.006057
1.465000 1.390404 -0.006057
1.470000 1.386925 -0.006057
1.475000 1.395828 -0.006057
1.480000 1.398908 -0.006057
1.485000 1.390702 -0.006057
1.490000 1.389063 -0.006057
1.495000 1.390434 -0.006057
1.500000 1.390817 -0.006057
1.505000 1.394847 -0.006057
1.510000 1.392066 -0.006057
1.515000 1.398103 -0.006057
1.520000 1.389063 -0.006057
1.525000 1.389553 -0.006057
1.530000 1.399398 -0.006057
1.535000 1.390580 -0.006057
1.540000 1.392020 -0.006057
1.545000 1.395904 -0.006057
1.550000 1.399084 -0.006057
1.555000 1.399651 -0.006057
1.560000 1.391737 -0.006057
1.565000 1.398003 -0.006057
1.570000 1.404286 -0.006057
1.575000 1.397061 -0.006057
1.580000 1.404684 -0.006057
1.585000 1.403604 -0.006057
1.590000 1.394801 -0.006057
1.595000 1.405358 -0.006057
1.600000 1.395491 -0.006057
1.605000 1.400693 -0.006057
1.610000 1.396195 -0.006057
1.615000 1.396004 -0.006057
1.620000 1.395062 -0.006057
1.625000 1.397007 -0.006057
1.630000 1.402700 -0.006057
1.635000 1.407005 -0.006057
1.640000 1.397613 -0.006057
1.645000 1.395759 -0.006057
1.650000 1.403014 -0.006057
1.655000 1.403818 -0.006057
1.660000 1.403144 -0.006057
1.665000 1.403159 -0.006057
1.670000 1.402776 -0.006057
1.675000 1.399919 -0.006057
1.680000 1.404132 -0.006057
1.685000 1.395062 -0.006057
1.690000 1.403642 -0.006057
1.695000 1.406538 -0.006057
1.700000 1.400340 -0.006057
1.705000 1.398371 -0.006057
1.710000 1.408905 -0.006057
1.715000 1.408538 -0.006057
1.720000 1.404745 -0.006057
1.725000 1.412292 -0.006057
1.730000 1.404876 -0.006057
1.735000 1.404401 -0.006057
1.740000 1.403474 -0.006057
1.745000 1.415333 -0.006057
1.750000 1.412046 -0.006057
1.755000 1.415226 -0.006057
1.760000 1.409748 -0.006057
1.765000 1.407480 -0.006057
1.770000 1.414008 -0.006057
1.775000 1.408530 -0.006057
1.780000 1.413265 -0.006057
1.785000 1.408231 -0.006057
1.790000 1.420344 -0.006057
1.795000 1.416429 -0.006057
1.800000 1.406523 -0.006057
1.805000 1.405389 -0.006057
1.810000 1.416222 -0.006057
1.815000 1.413265 -0.006057
1.820000 1.417655 -0.006057
1.825000 1.413763 -0.006057
1.830000 1.414705 -0.006057
1.835000 1.408055 -0.006057
1.840000 1.411227 -0.006057
1.845000 1.414268 -0.006057
1.850000 1.408668 -0.006057
1.855000 1.412276 -0.006057
1.860000 1.402677 -0.006057
1.865000 1.410307 -0.006057
1.870000 1.410966 -0.006057
1.875000 1.404807 -0.006057
1.880000 1.404355 -0.006057
1.885000 1.409725 -0.006057
1.890000 1.407634 -0.006057
1.895000 1.408446 -0.006057
1.900000 1.399068 -0.006057
1.905000 1.406990 -0.006057
1.910000 1.411395 -0.006057
1.915000 1.406124 -0.006057
1.920000 1.406661 -0.006057
1.925000 1.407212 -0.006057
1.930000 1.405841 -0.006057
1.935000 1.395521 -0.006057
1.940000 1.403757 -0.006057
1.945000 1.400348 -0.006057
1.950000 1.411978 -0.006057
1.955000 1.403428 -0.006057
1.960000 1.400915 -0.006057
1.965000 1.407220 -0.006057
1.970000 1.405603 -0.006057
1.975000 1.405197 -0.006057
1.980000 1.411234 -0.006057
1.985000 1.405335 -0.006057
1.990000 1.406438 -0.006057
1.995000 1.408959 -0.006057
2.000000 1.402049 -0.006057
2.005000 1.407028 -0.006057
2.010000 1.392909 -0.006057
2.015000 1.404362 -0.006057
2.020000 1.401420 -0.006057
2.025000 1.401773 -0.006057
2.030000 1.415188 -0.006057
2.035000 1.404753 -0.006057
2.040000 1.401106 -0.006057
2.045000 1.402845 -0.006057
2.050000 1.409733 -0.006057
2.055000 1.404592 -0.006057
2.060000 1.398862 -0.006057
2.065000 1.394150 -0.006057
2.070000 1.405703 -0.006057
2.075000 1.402140 -0.006057
2.080000 1.398601 -0.006057
2.085000 1.393491 -0.006057
2.090000 1.406469 -0.006057
2.095000 1.406592 -0.006057
2.100000 1.409350 -0.006057
2.105000 1.408484 -0.006057
2.110000 1.401206 -0.006057
2.115000 1.405305 -0.006057
2.120000 1.404094 -0.006057
2.125000 1.410376 -0.006057
2.130000 1.410070 -0.006057
2.135000 1.409273 -0.006057
2.140000 1.403719 -0.006057
2.145000 1.405856 -0.006057
2.150000 1.402301 -0.006057
2.155000 1.420244 -0.006057
2.160000 1.406255 -0.006057
2.165000 1.408737 -0.006057
2.170000 1.411158 -0.006057
2.175000 1.412966 -0.006057
2.180000 1.416306 -0.006057
2.185000 1.413173 -0.006057
2.190000 1.413671 -0.006057
2.195000 1.407771 -0.006057
2.200000 1.413885 -0.006057
2.205000 1.414873 -0.006057
2.210000 1.409610 -0.006057
2.215000 1.408775 -0.006057
2.220000 1.412544 -0.006057
2.225000 1.410553 -0.006057
2.230000 1.420773 -0.006057
2.235000 1.413027 -0.006057
2.240000 1.417072 -0.006057
2.245000 1.404033 -0.006057
2.250000 1.405925 -0.006057
2.255000 1.412269 -0.006057
2.260000 1.402018 -0.006057
2.265000 1.405534 -0.006057
2.270000 1.408055 -0.006057
2.275000 1.412889 -0.006057
2.280000 1.414207 -0.006057
2.285000 1.416888 -0.006057
2.290000 1.414582 -0.006057
2.295000 1.418696 -0.006057
2.300000 1.410453 -0.006057
2.305000 1.415678 -0.006057
2.310000 1.418421 -0.006057
2.315000 1.418306 -0.006057
2.320000 1.416000 -0.006057
2.325000 1.408584 -0.006057
2.330000 1.413877 -0.006057
2.335000 1.413586 -0.006057
2.340000 1.418367 -0.006057
2.345000 1.410438 -0.006057
2.350000 1.421493 -0.006057
2.355000 1.420014 -0.006057
2.360000 1.413288 -0.006057
2.365000 1.409442 -0.006057
2.370000 1.410346 -0.006057
2.375000 1.422979 -0.006057
2.380000 1.418329 -0.006057
2.385000 1.417992 -0.006057
2.390000 1.416475 -0.006057
2.395000 1.422979 -0.006057
2.400000 1.423140 -0.006057
2.405000 1.421784 -0.006057
2.410000 1.413694 -0.006057
2.415000 1.429392 -0.006057
2.420000 1.417248 -0.006057
2.425000 1.414958 -0.006057
2.430000 1.414919 -0.006057
2.435000 1.424550 -0.006057
2.440000 1.416023 -0.006057
2.445000 1.419800 -0.006057
2.450000 1.423247 -0.006057
2.455000 1.422037 -0.006057
2.460000 1.419011 -0.006057
2.465000 1.420566 -0.006057
2.470000 1.418750 -0.006057
2.475000 1.416383 -0.006057
2.480000 1.428349 -0.006057
2.485000 1.417379 -0.006057
2.490000 1.425438 -0.006057
2.495000 1.422213 -0.006057
2.500000 1.423201 -0.006057
2.505000 1.413571 -0.006057
2.510000 1.422619 -0.006057
2.515000 1.434440 -0.006057
2.520000 1.426894 -0.006057
2.525000 1.420987 -0.006057
2.530000 1.422496 -0.006057
2.535000 1.418030 -0.006057
2.540000 1.424327 -0.006057
2.545000 1.433153 -0.006057
2.550000 1.416773 -0.006057
2.555000 1.425063 -0.006057
2.560000 1.426350 -0.006057
2.565000 1.421646 -0.006057
2.570000 1.430954 -0.006057
2.575000 1.432510 -0.006057
2.580000 1.425883 -0.006057
2.585000 1.422006 -0.006057
2.590000 1.428319 -0.006057
2.595000 1.428043 -0.006057
2.600000 1.428510 -0.006057
2.605000 1.424741 -0.006057
2.610000 1.425147 -0.006057
2.615000 1.429499 -0.006057
2.620000 1.425798 -0.006057
2.625000 1.425523 -0.006057
2.630000 1.432372 -0.006057
2.635000 1.429008 -0.006057
2.640000 1.429407 -0.006057
2.645000 1.422129 -0.006057
2.650000 1.427246 -0.006057
2.655000 1.429422 -0.006057
2.660000 1.434662 -0.006057
2.665000 1.426879 -0.006057
2.670000 1.427047 -0.006057
2.675000 1.434387 -0.006057
2.680000 1.426120 -0.006057
2.685000 1.434003 -0.006057
2.690000 1.431943 -0.006057
2.695000 1.434034 -0.006057
2.700000 1.432012 -0.006057
2.705000 1.434570 -0.006057
2.710000 1.433659 -0.006057
2.715000 1.430587 -0.006057
2.720000 1.429874 -0.006057
2.725000 1.425431 -0.006057
2.730000 1.440585 -0.006057
2.735000 1.432601 -0.006057
2.740000 1.430556 -0.006057
2.745000 1.426327 -0.006057
2.750000 1.431889 -0.006057
2.755000 1.440018 -0.006057
2.760000 1.431314 -0.006057
2.765000 1.434578 -0.006057
2.770000 1.438746 -0.006057
2.775000 1.435214 -0.006057
2.780000 1.430671 -0.006057
2.785000 1.426779 -0.006057
2.790000 1.435436 -0.006057
2.795000 1.434333 -0.006057
2.800000 1.430387 -0.006057
2.805000 1.439451 -0.006057
2.810000 1.430594 -0.006057
2.815000 1.440883 -0.006057
2.820000 1.435405 -0.006057
2.825000 1.430962 -0.006057
2.830000 1.441481 -0.006057
2.835000 1.431713 -0.006057
2.840000 1.431651 -0.006057
2.845000 1.431866 -0.006057
2.850000 1.434624 -0.006057
2.855000 1.438072 -0.006057
2.860000 1.438761 -0.006057
2.865000 1.428802 -0.006057
2.870000 1.438593 -0.006057
2.875000 1.430066 -0.006057
2.880000 1.434233 -0.006057
2.885000 1.425492 -0.006057
2.890000 1.433000 -0.006057
2.895000 1.438141 -0.006057
2.900000 1.440140 -0.006057
2.905000 1.430449 -0.006057
2.910000 1.436386 -0.006057
2.915000 1.445243 -0.006057
2.920000 1.433590 -0.006057
2.925000 1.430150 -0.006057
2.930000 1.426411 -0.006057
2.935000 1.430165 -0.006057
2.940000 1.432218 -0.006057
2.945000 1.433781 -0.006057
2.950000 1.421876 -0.006057
2.955000 1.425500 -0.006057
2.960000 1.412498 -0.006057
2.965000 1.419807 -0.006057
2.970000 1.422489 -0.006057
2.975000 1.420106 -0.006057
2.980000 1.424419 -0.006057
2.985000 1.421286 -0.006057
2.990000 1.422152 -0.006057
2.995000 1.423600 -0.006057
3.000000 1.419662 -0.006057
3.005000 1.419968 -0.006057
3.010000 1.423194 -0.006057
3.015000 1.420558 -0.006057
3.020000 1.421462 -0.006057
3.025000 1.412169 -0.006057
3.030000 1.425576 -0.006057
3.035000 1.419731 -0.006057
3.040000 1.415931 -0.006057
3.045000 1.431291 -0.006057
3.050000 1.429537 -0.006057
3.055000 1.427469 -0.006057
3.060000 1.422964 -0.006057
3.065000 1.422374 -0.006057
3.070000 1.419593 -0.006057
3.075000 1.423975 -0.006057
3.080000 1.413916 -0.006057
