0.000000 -62.659576 -0.006057
0.005000 -0.572239 -0.006057
0.010000 0.629683 -0.006057
0.015000 0.679696 -0.006057
0.020000 0.675880 -0.006057
0.025000 0.669169 -0.006057
0.030000 0.677374 -0.006057
0.035000 0.671092 -0.006057
0.040000 0.667254 -0.006057
0.045000 0.664833 -0.006057
0.050000 0.674233 -0.006057
0.055000 0.678868 -0.006057
0.060000 0.678554 -0.006057
0.065000 0.668863 -0.006057
0.070000 0.670035 -0.006057
0.075000 0.677167 -0.006057
0.080000 0.666924 -0.006057
0.085000 0.674999 -0.006057
0.090000 0.670341 -0.006057
0.095000 0.675467 -0.006057
0.100000 0.668832 -0.006057
0.105000 0.664465 -0.006057
0.110000 0.669039 -0.006057
0.115000 0.668955 -0.006057
0.120000 0.666809 -0.006057
0.125000 0.668035 -0.006057
0.130000 0.669636 -0.006057
0.135000 0.667476 -0.006057
0.140000 0.667369 -0.006057
0.145000 0.665239 -0.006057
0.150000 0.668893 -0.006057
0.155000 0.668020 -0.006057
0.160000 0.664458 -0.006057
0.165000 0.664657 -0.006057
0.170000 0.665668 -0.006057
0.175000 0.668962 -0.006057
0.180000 0.667744 -0.006057
0.185000 0.661539 -0.006057
0.190000 0.666112 -0.006057
0.195000 0.660895 -0.006057
0.200000 0.664580 -0.006057
0.205000 0.657409 -0.006057
0.210000 0.667882 -0.006057
0.215000 0.661064 -0.006057
0.220000 0.658421 -0.006057
0.225000 0.662358 -0.006057
0.230000 0.663262 -0.006057
0.235000 0.672923 -0.006057
0.240000 0.664557 -0.006057
0.245000 0.662527 -0.006057
0.250000 0.659455 -0.006057
0.255000 0.670441 -0.006057
0.260000 0.669269 -0.006057
0.265000 0.665905 -0.006057
0.270000 0.659616 -0.006057
0.275000 0.656459 -0.006057
0.280000 0.655701 -0.006057
0.285000 0.661799 -0.006057
0.290000 0.667668 -0.006057
0.295000 0.660972 -0.006057
0.300000 0.663385 -0.006057
0.305000 0.652131 -0.006057
0.310000 0.666924 -0.006057
0.315000 0.655885 -0.006057
0.320000 0.659999 -0.006057
0.325000 0.659884 -0.006057
0.330000 0.654820 -0.006057
0.335000 0.659547 -0.006057
0.340000 0.657041 -0.006057
0.345000 0.658191 -0.006057
0.350000 0.651725 -0.006057
0.355000 0.659991 -0.006057
0.360000 0.652345 -0.006057
0.365000 0.657846 -0.006057
0.370000 0.647794 -0.006057
0.375000 0.659286 -0.006057
0.380000 0.653410 -0.006057
0.385000 0.656835 -0.006057
0.390000 0.654988 -0.006057
0.395000 0.656360 -0.006057
0.400000 0.657287 -0.006057
0.405000 0.647787 -0.006057
0.410000 0.650269 -0.006057
0.415000 0.650951 -0.006057
0.420000 0.652690 -0.006057
0.425000 0.650169 -0.006057
0.430000 0.650430 -0.006057
0.435000 0.655777 -0.006057
0.440000 0.663025 -0.006057
0.445000 0.654843 -0.006057
0.450000 0.654965 -0.006057
0.455000 0.650828 -0.006057
0.460000 0.654598 -0.006057
0.465000 0.646032 -0.006057
0.470000 0.646002 -0.006057
0.475000 0.650330 -0.006057
0.480000 0.647450 -0.006057
0.485000 0.644286 -0.006057
0.490000 0.641949 -0.006057
0.495000 0.652774 -0.006057
0.500000 0.648300 -0.006057
0.505000 0.652698 -0.006057
0.510000 0.653111 -0.006057
0.515000 0.649671 -0.006057
0.520000 0.645098 -0.006057
0.525000 0.649388 -0.006057
0.530000 0.643971 -0.006057
0.535000 0.649641 -0.006057
0.540000 0.649350 -0.006057
0.545000 0.643496 -0.006057
0.550000 0.643941 -0.006057
0.555000 0.647404 -0.006057
0.560000 0.648032 -0.006057
0.565000 0.646270 -0.006057
0.570000 0.658681 -0.006057
0.575000 0.654421 -0.006057
0.580000 0.653165 -0.006057
0.585000 0.640708 -0.006057
0.590000 0.649564 -0.006057
0.595000 0.650077 -0.006057
0.600000 0.652008 -0.006057
0.605000 0.645029 -0.006057
0.610000 0.643765 -0.006057
0.615000 0.646875 -0.006057
0.620000 0.644707 -0.006057
0.625000 0.644010 -0.006057
0.630000 0.644921 -0.006057
0.635000 0.656337 -0.006057
0.640000 0.643795 -0.006057
0.645000 0.642907 0.041955
0.650000 0.647442 1.194242
0.655000 0.648967 1.146230
0.660000 0.638792 -0.006057
0.665000 0.647542 -0.006057
0.670000 0.673919 -0.006057
0.675000 1.260891 -0.006057
0.680000 3.581043 -0.006057
0.685000 7.603556 -0.006057
0.690000 12.247662 -0.006057
0.695000 16.981449 -0.006057
0.700000 21.838591 -0.006057
0.705000 26.537827 -0.006057
0.710000 31.041929 -0.006057
0.715000 35.248741 -0.006057
0.720000 39.172234 -0.006057
0.725000 42.674511 -0.006057
0.730000 45.814384 -0.006057
0.735000 48.566109 -0.006057
0.740000 50.917011 -0.006057
0.745000 52.867157 -0.006057
0.750000 54.378227 -0.006057
0.755000 55.396095 -0.006057
0.760000 55.809845 -0.006057
0.765000 55.559048 -0.006057
0.770000 54.763157 -0.006057
0.775000 53.548809 -0.006057
0.780000 52.013470 -0.006057
0.785000 50.250595 -0.006057
0.790000 48.396595 -0.006057
0.795000 46.768234 -0.006057
0.800000 45.321140 -0.006057
0.805000 44.085644 -0.006057
0.810000 43.030575 -0.006057
0.815000 42.109573 -0.006057
0.820000 41.293560 -0.006057
0.825000 40.562054 -0.006057
0.830000 39.885521 -0.006057
0.835000 39.248615 -0.006057
0.840000 38.638123 -0.006057
0.845000 38.048809 -0.006057
0.850000 37.475857 -0.006057
0.855000 36.912773 -0.006057
0.860000 36.359955 -0.006057
0.865000 35.839497 -0.006057
0.870000 35.331650 -0.006057
0.875000 34.830593 -0.006057
0.880000 34.342403 -0.006057
0.885000 33.874134 -0.006057
0.890000 33.413467 -0.006057
0.895000 32.965408 -0.006057
0.900000 32.528343 -0.006057
0.905000 32.091671 -0.006057
0.910000 31.668663 -0.006057
0.915000 31.260489 -0.006057
0.920000 30.846447 -0.006057
0.925000 30.449350 -0.006057
0.930000 30.068443 -0.006057
0.935000 29.688929 -0.006057
0.940000 29.333311 -0.006057
0.945000 28.974077 -0.006057
0.950000 28.641840 -0.006057
0.955000 28.323969 -0.006057
0.960000 28.022898 -0.006057
0.965000 27.715576 -0.006057
0.970000 27.424810 -0.006057
0.975000 27.153313 -0.006057
0.980000 26.894838 -0.006057
0.985000 26.633583 -0.006057
0.990000 26.403946 -0.006057
0.995000 26.168203 -0.006057
1.000000 25.953344 -0.006057
1.005000 25.734991 -0.006057
1.010000 25.542297 -0.006057
1.015000 25.342432 -0.006057
1.020000 25.153597 -0.006057
1.025000 24.974211 -0.006057
1.030000 24.802231 -0.006057
1.035000 24.644333 -0.006057
1.040000 24.485838 -0.006057
1.045000 24.339457 -0.006057
1.050000 24.188499 -0.006057
1.055000 24.044331 -0.006057
1.060000 23.913645 -0.006057
1.065000 23.774372 -0.006057
1.070000 23.655256 -0.006057
1.075000 23.538254 -0.006057
1.080000 23.416885 -0.006057
1.085000 23.297194 -0.006057
1.090000 23.189140 -0.006057
1.095000 23.093788 -0.006057
1.100000 22.998177 -0.006057
1.105000 22.900127 -0.006057
1.110000 22.806400 -0.006057
1.115000 22.715754 -0.006057
1.120000 22.635548 -0.006057
1.125000 22.552048 -0.006057
1.130000 22.468870 -0.006057
1.135000 22.393822 -0.006057
1.140000 22.317707 -0.006057
1.145000 22.247332 -0.006057
1.150000 22.171095 -0.006057
1.155000 22.108854 -0.006057
1.160000 22.041887 -0.006057
1.165000 21.972485 -0.006057
1.170000 21.910543 -0.006057
1.175000 21.852741 -0.006057
1.180000 21.790831 -0.006057
1.185000 21.741890 -0.006057
1.190000 21.682899 -0.006057
1.195000 21.627922 -0.006057
1.200000 21.568104 -0.006057
1.205000 21.521700 -0.006057
1.210000 21.463459 -0.006057
1.215000 21.423107 -0.006057
1.220000 21.376045 -0.006057
1.225000 21.312296 -0.006057
1.230000 21.271223 -0.006057
1.235000 21.233355 -0.006057
1.240000 21.186537 -0.006057
1.245000 21.139826 -0.006057
1.250000 21.096609 -0.006057
1.255000 21.057016 -0.006057
1.260000 21.014688 -0.006057
1.265000 20.974550 -0.006057
1.270000 20.929157 -0.006057
1.275000 20.901808 -0.006057
1.280000 20.864857 -0.006057
1.285000 20.815527 -0.006057
1.290000 20.773123 -0.006057
1.295000 20.737022 -0.006057
1.300000 20.700670 -0.006057
1.305000 20.659239 -0.006057
1.310000 20.621607 -0.006057
1.315000 20.589008 -0.006057
1.320000 20.559551 -0.006057
1.325000 20.521996 -0.006057
1.330000 20.485283 -0.006057
1.335000 20.459127 -0.006057
1.340000 20.417572 -0.006057
1.345000 20.378883 -0.006057
1.350000 20.339537 -0.006057
1.355000 20.304188 -0.006057
1.360000 20.279396 -0.006057
1.365000 20.245058 -0.006057
1.370000 20.203274 -0.006057
1.375000 20.176336 -0.006057
1.380000 20.145706 -0.006057
1.385000 20.104919 -0.006057
1.390000 20.071653 -0.006057
1.395000 20.038994 -0.006057
1.400000 20.017689 -0.006057
1.405000 19.978685 -0.006057
1.410000 19.947580 -0.006057
1.415000 19.920881 -0.006057
1.420000 19.886198 -0.006057
1.425000 19.854933 -0.006057
1.430000 19.823860 -0.006057
1.435000 19.800806 -0.006057
1.440000 19.766010 -0.006057
1.445000 19.730753 -0.006057
1.450000 19.705011 -0.006057
1.455000 19.675423 -0.006057
1.460000 19.642504 -0.006057
1.465000 19.611008 -0.006057
1.470000 19.573997 -0.006057
1.475000 19.554468 -0.006057
1.480000 19.522644 -0.006057
1.485000 19.490818 -0.006057
1.490000 19.462534 -0.006057
1.495000 19.433367 -0.006057
1.500000 19.404829 -0.006057
1.505000 19.370354 -0.006057
1.510000 19.343248 -0.006057
1.515000 19.314442 -0.006057
1.520000 19.284502 -0.006057
1.525000 19.244274 -0.006057
1.530000 19.222393 -0.006057
1.535000 19.193165 -0.006057
1.540000 19.168772 -0.006057
1.545000 19.123755 -0.006057
1.550000 19.103621 -0.006057
1.555000 19.082146 -0.006057
1.560000 19.049618 -0.006057
1.565000 19.020596 -0.006057
1.570000 18.987997 -0.006057
1.575000 18.968515 -0.006057
1.580000 18.949339 -0.006057
1.585000 18.925774 -0.006057
1.590000 18.897810 -0.006057
1.595000 18.884480 -0.006057
1.600000 18.860201 -0.006057
1.605000 18.839701 -0.006057
1.610000 18.816732 -0.006057
1.615000 18.794407 -0.006057
1.620000 18.776388 -0.006057
1.625000 18.757542 -0.006057
1.630000 18.729416 -0.006057
1.635000 18.716568 -0.006057
1.640000 18.704365 -0.006057
1.645000 18.678776 -0.006057
1.650000 18.649487 -0.006057
1.655000 18.634823 -0.006057
1.660000 18.616383 -0.006057
1.665000 18.593391 -0.006057
1.670000 18.572899 -0.006057
1.675000 18.549042 -0.006057
1.680000 18.534040 -0.006057
1.685000 18.510214 -0.006057
1.690000 18.489330 -0.006057
1.695000 18.471823 -0.006057
1.700000 18.444880 -0.006057
1.705000 18.416870 -0.006057
1.710000 18.398184 -0.006057
1.715000 18.370550 -0.006057
1.720000 18.342909 -0.006057
1.725000 18.320047 -0.006057
1.730000 18.297907 -0.006057
1.735000 18.279964 -0.006057
1.740000 18.241175 -0.006057
1.745000 18.220421 -0.006057
1.750000 18.193813 -0.006057
1.755000 18.173542 -0.006057
1.760000 18.154060 -0.006057
1.765000 18.124794 -0.006057
1.770000 18.095182 -0.006057
1.775000 18.069227 -0.006057
1.780000 18.055813 -0.006057
1.785000 18.022041 -0.006057
1.790000 17.997824 -0.006057
1.795000 17.971691 -0.006057
1.800000 17.946556 -0.006057
1.805000 17.920094 -0.006057
1.810000 17.896444 -0.006057
1.815000 17.873476 -0.006057
1.820000 17.855854 -0.006057
1.825000 17.832533 -0.006057
1.830000 17.808731 -0.006057
1.835000 17.781570 -0.006057
1.840000 17.759630 -0.006057
1.845000 17.730755 -0.006057
1.850000 17.709618 -0.006057
1.855000 17.680696 -0.006057
1.860000 17.659252 -0.006057
1.865000 17.627022 -0.006057
1.870000 17.596498 -0.006057
1.875000 17.584923 -0.006057
1.880000 17.554592 -0.006057
1.885000 17.530024 -0.006057
1.890000 17.507269 -0.006057
1.895000 17.479221 -0.006057
1.900000 17.456966 -0.006057
1.905000 17.433407 -0.006057
1.910000 17.405636 -0.006057
1.915000 17.380966 -0.006057
1.920000 17.353439 -0.006057
1.925000 17.337597 -0.006057
1.930000 17.308054 -0.006057
1.935000 17.285431 -0.006057
1.940000 17.263374 -0.006057
1.945000 17.235580 -0.006057
1.950000 17.215101 -0.006057
1.955000 17.191069 -0.006057
1.960000 17.165655 -0.006057
1.965000 17.139631 -0.006057
1.970000 17.108755 -0.006057
1.975000 17.079092 -0.006057
1.980000 17.062061 -0.006057
1.985000 17.035017 -0.006057
1.990000 17.001415 -0.006057
1.995000 16.985218 -0.006057
2.000000 16.954720 -0.006057
2.005000 16.940201 -0.006057
2.010000 16.907036 -0.006057
2.015000 16.888756 -0.006057
2.020000 16.862600 -0.006057
2.025000 16.828754 -0.006057
2.030000 16.815592 -0.006057
2.035000 16.794086 -0.006057
2.040000 16.762552 -0.006057
2.045000 16.743668 -0.006057
2.050000 16.709408 -0.006057
2.055000 16.685404 -0.006057
