0.000000 -62.391228 -0.006057
0.005000 0.203574 -0.006057
0.010000 1.397582 -0.006057
0.015000 1.454053 -0.006057
0.020000 1.446445 -0.006057
0.025000 1.454589 -0.006057
0.030000 1.449709 -0.006057
0.035000 1.448935 -0.006057
0.040000 1.445273 -0.006057
0.045000 1.443013 -0.006057
0.050000 1.440669 -0.006057
0.055000 1.442538 -0.006057
0.060000 1.447234 -0.006057
0.065000 1.450015 -0.006057
0.070000 1.438669 -0.006057
0.075000 1.444676 -0.006057
0.080000 1.446966 -0.006057
0.085000 1.444798 -0.006057
0.090000 1.448698 -0.006057
0.095000 1.444867 -0.006057
0.100000 1.445250 -0.006057
0.105000 1.448292 -0.006057
0.110000 1.436731 -0.006057
0.115000 1.442982 -0.006057
0.120000 1.438776 -0.006057
0.125000 1.435773 -0.006057
0.130000 1.452865 -0.006057
0.135000 1.441757 -0.006057
0.140000 1.442569 -0.006057
0.145000 1.447288 -0.006057
0.150000 1.443511 -0.006057
0.155000 1.448751 -0.006057
0.160000 1.447165 -0.006057
0.165000 1.441864 -0.006057
0.170000 1.447158 -0.006057
0.175000 1.444806 -0.006057
0.180000 1.440799 -0.006057
0.185000 1.437045 -0.006057
0.190000 1.441573 -0.006057
0.195000 1.443534 -0.006057
0.200000 1.441818 -0.006057
0.205000 1.440048 -0.006057
0.210000 1.439351 -0.006057
0.215000 1.435390 -0.006057
0.220000 1.437581 -0.006057
0.225000 1.439397 -0.006057
0.230000 1.453141 -0.006057
0.235000 1.438516 -0.006057
0.240000 1.441787 -0.006057
0.245000 1.441573 -0.006057
0.250000 1.440699 -0.006057
0.255000 1.432150 -0.006057
0.260000 1.429223 -0.006057
0.265000 1.436800 -0.006057
0.270000 1.430901 -0.006057
0.275000 1.432157 -0.006057
0.280000 1.434486 -0.006057
0.285000 1.441496 -0.006057
0.290000 1.435467 -0.006057
0.295000 1.440178 -0.006057
0.300000 1.437604 -0.006057
0.305000 1.449364 -0.006057
0.310000 1.438064 -0.006057
0.315000 1.443641 -0.006057
0.320000 1.446461 -0.006057
0.325000 1.446254 -0.006057
0.330000 1.443726 -0.006057
0.335000 1.441182 -0.006057
0.340000 1.439711 -0.006057
0.345000 1.441435 -0.006057
0.350000 1.436011 -0.006057
0.355000 1.438064 -0.006057
0.360000 1.443787 -0.006057
0.365000 1.442684 -0.006057
0.370000 1.440952 -0.006057
0.375000 1.437106 -0.006057
0.380000 1.444078 -0.006057
0.385000 1.435589 -0.006057
0.390000 1.442730 -0.006057
0.395000 1.435804 -0.006057
0.400000 1.437558 -0.006057
0.405000 1.447150 -0.006057
0.410000 1.441443 -0.006057
0.415000 1.444001 -0.006057
0.420000 1.445419 -0.006057
0.425000 1.443228 -0.006057
0.430000 1.439098 -0.006057
0.435000 1.435199 -0.006057
0.440000 1.435858 -0.006057
0.445000 1.433620 -0.006057
0.450000 1.437849 -0.006057
0.455000 1.436317 -0.006057
0.460000 1.431322 -0.006057
0.465000 1.440209 -0.006057
0.470000 1.442101 -0.006057
0.475000 1.440669 -0.006057
0.480000 1.436585 -0.006057
0.485000 1.437183 -0.006057
0.490000 1.436708 -0.006057
0.495000 1.431514 -0.006057
0.500000 1.438141 -0.006057
0.505000 1.439435 -0.006057
0.510000 1.441558 -0.006057
0.515000 1.439619 -0.006057
0.520000 1.440278 -0.006057
0.525000 1.436317 -0.006057
0.530000 1.448146 -0.006057
0.535000 1.434118 -0.006057
0.540000 1.433299 -0.006057
0.545000 1.443580 -0.006057
0.550000 1.437091 -0.006057
0.555000 1.437305 -0.006057
0.560000 1.426358 -0.006057
0.565000 1.435206 -0.006057
0.570000 1.441236 -0.006057
0.575000 1.437420 -0.006057
0.580000 1.441626 -0.006057
0.585000 1.428426 -0.006057
0.590000 1.439428 -0.006057
0.595000 1.435812 -0.006057
0.600000 1.436501 -0.006057
0.605000 1.434409 -0.006057
0.610000 1.438018 -0.006057
0.615000 1.428434 -0.006057
0.620000 1.434900 -0.006057
0.625000 1.439022 -0.006057
0.630000 1.434900 -0.006057
0.635000 1.427085 -0.006057
0.640000 1.430280 -0.006057
0.645000 1.428863 0.017949
0.650000 1.433053 0.594092
0.655000 1.431751 0.570086
0.660000 1.435467 -0.006057
0.665000 1.426319 -0.006057
0.670000 1.434456 -0.006057
0.675000 1.423799 -0.006057
0.680000 1.430954 -0.006057
0.685000 1.425775 -0.006057
0.690000 1.434272 -0.006057
0.695000 1.435697 -0.006057
0.700000 1.432923 -0.006057
0.705000 1.431337 -0.006057
0.710000 1.431590 -0.006057
0.715000 1.431307 -0.006057
0.720000 1.436984 -0.006057
0.725000 1.429905 -0.006057
0.730000 1.434088 -0.006057
0.735000 1.439995 -0.006057
0.740000 1.427560 -0.006057
0.745000 1.434946 -0.006057
0.750000 1.436287 -0.006057
0.755000 1.431935 -0.006057
0.760000 1.428480 -0.006057
0.765000 1.427844 -0.006057
0.770000 1.437796 -0.006057
0.775000 1.428089 -0.006057
0.780000 1.434172 -0.006057
0.785000 1.435382 -0.006057
0.790000 1.430288 -0.006057
0.795000 1.431445 -0.006057
0.800000 1.428051 -0.006057
0.805000 1.437137 -0.006057
0.810000 1.430993 -0.006057
0.815000 1.435222 -0.006057
0.820000 1.427974 -0.006057
0.825000 1.430587 -0.006057
0.830000 1.427254 -0.006057
0.835000 1.428487 -0.006057
0.840000 1.432816 -0.006057
0.845000 1.431399 -0.006057
0.850000 1.426993 -0.006057
0.855000 1.429981 -0.006057
0.860000 1.423837 -0.006057
0.865000 1.433130 -0.006057
0.870000 1.432211 -0.006057
0.875000 1.426679 -0.006057
0.880000 1.434333 -0.006057
0.885000 1.430771 -0.006057
0.890000 1.434402 -0.006057
0.895000 1.431291 -0.006057
0.900000 1.419792 -0.006057
0.905000 1.427292 -0.006057
0.910000 1.432104 -0.006057
0.915000 1.425055 -0.006057
0.920000 1.423891 -0.006057
0.925000 1.421615 -0.006057
0.930000 1.428104 -0.006057
0.935000 1.417846 -0.006057
0.940000 1.427423 -0.006057
0.945000 1.432218 -0.006057
0.950000 1.424281 -0.006057
0.955000 1.431284 -0.006057
0.960000 1.423385 -0.006057
0.965000 1.427790 -0.006057
0.970000 1.424327 -0.006057
0.975000 1.425568 -0.006057
0.980000 1.425117 -0.006057
0.985000 1.422450 -0.006057
0.990000 1.427491 -0.006057
0.995000 1.431406 -0.006057
1.000000 1.424703 -0.006057
1.005000 1.429169 -0.006057
1.010000 1.418459 -0.006057
1.015000 1.423990 -0.006057
1.020000 1.419394 -0.006057
1.025000 1.419171 -0.006057
1.030000 1.424856 -0.006057
1.035000 1.420282 -0.006057
1.040000 1.428273 -0.006057
1.045000 1.426695 -0.006057
1.050000 1.429070 -0.006057
1.055000 1.422113 -0.006057
1.060000 1.424450 -0.006057
1.065000 1.421646 -0.006057
1.070000 1.425829 -0.006057
1.075000 1.433559 -0.006057
1.080000 1.426833 -0.006057
1.085000 1.423776 -0.006057
1.090000 1.424335 -0.006057
1.095000 1.428250 -0.006057
1.100000 1.425523 -0.006057
1.105000 1.425247 -0.006057
1.110000 1.422772 -0.006057
1.115000 1.425316 -0.006057
1.120000 1.420152 -0.006057
1.125000 1.422282 -0.006057
1.130000 1.420351 -0.006057
1.135000 1.419271 -0.006057
1.140000 1.411296 -0.006057
1.145000 1.423661 -0.006057
1.150000 1.427063 -0.006057
1.155000 1.413663 -0.006057
1.160000 1.422198 -0.006057
1.165000 1.417861 -0.006057
1.170000 1.422473 -0.006057
1.175000 1.420650 -0.006057
1.180000 1.416666 -0.006057
1.185000 1.413801 -0.006057
1.190000 1.418015 -0.006057
1.195000 1.423983 -0.006057
1.200000 1.423730 -0.006057
1.205000 1.421324 -0.006057
1.210000 1.419187 -0.006057
1.215000 1.426771 -0.006057
1.220000 1.417777 -0.006057
1.225000 1.417042 -0.006057
1.230000 1.422780 -0.006057
1.235000 1.422259 -0.006057
1.240000 1.425982 -0.006057
1.245000 1.419968 -0.006057
1.250000 1.419815 -0.006057
1.255000 1.418712 -0.006057
1.260000 1.414690 -0.006057
1.265000 1.413924 -0.006057
1.270000 1.420160 -0.006057
1.275000 1.419922 -0.006057
1.280000 1.425691 -0.006057
1.285000 1.418451 -0.006057
1.290000 1.433352 -0.006057
1.295000 1.417616 -0.006057
1.300000 1.414567 -0.006057
1.305000 1.414559 -0.006057
1.310000 1.410277 -0.006057
1.315000 1.413019 -0.006057
1.320000 1.412698 -0.006057
1.325000 1.412790 -0.006057
1.330000 1.416819 -0.006057
1.335000 1.414046 -0.006057
1.340000 1.419202 -0.006057
1.345000 1.409380 -0.006057
1.350000 1.412943 -0.006057
1.355000 1.412544 -0.006057
1.360000 1.408959 -0.006057
1.365000 1.414421 -0.006057
1.370000 1.412606 -0.006057
1.375000 1.416130 -0.006057
1.380000 1.408637 -0.006057
1.385000 1.415264 -0.006057
1.390000 1.413387 -0.006057
1.395000 1.411005 -0.006057
1.400000 1.410782 -0.006057
1.405000 1.417923 -0.006057
1.410000 1.408201 -0.006057
1.415000 1.411548 -0.006057
1.420000 1.411878 -0.006057
1.425000 1.408852 -0.006057
1.430000 1.415900 -0.006057
1.435000 1.416674 -0.006057
1.440000 1.417379 -0.006057
1.445000 1.411242 -0.006057
1.450000 1.413173 -0.006057
1.455000 1.408676 -0.006057
1.460000 1.413065 -0.006057
1.465000 1.413326 -0.006057
1.470000 1.414276 -0.006057
1.475000 1.412437 -0.006057
1.480000 1.421271 -0.006057
1.485000 1.411487 -0.006057
1.490000 1.412468 -0.006057
1.495000 1.412261 -0.006057
1.500000 1.410583 -0.006057
1.505000 1.417593 -0.006057
1.510000 1.416666 -0.006057
1.515000 1.415563 -0.006057
1.520000 1.416927 -0.006057
1.525000 1.417042 -0.006057
1.530000 1.420543 -0.006057
1.535000 1.415984 -0.006057
1.540000 1.409610 -0.006057
1.545000 1.418972 -0.006057
1.550000 1.411035 -0.006057
1.555000 1.421363 -0.006057
1.560000 1.417448 -0.006057
1.565000 1.417233 -0.006057
1.570000 1.409265 -0.006057
1.575000 1.415885 -0.006057
1.580000 1.414697 -0.006057
1.585000 1.416406 -0.006057
1.590000 1.422067 -0.006057
1.595000 1.412820 -0.006057
1.600000 1.409541 -0.006057
1.605000 1.411702 -0.006057
1.610000 1.418520 -0.006057
1.615000 1.415417 -0.006057
1.620000 1.404577 -0.006057
1.625000 1.414659 -0.006057
1.630000 1.416505 -0.006057
1.635000 1.410959 -0.006057
1.640000 1.406017 -0.006057
1.645000 1.409051 -0.006057
1.650000 1.410775 -0.006057
1.655000 1.416804 -0.006057
1.660000 1.411112 -0.006057
1.665000 1.415678 -0.006057
1.670000 1.415693 -0.006057
1.675000 1.423760 -0.006057
1.680000 1.414169 -0.006057
1.685000 1.417379 -0.006057
1.690000 1.407971 -0.006057
1.695000 1.415387 -0.006057
1.700000 1.412184 -0.006057
1.705000 1.414965 -0.006057
1.710000 1.415908 -0.006057
1.715000 1.417632 -0.006057
1.720000 1.412361 -0.006057
1.725000 1.412560 -0.006057
1.730000 1.418375 -0.006057
1.735000 1.411786 -0.006057
1.740000 1.416130 -0.006057
1.745000 1.411955 -0.006057
1.750000 1.420014 -0.006057
1.755000 1.423906 -0.006057
1.760000 1.412529 -0.006057
1.765000 1.413088 -0.006057
1.770000 1.418329 -0.006057
1.775000 1.415004 -0.006057
1.780000 1.407480 -0.006057
1.785000 1.412682 -0.006057
1.790000 1.413962 -0.006057
1.795000 1.414123 -0.006057
1.800000 1.408361 -0.006057
1.805000 1.416360 -0.006057
1.810000 1.418214 -0.006057
1.815000 1.418888 -0.006057
1.820000 1.413027 -0.006057
1.825000 1.408239 -0.006057
1.830000 1.416015 -0.006057
1.835000 1.403527 -0.006057
1.840000 1.409380 -0.006057
1.845000 1.416161 -0.006057
1.850000 1.407994 -0.006057
1.855000 1.415257 -0.006057
1.860000 1.416252 -0.006057
1.865000 1.409649 -0.006057
1.870000 1.423109 -0.006057
1.875000 1.404347 -0.006057
1.880000 1.415341 -0.006057
1.885000 1.402654 -0.006057
1.890000 1.408407 -0.006057
1.895000 1.407312 -0.006057
1.900000 1.408315 -0.006057
1.905000 1.411334 -0.006057
1.910000 1.407297 -0.006057
1.915000 1.411395 -0.006057
1.920000 1.406913 -0.006057
1.925000 1.415800 -0.006057
1.930000 1.411219 -0.006057
1.935000 1.409518 -0.006057
1.940000 1.405481 -0.006057
1.945000 1.413341 -0.006057
1.950000 1.406270 -0.006057
1.955000 1.412192 -0.006057
1.960000 1.408630 -0.006057
1.965000 1.416727 -0.006057
1.970000 1.407649 -0.006057
1.975000 1.400968 -0.006057
1.980000 1.407687 -0.006057
1.985000 1.407174 -0.006057
1.990000 1.415785 -0.006057
1.995000 1.406714 -0.006057
2.000000 1.408545 -0.006057
2.005000 1.410836 -0.006057
2.010000 1.407105 -0.006057
2.015000 1.396693 -0.006057
2.020000 1.405833 -0.006057
2.025000 1.405956 -0.006057
2.030000 1.407251 -0.006057
2.035000 1.404638 -0.006057
2.040000 1.402432 -0.006057
2.045000 1.405236 -0.006057
2.050000 1.408852 -0.006057
2.055000 1.411449 -0.006057
2.060000 1.402600 -0.006057
2.065000 1.404393 -0.006057
2.070000 1.404477 -0.006057
2.075000 1.409403 -0.006057
2.080000 1.398570 -0.006057
2.085000 1.410445 -0.006057
2.090000 1.409442 -0.006057
2.095000 1.407817 -0.006057
2.100000 1.402194 -0.006057
2.105000 1.407358 -0.006057
2.110000 1.401857 -0.006057
2.115000 1.398264 -0.006057
2.120000 1.401558 -0.006057
2.125000 1.406454 -0.006057
2.130000 1.408369 -0.006057
2.135000 1.394648 -0.006057
2.140000 1.404263 -0.006057
2.145000 1.399160 -0.006057
