0.000000 -62.770809 -0.006057
0.005000 -0.901142 -0.006057
0.010000 0.285940 -0.006057
0.015000 0.334573 -0.006057
0.020000 0.331233 -0.006057
0.025000 0.332329 -0.006057
0.030000 0.328421 -0.006057
0.035000 0.328881 -0.006057
0.040000 0.334160 -0.006057
0.045000 0.327770 -0.006057
0.050000 0.322522 -0.006057
0.055000 0.326721 -0.006057
0.060000 0.332712 -0.006057
0.065000 0.331233 -0.006057
0.070000 0.332957 -0.006057
0.075000 0.332022 -0.006057
0.080000 0.333010 -0.006057
0.085000 0.329869 -0.006057
0.090000 0.336703 -0.006057
0.095000 0.330536 -0.006057
0.100000 0.332804 -0.006057
0.105000 0.334137 -0.006057
0.110000 0.332229 -0.006057
0.115000 0.338350 -0.006057
0.120000 0.340557 -0.006057
0.125000 0.342242 -0.006057
0.130000 0.332666 -0.006057
0.135000 0.338496 -0.006057
0.140000 0.332229 -0.006057
0.145000 0.336175 -0.006057
0.150000 0.333302 -0.006057
0.155000 0.324300 -0.006057
0.160000 0.336358 -0.006057
0.165000 0.330229 -0.006057
0.170000 0.327885 -0.006057
0.175000 0.326820 -0.006057
0.180000 0.338841 -0.006057
0.185000 0.331976 -0.006057
0.190000 0.336596 -0.006057
0.195000 0.333976 -0.006057
0.200000 0.338120 -0.006057
0.205000 0.332811 -0.006057
0.210000 0.334719 -0.006057
0.215000 0.331892 -0.006057
0.220000 0.326897 -0.006057
0.225000 0.334267 -0.006057
0.230000 0.330796 -0.006057
0.235000 0.333738 -0.006057
0.240000 0.330505 -0.006057
0.245000 0.331256 -0.006057
0.250000 0.326652 -0.006057
0.255000 0.326912 -0.006057
0.260000 0.331938 -0.006057
0.265000 0.332114 -0.006057
0.270000 0.324376 -0.006057
0.275000 0.330559 -0.006057
0.280000 0.325663 -0.006057
0.285000 0.331785 -0.006057
0.290000 0.328965 -0.006057
0.295000 0.326161 -0.006057
0.300000 0.329915 -0.006057
0.305000 0.325671 -0.006057
0.310000 0.321588 -0.006057
0.315000 0.317880 -0.006057
0.320000 0.325908 -0.006057
0.325000 0.327073 -0.006057
0.330000 0.329609 -0.006057
0.335000 0.327732 -0.006057
0.340000 0.321480 -0.006057
0.345000 0.326858 -0.006057
0.350000 0.325502 -0.006057
0.355000 0.309881 -0.006057
0.360000 0.323434 -0.006057
0.365000 0.319887 -0.006057
0.370000 0.324905 -0.006057
0.375000 0.325219 -0.006057
0.380000 0.323932 -0.006057
0.385000 0.325372 -0.006057
0.390000 0.320814 -0.006057
0.395000 0.327180 -0.006057
0.400000 0.322683 -0.006057
0.405000 0.319596 -0.006057
0.410000 0.320599 -0.006057
0.415000 0.320890 -0.006057
0.420000 0.323020 -0.006057
0.425000 0.329256 -0.006057
0.430000 0.322239 -0.006057
0.435000 0.320661 -0.006057
0.440000 0.320860 -0.006057
0.445000 0.317389 -0.006057
0.450000 0.325954 -0.006057
0.455000 0.320155 -0.006057
0.460000 0.327127 -0.006057
0.465000 0.316692 -0.006057
0.470000 0.329578 -0.006057
0.475000 0.327663 -0.006057
0.480000 0.334045 -0.006057
0.485000 0.314869 -0.006057
0.490000 0.324116 -0.006057
0.495000 0.332275 -0.006057
0.500000 0.336167 -0.006057
0.505000 0.326813 -0.006057
0.510000 0.330245 -0.006057
0.515000 0.336090 -0.006057
0.520000 0.321335 -0.006057
0.525000 0.343376 -0.006057
0.530000 0.322499 -0.006057
0.535000 0.335899 -0.006057
0.540000 0.327870 -0.006057
0.545000 0.337209 -0.006057
0.550000 0.330865 -0.006057
0.555000 0.333010 -0.006057
0.560000 0.332788 -0.006057
0.565000 0.327617 -0.006057
0.570000 0.321702 -0.006057
0.575000 0.330551 -0.006057
0.580000 0.321289 -0.006057
0.585000 0.338228 -0.006057
0.590000 0.335370 -0.006057
0.595000 0.325066 -0.006057
0.600000 0.333991 -0.006057
0.605000 0.323472 -0.006057
0.610000 0.333317 -0.006057
0.615000 0.323717 -0.006057
0.620000 0.322706 -0.006057
0.625000 0.332244 -0.006057
0.630000 0.330038 -0.006057
0.635000 0.332183 -0.006057
0.640000 0.325219 -0.006057
0.645000 0.335263 0.113954
0.650000 0.319404 2.994223
0.655000 0.326583 2.874212
0.660000 0.333692 -0.006057
0.665000 0.344954 -0.006057
0.670000 0.465649 -0.006057
0.675000 0.940238 -0.006057
0.680000 2.129282 -0.006057
0.685000 4.201150 -0.006057
0.690000 6.693718 -0.006057
0.695000 9.389569 -0.006057
0.700000 12.169410 -0.006057
0.705000 15.008649 -0.006057
0.710000 17.797775 -0.006057
0.715000 20.487726 2.094139
0.720000 23.067457 2.994223
0.725000 25.497227 0.894027
0.730000 27.729933 -0.006057
0.735000 29.787199 -0.006057
0.740000 31.612959 -0.006057
0.745000 33.225063 -0.006057
0.750000 34.603638 -0.006057
0.755000 35.724442 -0.006057
0.760000 36.562027 -0.006057
0.765000 37.105114 -0.006057
0.770000 37.418320 -0.006057
0.775000 37.526146 -0.006057
0.780000 37.457424 1.134049
0.785000 37.234573 2.994223
0.790000 36.850456 1.854116
0.795000 36.283405 -0.006057
0.800000 35.522968 -0.006057
0.805000 34.632854 -0.006057
0.810000 33.701145 -0.006057
0.815000 32.852009 -0.006057
0.820000 32.098896 -0.006057
0.825000 31.416235 -0.006057
0.830000 30.807766 -0.006057
0.835000 30.247852 -0.006057
0.840000 29.722370 -0.006057
0.845000 29.232489 0.113954
0.850000 28.756552 2.994223
0.855000 28.290665 2.874212
0.860000 27.855539 -0.006057
0.865000 27.424082 -0.006057
0.870000 27.000057 -0.006057
0.875000 26.603046 -0.006057
0.880000 26.327036 -0.006057
0.885000 26.178370 -0.006057
0.890000 26.100149 -0.006057
0.895000 26.067604 -0.006057
0.900000 26.079248 -0.006057
0.905000 26.098961 -0.006057
0.910000 26.119577 -0.006057
0.915000 26.132502 2.154144
0.920000 26.110966 2.994223
0.925000 26.073380 0.834021
0.930000 26.006910 -0.006057
0.935000 25.930988 -0.006057
0.940000 25.831715 -0.006057
0.945000 25.779198 -0.006057
0.950000 25.830841 -0.006057
0.955000 25.899677 -0.006057
0.960000 25.955833 -0.006057
0.965000 26.001394 -0.006057
0.970000 26.034094 -0.006057
0.975000 26.052128 -0.006057
0.980000 26.066784 1.134049
0.985000 26.045179 2.994223
0.990000 26.016312 1.854116
0.995000 25.971439 -0.006057
1.000000 25.913277 -0.006057
1.005000 25.836472 -0.006057
1.010000 25.778645 -0.006057
1.015000 25.848072 -0.006057
1.020000 25.966314 -0.006057
1.025000 26.096510 -0.006057
1.030000 26.205658 -0.006057
1.035000 26.304182 -0.006057
1.040000 26.388647 -0.006057
1.045000 26.455038 0.173960
1.050000 26.485285 2.994223
1.055000 26.504377 2.814206
1.060000 26.497881 -0.006057
1.065000 26.474913 -0.006057
1.070000 26.424248 -0.006057
1.075000 26.379622 -0.006057
1.080000 26.429787 -0.006057
1.085000 26.581379 -0.006057
1.090000 26.716286 -0.006057
1.095000 26.852196 -0.006057
1.100000 26.971382 -0.006057
1.105000 27.077866 -0.006057
1.110000 27.171469 -0.006057
1.115000 27.231396 2.154144
1.120000 27.280258 2.994223
1.125000 27.301979 0.834021
1.130000 27.299221 -0.006057
1.135000 27.263565 -0.006057
1.140000 27.225306 -0.006057
1.145000 27.236582 -0.006057
1.150000 27.351883 -0.006057
1.155000 27.488298 -0.006057
1.160000 27.624147 -0.006057
1.165000 27.725031 -0.006057
1.170000 27.819386 -0.006057
1.175000 27.887257 -0.006057
1.180000 27.928152 1.194055
1.185000 27.948217 2.994223
1.190000 27.944088 1.794111
1.195000 27.920607 -0.006057
1.200000 27.872801 -0.006057
1.205000 27.812904 -0.006057
1.210000 27.776407 -0.006057
1.215000 27.855953 -0.006057
1.220000 27.984278 -0.006057
1.225000 28.118496 -0.006057
1.230000 28.229597 -0.006057
1.235000 28.321249 -0.006057
1.240000 28.400995 -0.006057
1.245000 28.458309 0.173960
1.250000 28.484533 2.994223
1.255000 28.500828 2.814206
1.260000 28.494001 -0.006057
1.265000 28.463318 -0.006057
1.270000 28.407370 -0.006057
1.275000 28.360643 -0.006057
1.280000 28.418386 -0.006057
1.285000 28.565060 -0.006057
1.290000 28.706755 -0.006057
1.295000 28.822983 -0.006057
1.300000 28.934429 -0.006057
1.305000 29.026150 -0.006057
1.310000 29.084759 -0.006057
1.315000 29.112499 2.214150
1.320000 29.122368 2.994223
1.325000 29.115932 0.774016
1.330000 29.092388 -0.006057
1.335000 29.046268 -0.006057
1.340000 29.002615 -0.006057
1.345000 29.005886 -0.006057
1.350000 29.121670 -0.006057
1.355000 29.261379 -0.006057
1.360000 29.381269 -0.006057
1.365000 29.486206 -0.006057
1.370000 29.570839 -0.006057
1.375000 29.649176 -0.006057
1.380000 29.711140 1.194055
1.385000 29.748825 2.994223
1.390000 29.756210 1.794111
1.395000 29.729441 -0.006057
1.400000 29.707399 -0.006057
1.405000 29.649389 -0.006057
1.410000 29.622667 -0.006057
1.415000 29.685259 -0.006057
1.420000 29.791321 -0.006057
1.425000 29.881525 -0.006057
1.430000 29.929882 -0.006057
1.435000 29.960657 -0.006057
1.440000 29.974249 -0.006057
1.445000 29.987648 0.233966
1.450000 29.974386 2.994223
1.455000 29.931782 2.754200
1.460000 29.887600 -0.006057
1.465000 29.829382 -0.006057
1.470000 29.764891 -0.006057
1.475000 29.698137 -0.006057
1.480000 29.703247 -0.006057
1.485000 29.787958 -0.006057
1.490000 29.864540 -0.006057
1.495000 29.908293 -0.006057
1.500000 29.936165 -0.006057
1.505000 29.959032 -0.006057
1.510000 29.962503 -0.006057
1.515000 29.948545 2.214150
1.520000 29.931561 2.994223
1.525000 29.885109 0.774016
1.530000 29.838055 -0.006057
1.535000 29.779110 -0.006057
1.540000 29.713322 -0.006057
1.545000 29.689886 -0.006057
1.550000 29.751858 -0.006057
1.555000 29.825758 -0.006057
1.560000 29.884151 -0.006057
1.565000 29.920528 -0.006057
1.570000 29.944155 -0.006057
1.575000 29.950514 -0.006057
1.580000 29.944155 1.254061
1.585000 29.928940 2.994223
1.590000 29.901367 1.734105
1.595000 29.858816 -0.006057
1.600000 29.808275 -0.006057
1.605000 29.753559 -0.006057
1.610000 29.710541 -0.006057
1.615000 29.744795 -0.006057
1.620000 29.812090 -0.006057
1.625000 29.858885 -0.006057
1.630000 29.874170 -0.006057
1.635000 29.878958 -0.006057
1.640000 29.876921 -0.006057
1.645000 29.862532 -0.006057
1.650000 29.834890 -0.006057
1.655000 29.800684 -0.006057
1.660000 29.761518 -0.006057
1.665000 29.720554 -0.006057
1.670000 29.685091 -0.006057
1.675000 29.689213 -0.006057
1.680000 29.717022 -0.006057
1.685000 29.747370 -0.006057
1.690000 29.786955 -0.006057
1.695000 29.806482 -0.006057
1.700000 29.826395 -0.006057
1.705000 29.832823 -0.006057
1.710000 29.828186 -0.006057
1.715000 29.806330 -0.006057
1.720000 29.773165 -0.006057
1.725000 29.733227 -0.006057
1.730000 29.656782 -0.006057
1.735000 29.570602 -0.006057
1.740000 29.462631 -0.006057
1.745000 29.321682 -0.006057
1.750000 29.172609 -0.006057
1.755000 28.974298 -0.006057
1.760000 28.751234 -0.006057
1.765000 28.508183 -0.006057
1.770000 28.239159 -0.006057
1.775000 27.942770 -0.006057
1.780000 27.614639 -0.006057
1.785000 27.253176 -0.006057
1.790000 26.866568 -0.006057
1.795000 26.435940 -0.006057
1.800000 25.963625 -0.006057
1.805000 25.450386 -0.006057
1.810000 24.896280 -0.006057
1.815000 24.313484 -0.006057
1.820000 23.729815 -0.006057
1.825000 23.129168 -0.006057
1.830000 22.535553 -0.006057
1.835000 21.941595 -0.006057
1.840000 21.364958 -0.006057
1.845000 20.791594 -0.006057
1.850000 20.201956 -0.006057
1.855000 19.633394 -0.006057
1.860000 19.061049 -0.006057
1.865000 18.499311 -0.006057
1.870000 17.941599 -0.006057
1.875000 17.398726 -0.006057
1.880000 16.854565 -0.006057
1.885000 16.333639 -0.006057
1.890000 15.807606 -0.006057
1.895000 15.311710 -0.006057
1.900000 14.818107 -0.006057
1.905000 14.348543 -0.006057
1.910000 13.906215 -0.006057
1.915000 13.466155 -0.006057
1.920000 13.033687 -0.006057
1.925000 12.620012 -0.006057
1.930000 12.222051 -0.006057
1.935000 11.840200 -0.006057
1.940000 11.477043 -0.006057 15Hz
1.945000 11.119525 -0.006057
1.950000 10.791027 -0.006057
1.955000 10.452118 -0.006057
1.960000 10.159169 -0.006057
1.965000 9.860251 -0.006057
1.970000 9.571186 -0.006057
1.975000 9.294241 -0.006057
1.980000 9.030457 -0.006057
1.985000 8.777607 -0.006057
1.990000 8.530993 -0.006057
1.995000 8.293594 -0.006057
2.000000 8.073464 -0.006057
2.005000 7.861639 -0.006057
2.010000 7.654840 -0.006057
2.015000 7.461648 -0.006057
2.020000 7.271956 -0.006057
2.025000 7.099663 -0.006057
2.030000 6.923432 -0.006057
2.035000 6.772767 -0.006057
2.040000 6.605752 -0.006057
2.045000 6.458542 -0.006057
2.050000 6.306919 -0.006057
2.055000 6.146217 -0.006057
2.060000 6.003481 -0.006057
2.065000 5.862538 -0.006057
2.070000 5.735431 -0.006057
2.075000 5.615318 -0.006057
2.080000 5.501687 -0.006057
2.085000 5.390347 -0.006057
2.090000 5.288169 -0.006057
2.095000 5.178246 -0.006057
2.100000 5.081975 -0.006057
2.105000 4.992063 -0.006057
2.110000 4.905468 -0.006057
2.115000 4.815472 -0.006057
2.120000 4.732876 -0.006057
2.125000 4.651867 -0.006057
2.130000 4.565218 -0.006057
2.135000 4.485756 -0.006057
2.140000 4.399315 -0.006057
2.145000 4.333229 -0.006057
2.150000 4.256594 -0.006057
2.155000 4.193941 -0.006057
2.160000 4.120990 -0.006057
2.165000 4.058835 -0.006057
2.170000 3.996051 -0.006057
2.175000 3.934141 -0.006057
2.180000 3.885148 -0.006057
2.185000 3.820058 -0.006057
2.190000 3.777071 -0.006057
2.195000 3.719282 -0.006057
2.200000 3.664420 -0.006057
2.205000 3.612217 -0.006057
2.210000 3.565445 -0.006057
2.215000 3.509189 -0.006057
2.220000 3.477020 -0.006057
2.225000 3.428639 -0.006057
2.230000 3.390586 -0.006057
2.235000 3.349361 -0.006057
2.240000 3.313920 -0.006057
2.245000 3.276932 -0.006057
2.250000 3.246922 -0.006057
2.255000 3.210739 -0.006057
2.260000 3.175980 -0.006057
2.265000 3.150253 -0.006057
2.270000 3.116276 -0.006057
2.275000 3.081111 -0.006057
2.280000 3.044628 -0.006057
2.285000 3.024058 -0.006057
2.290000 2.985729 -0.006057
2.295000 2.966966 -0.006057
2.300000 2.940719 -0.006057
2.305000 2.913660 -0.006057
2.310000 2.891572 -0.006057
2.315000 2.865272 -0.006057
2.320000 2.841851 -0.006057
2.325000 2.817343 -0.006057
2.330000 2.798665 -0.006057
2.335000 2.771904 -0.006057
2.340000 2.749817 -0.006057
2.345000 2.717977 -0.006057
2.350000 2.709220 -0.006057
2.355000 2.681992 -0.006057
2.360000 2.669543 -0.006057
2.365000 2.646651 -0.006057
2.370000 2.630662 -0.006057
2.375000 2.610605 -0.006057
2.380000 2.587169 -0.006057
2.385000 2.570468 -0.006057
2.390000 2.549216 -0.006057
2.395000 2.540245 -0.006057
2.400000 2.522248 -0.006057
2.405000 2.503325 -0.006057
2.410000 2.486210 -0.006057
2.415000 2.478373 -0.006057
2.420000 2.465900 -0.006057
2.425000 2.446747 -0.006057
2.430000 2.435317 -0.006057
2.435000 2.411161 -0.006057
2.440000 2.397164 -0.006057
2.445000 2.390138 -0.006057
2.450000 2.381780 -0.006057
2.455000 2.355801 -0.006057
2.460000 2.348285 -0.006057
2.465000 2.330818 -0.006057
2.470000 2.328780 -0.006057
2.475000 2.304417 -0.006057
2.480000 2.292856 -0.006057
2.485000 2.285387 -0.006057
2.490000 2.269436 -0.006057
2.495000 2.258074 -0.006057
2.500000 2.258687 -0.006057
2.505000 2.243189 -0.006057
2.510000 2.234869 -0.006057
2.515000 2.220435 -0.006057
2.520000 2.212069 -0.006057
2.525000 2.196647 -0.006057
2.530000 2.184496 -0.006057
2.535000 2.174935 -0.006057
2.540000 2.159184 -0.006057
2.545000 2.155468 -0.006057
2.550000 2.153024 -0.006057
2.555000 2.138996 -0.006057
2.560000 2.131488 -0.006057
2.565000 2.117989 -0.006057
2.570000 2.105999 -0.006057
2.575000 2.103441 -0.006057
2.580000 2.090730 -0.006057
2.585000 2.081346 -0.006057
2.590000 2.075944 -0.006057
2.595000 2.061603 -0.006057
2.600000 2.058967 -0.006057
2.605000 2.056454 -0.006057
2.610000 2.053482 -0.006057
2.615000 2.037002 -0.006057
2.620000 2.040266 -0.006057
2.625000 2.031249 -0.006057
2.630000 2.021956 -0.006057
2.635000 2.007583 -0.006057
2.640000 2.007147 -0.006057
2.645000 1.998719 -0.006057
2.650000 1.997869 -0.006057
2.655000 1.979321 -0.006057
2.660000 1.976977 -0.006057
2.665000 1.980639 -0.006057
2.670000 1.959011 -0.006057
2.675000 1.962221 -0.006057
2.680000 1.947473 -0.006057
2.685000 1.946838 -0.006057
2.690000 1.932749 -0.006057
2.695000 1.933178 -0.006057
2.700000 1.917058 -0.006057
2.705000 1.923777 -0.006057
2.710000 1.909282 -0.006057
2.715000 1.913825 -0.006057
2.720000 1.892336 -0.006057
2.725000 1.893469 -0.006057
2.730000 1.892274 -0.006057
2.735000 1.882751 -0.006057
2.740000 1.876278 -0.006057
2.745000 1.871742 -0.006057
2.750000 1.872026 -0.006057
2.755000 1.856857 -0.006057
2.760000 1.853057 -0.006057
2.765000 1.839941 -0.006057
2.770000 1.839496 -0.006057
2.775000 1.827614 -0.006057
2.780000 1.823147 -0.006057
2.785000 1.818359 -0.006057
2.790000 1.814842 -0.006057
2.795000 1.810744 -0.006057
2.800000 1.806147 -0.006057
2.805000 1.803542 -0.006057
2.810000 1.793866 -0.006057
2.815000 1.797628 -0.006057
2.820000 1.784596 -0.006057
2.825000 1.787346 -0.006057
2.830000 1.778306 -0.006057
2.835000 1.777632 -0.006057
2.840000 1.763214 -0.006057
2.845000 1.769320 -0.006057
2.850000 1.766630 -0.006057
2.855000 1.751775 -0.006057
2.860000 1.756288 -0.006057
2.865000 1.754549 -0.006057
2.870000 1.752304 -0.006057
2.875000 1.741195 -0.006057
2.880000 1.738115 -0.006057
2.885000 1.739441 -0.006057
2.890000 1.735817 -0.006057
2.895000 1.724149 -0.006057
2.900000 1.723996 -0.006057
2.905000 1.712872 -0.006057
2.910000 1.720012 -0.006057
2.915000 1.703065 -0.006057
2.920000 1.701403 -0.006057
2.925000 1.701962 -0.006057
2.930000 1.695435 -0.006057
2.935000 1.691911 -0.006057
2.940000 1.685989 -0.006057
2.945000 1.679752 -0.006057
2.950000 1.676795 -0.006057
2.955000 1.668628 -0.006057
2.960000 1.673937 -0.006057
2.965000 1.665885 -0.006057
2.970000 1.661626 -0.006057
2.975000 1.657129 -0.006057
2.980000 1.648088 -0.006057
2.985000 1.652693 -0.006057
2.990000 1.653520 -0.006057
2.995000 1.642343 -0.006057
3.000000 1.643982 -0.006057
3.005000 1.639109 -0.006057
3.010000 1.642044 -0.006057
3.015000 1.639179 -0.006057
3.020000 1.625181 -0.006057
3.025000 1.624362 -0.006057
3.030000 1.626507 -0.006057
3.035000 1.614356 -0.006057
3.040000 1.610832 -0.006057
3.045000 1.612893 -0.006057
3.050000 1.615023 -0.006057
3.055000 1.605354 -0.006057
3.060000 1.612900 -0.006057
3.065000 1.602466 -0.006057
3.070000 1.607139 -0.006057
3.075000 1.594590 -0.006057
3.080000 1.599348 -0.006057
3.085000 1.592813 -0.006057
3.090000 1.592514 -0.006057
3.095000 1.586707 -0.006057
3.100000 1.583658 -0.006057
3.105000 1.588147 -0.006057
3.110000 1.574457 -0.006057
3.115000 1.566826 -0.006057
3.120000 1.568918 -0.006057
3.125000 1.562153 -0.006057
3.130000 1.556683 -0.006057
3.135000 1.556024 -0.006057
3.140000 1.546524 -0.006057
3.145000 1.549527 -0.006057
3.150000 1.547803 -0.006057
3.155000 1.530634 -0.006057
3.160000 1.543674 -0.006057
3.165000 1.533906 -0.006057
3.170000 1.538893 -0.006057
3.175000 1.527233 -0.006057
3.180000 1.531247 -0.006057
3.185000 1.525601 -0.006057
3.190000 1.526275 -0.006057
3.195000 1.517940 -0.006057
3.200000 1.519970 -0.006057
3.205000 1.513274 -0.006057
3.210000 1.515435 -0.006057
3.215000 1.515059 -0.006057
3.220000 1.510600 -0.006057
3.225000 1.506639 -0.006057
3.230000 1.506777 -0.006057
3.235000 1.505398 -0.006057
3.240000 1.502755 -0.006057
3.245000 1.500510 -0.006057
3.250000 1.503077 -0.006057
3.255000 1.488421 -0.006057
3.260000 1.494443 -0.006057
3.265000 1.496105 -0.006057
3.270000 1.498312 -0.006057
3.275000 1.481947 -0.006057
3.280000 1.494343 -0.006057
3.285000 1.487548 -0.006057
3.290000 1.486146 -0.006057
3.295000 1.479090 -0.006057
3.300000 1.481472 -0.006057
3.305000 1.482262 -0.006057
3.310000 1.485939 -0.006057
3.315000 1.475351 -0.006057
3.320000 1.480423 -0.006057
3.325000 1.477872 -0.006057
3.330000 1.478998 -0.006057
3.335000 1.473252 -0.006057
3.340000 1.473275 -0.006057
3.345000 1.464641 -0.006057
3.350000 1.456474 -0.006057
3.355000 1.456673 -0.006057
3.360000 1.463890 -0.006057
3.365000 1.452145 -0.006057
