0.000000 -62.419884 -0.006057
0.005000 0.121408 -0.006057
0.010000 1.322985 -0.006057
0.015000 1.377977 -0.006057
0.020000 1.369029 -0.006057
0.025000 1.376046 -0.006057
0.030000 1.378000 -0.006057
0.035000 1.377962 -0.006057
0.040000 1.379034 -0.006057
0.045000 1.385209 -0.006057
0.050000 1.376230 -0.006057
0.055000 1.380980 -0.006057
0.060000 1.380092 -0.006057
0.065000 1.377226 -0.006057
0.070000 1.383049 -0.006057
0.075000 1.383049 -0.006057
0.080000 1.391913 -0.006057
0.085000 1.379724 -0.006057
0.090000 1.379885 -0.006057
0.095000 1.379295 -0.006057
0.100000 1.377548 -0.006057
0.105000 1.376215 -0.006057
0.110000 1.380942 -0.006057
0.115000 1.372093 -0.006057
0.120000 1.377709 -0.006057
0.125000 1.382972 -0.006057
0.130000 1.386190 -0.006057
0.135000 1.382038 -0.006057
0.140000 1.382237 -0.006057
0.145000 1.383754 -0.006057
0.150000 1.376154 -0.006057
0.155000 1.383011 -0.006057
0.160000 1.380605 -0.006057
0.165000 1.391070 -0.006057
0.170000 1.385431 -0.006057
0.175000 1.380275 -0.006057
0.180000 1.383018 -0.006057
0.185000 1.381716 -0.006057
0.190000 1.380291 -0.006057
0.195000 1.382298 -0.006057
0.200000 1.381624 -0.006057
0.205000 1.387324 -0.006057
0.210000 1.387002 -0.006057
0.215000 1.379854 -0.006057
0.220000 1.385715 -0.006057
0.225000 1.383417 -0.006057
0.230000 1.387308 -0.006057
0.235000 1.386190 -0.006057
0.240000 1.384282 -0.006057
0.245000 1.382306 -0.006057
0.250000 1.393016 -0.006057
0.255000 1.387829 -0.006057
0.260000 1.385546 -0.006057
0.265000 1.383700 -0.006057
0.270000 1.383156 -0.006057
0.275000 1.385270 -0.006057
0.280000 1.387002 -0.006057
0.285000 1.387048 -0.006057
0.290000 1.387990 -0.006057
0.295000 1.395322 -0.006057
0.300000 1.384696 -0.006057
0.305000 1.388067 -0.006057
0.310000 1.388488 -0.006057
0.315000 1.395115 -0.006057
0.320000 1.383248 -0.006057
0.325000 1.379463 -0.006057
0.330000 1.391951 -0.006057
0.335000 1.382007 -0.006057
0.340000 1.381708 -0.006057
0.345000 1.388013 -0.006057
0.350000 1.393621 -0.006057
0.355000 1.391154 -0.006057
0.360000 1.382788 -0.006057
0.365000 1.387400 -0.006057
0.370000 1.385393 -0.006057
0.375000 1.388082 -0.006057
0.380000 1.380084 -0.006057
0.385000 1.380559 -0.006057
0.390000 1.381700 -0.006057
0.395000 1.385347 -0.006057
0.400000 1.388473 -0.006057
0.405000 1.388825 -0.006057
0.410000 1.384313 -0.006057
0.415000 1.385470 -0.006057
0.420000 1.384458 -0.006057
0.425000 1.382152 -0.006057
0.430000 1.391124 -0.006057
0.435000 1.389936 -0.006057
0.440000 1.390074 -0.006057
0.445000 1.394970 -0.006057
0.450000 1.381762 -0.006057
0.455000 1.385209 -0.006057
0.460000 1.384612 -0.006057
0.465000 1.385087 -0.006057
0.470000 1.393705 -0.006057
0.475000 1.383562 -0.006057
0.480000 1.386535 -0.006057
0.485000 1.383853 -0.006057
0.490000 1.393506 -0.006057
0.495000 1.381118 -0.006057
0.500000 1.381539 -0.006057
0.505000 1.388182 -0.006057
0.510000 1.388029 -0.006057
0.515000 1.378582 -0.006057
0.520000 1.383884 -0.006057
0.525000 1.383256 -0.006057
0.530000 1.390227 -0.006057
0.535000 1.385753 -0.006057
0.540000 1.384221 -0.006057
0.545000 1.394295 -0.006057
0.550000 1.391400 -0.006057
0.555000 1.392687 -0.006057
0.560000 1.381624 -0.006057
0.565000 1.384811 -0.006057
0.570000 1.391821 -0.006057
0.575000 1.391147 -0.006057
0.580000 1.381723 -0.006057
0.585000 1.386075 -0.006057
0.590000 1.388611 -0.006057
0.595000 1.388787 -0.006057
0.600000 1.380291 -0.006057
0.605000 1.383953 -0.006057
0.610000 1.395981 -0.006057
0.615000 1.393054 -0.006057
0.620000 1.393399 -0.006057
0.625000 1.385385 -0.006057
0.630000 1.392664 -0.006057
0.635000 1.389760 -0.006057
0.640000 1.393001 -0.006057
0.645000 1.392970 0.057947
0.650000 1.399398 1.594030
0.655000 1.389201 1.530027
0.660000 1.381532 -0.006057
0.665000 1.392932 -0.006057
0.670000 1.387768 -0.006057
0.675000 1.384696 -0.006057
0.680000 1.390074 -0.006057
0.685000 1.392342 -0.006057
0.690000 1.392679 -0.006057
0.695000 1.389921 -0.006057
0.700000 1.382597 -0.006057
0.705000 1.395996 -0.006057
0.710000 1.392342 -0.006057
0.715000 1.390296 -0.006057
0.720000 1.386948 -0.006057
0.725000 1.387799 -0.006057
0.730000 1.392081 -0.006057
0.735000 1.382535 -0.006057
0.740000 1.391943 -0.006057
0.745000 1.389408 -0.006057
0.750000 1.389231 -0.006057
0.755000 1.386910 -0.006057
0.760000 1.386634 -0.006057
0.765000 1.393805 -0.006057
0.770000 1.393644 -0.006057
0.775000 1.383570 -0.006057
0.780000 1.394349 -0.006057
0.785000 1.379494 -0.006057
0.790000 1.389699 -0.006057
0.795000 1.386902 -0.006057
0.800000 1.384336 -0.006057
0.805000 1.383417 -0.006057
0.810000 1.379800 -0.006057
0.815000 1.391959 -0.006057
0.820000 1.387492 -0.006057
0.825000 1.384734 -0.006057
0.830000 1.382719 -0.006057
0.835000 1.387331 -0.006057
0.840000 1.384144 -0.006057
0.845000 1.386060 -0.006057
0.850000 1.384198 -0.006057
0.855000 1.393683 -0.006057
0.860000 1.383156 -0.006057
0.865000 1.389791 -0.006057
0.870000 1.382175 -0.006057
0.875000 1.383141 -0.006057
0.880000 1.383968 -0.006057
0.885000 1.383118 -0.006057
0.890000 1.387845 -0.006057
0.895000 1.395445 -0.006057
0.900000 1.382083 -0.006057
0.905000 1.383118 -0.006057
0.910000 1.391331 -0.006057
0.915000 1.380329 -0.006057
0.920000 1.383179 -0.006057
0.925000 1.384887 -0.006057
0.930000 1.386175 -0.006057
0.935000 1.376927 -0.006057
0.940000 1.381371 -0.006057
0.945000 1.377992 -0.006057
0.950000 1.395468 -0.006057
0.955000 1.387852 -0.006057
0.960000 1.375855 -0.006057
0.965000 1.384765 -0.006057
0.970000 1.379364 -0.006057
0.975000 1.386826 -0.006057
0.980000 1.376468 -0.006057
0.985000 1.385194 -0.006057
0.990000 1.386864 -0.006057
0.995000 1.382727 -0.006057
1.000000 1.384305 -0.006057
1.005000 1.384206 -0.006057
1.010000 1.383210 -0.006057
1.015000 1.382260 -0.006057
1.020000 1.383033 -0.006057
1.025000 1.385140 -0.006057
1.030000 1.392725 -0.006057
1.035000 1.381149 -0.006057
1.040000 1.381256 -0.006057
1.045000 1.383738 -0.006057
1.050000 1.386542 -0.006057
1.055000 1.384826 -0.006057
1.060000 1.378781 -0.006057
1.065000 1.387592 -0.006057
1.070000 1.381379 -0.006057
1.075000 1.390480 -0.006057
1.080000 1.393782 -0.006057
1.085000 1.386450 -0.006057
1.090000 1.384765 -0.006057
1.095000 1.389109 -0.006057
1.100000 1.384543 -0.006057
1.105000 1.383164 -0.006057
1.110000 1.376475 -0.006057
1.115000 1.383485 -0.006057
1.120000 1.377295 -0.006057
1.125000 1.381126 -0.006057
1.130000 1.377786 -0.006057
1.135000 1.374139 -0.006057
1.140000 1.375533 -0.006057
1.145000 1.377609 -0.006057
1.150000 1.374062 -0.006057
1.155000 1.383746 -0.006057
1.160000 1.373334 -0.006057
1.165000 1.372752 -0.006057
1.170000 1.373526 -0.006057
1.175000 1.379226 -0.006057
1.180000 1.375326 -0.006057
1.185000 1.367405 -0.006057
1.190000 1.381218 -0.006057
1.195000 1.371182 -0.006057
1.200000 1.373779 -0.006057
1.205000 1.377303 -0.006057
1.210000 1.369243 -0.006057
1.215000 1.375204 -0.006057
1.220000 1.370147 -0.006057
1.225000 1.375671 -0.006057
1.230000 1.372997 -0.006057
1.235000 1.379992 -0.006057
1.240000 1.371258 -0.006057
1.245000 1.363896 -0.006057
1.250000 1.368515 -0.006057
1.255000 1.371534 -0.006057
1.260000 1.359560 -0.006057
1.265000 1.369565 -0.006057
1.270000 1.366462 -0.006057
1.275000 1.368592 -0.006057
1.280000 1.369236 -0.006057
1.285000 1.363942 -0.006057
1.290000 1.370553 -0.006057
1.295000 1.363222 -0.006057
1.300000 1.367512 -0.006057
1.305000 1.363015 -0.006057
1.310000 1.368960 -0.006057
1.315000 1.357208 -0.006057
1.320000 1.365229 -0.006057
1.325000 1.360195 -0.006057
1.330000 1.364378 -0.006057
1.335000 1.361053 -0.006057
1.340000 1.363283 -0.006057
1.345000 1.364968 -0.006057
1.350000 1.370753 -0.006057
1.355000 1.365995 -0.006057
1.360000 1.368462 -0.006057
1.365000 1.366799 -0.006057
1.370000 1.365413 -0.006057
1.375000 1.364769 -0.006057
1.380000 1.358824 -0.006057
1.385000 1.361751 -0.006057
1.390000 1.359422 -0.006057
1.395000 1.369649 -0.006057
1.400000 1.354511 -0.006057
1.405000 1.367627 -0.006057
1.410000 1.360624 -0.006057
1.415000 1.360303 -0.006057
1.420000 1.364225 -0.006057
1.425000 1.361345 -0.006057
1.430000 1.362249 -0.006057
1.435000 1.353216 -0.006057
1.440000 1.365934 -0.006057
1.445000 1.355806 -0.006057
1.450000 1.361567 -0.006057
1.455000 1.362272 -0.006057
1.460000 1.357070 -0.006057
1.465000 1.364317 -0.006057
1.470000 1.364164 -0.006057
1.475000 1.367795 -0.006057
1.480000 1.364256 -0.006057
1.485000 1.361797 -0.006057
1.490000 1.355292 -0.006057
1.495000 1.365888 -0.006057
1.500000 1.355292 -0.006057
1.505000 1.356840 -0.006057
1.510000 1.348320 -0.006057
1.515000 1.362057 -0.006057
1.520000 1.357690 -0.006057
1.525000 1.363873 -0.006057
1.530000 1.361513 -0.006057
1.535000 1.356495 -0.006057
1.540000 1.357361 -0.006057
1.545000 1.348152 -0.006057
1.550000 1.354580 -0.006057
1.555000 1.360854 -0.006057
1.560000 1.356189 -0.006057
1.565000 1.357637 -0.006057
1.570000 1.364210 -0.006057
1.575000 1.364149 -0.006057
1.580000 1.362647 -0.006057
1.585000 1.349110 -0.006057
1.590000 1.356296 -0.006057
1.595000 1.350987 -0.006057
1.600000 1.358349 -0.006057
1.605000 1.352534 -0.006057
1.610000 1.358433 -0.006057
1.615000 1.351599 -0.006057
1.620000 1.354856 -0.006057
1.625000 1.356242 -0.006057
1.630000 1.350021 -0.006057
1.635000 1.361843 -0.006057
1.640000 1.353070 -0.006057
1.645000 1.354204 -0.006057
1.650000 1.352664 -0.006057
1.655000 1.360563 -0.006057
1.660000 1.359966 -0.006057
1.665000 1.359858 -0.006057
1.670000 1.361498 -0.006057
1.675000 1.356717 -0.006057
1.680000 1.359851 -0.006057
1.685000 1.355338 -0.006057
1.690000 1.353339 -0.006057
1.695000 1.358862 -0.006057
1.700000 1.353216 -0.006057
1.705000 1.357162 -0.006057
1.710000 1.355913 -0.006057
1.715000 1.362731 -0.006057
1.720000 1.357460 -0.006057
1.725000 1.358081 -0.006057
1.730000 1.357430 -0.006057
1.735000 1.354335 -0.006057
1.740000 1.364478 -0.006057
1.745000 1.356732 -0.006057
1.750000 1.358816 -0.006057
1.755000 1.367964 -0.006057
1.760000 1.356579 -0.006057
1.765000 1.362693 -0.006057
1.770000 1.361145 -0.006057
1.775000 1.354756 -0.006057
1.780000 1.361728 -0.006057
1.785000 1.357966 -0.006057
1.790000 1.365650 -0.006057
1.795000 1.365635 -0.006057
1.800000 1.357606 -0.006057
1.805000 1.365144 -0.006057
1.810000 1.367795 -0.006057
1.815000 1.371618 -0.006057
1.820000 1.361459 -0.006057
1.825000 1.352266 -0.006057
1.830000 1.356280 -0.006057
1.835000 1.358426 -0.006057
1.840000 1.366209 -0.006057
1.845000 1.353346 -0.006057
1.850000 1.360939 -0.006057
1.855000 1.360280 -0.006057
1.860000 1.360831 -0.006057
1.865000 1.361436 -0.006057
1.870000 1.363214 -0.006057
1.875000 1.353538 -0.006057
1.880000 1.362586 -0.006057
1.885000 1.360693 -0.006057
1.890000 1.357460 -0.006057
1.895000 1.360954 -0.006057
1.900000 1.356886 -0.006057
1.905000 1.373066 -0.006057
1.910000 1.362869 -0.006057
1.915000 1.363697 -0.006057
1.920000 1.360356 -0.006057
1.925000 1.355415 -0.006057
1.930000 1.357024 -0.006057
1.935000 1.359812 -0.006057
1.940000 1.361130 -0.006057
1.945000 1.359996 -0.006057
1.950000 1.364869 -0.006057
1.955000 1.371641 -0.006057
1.960000 1.366792 -0.006057
1.965000 1.356579 -0.006057
1.970000 1.371925 -0.006057
1.975000 1.361528 -0.006057
1.980000 1.349975 -0.006057
1.985000 1.346895 -0.006057
1.990000 1.356909 -0.006057
1.995000 1.357322 -0.006057
2.000000 1.364378 -0.006057
2.005000 1.360440 -0.006057
2.010000 1.357361 -0.006057
2.015000 1.354189 -0.006057
2.020000 1.357253 -0.006057
2.025000 1.358410 -0.006057
2.030000 1.356832 -0.006057
2.035000 1.360824 -0.006057
2.040000 1.357912 -0.006057
2.045000 1.363827 -0.006057
2.050000 1.354917 -0.006057
2.055000 1.363490 -0.006057
2.060000 1.353545 -0.006057
2.065000 1.356311 -0.006057
2.070000 1.355522 -0.006057
2.075000 1.362586 -0.006057
2.080000 1.361850 -0.006057
2.085000 1.356326 -0.006057
2.090000 1.360755 -0.006057
2.095000 1.358717 -0.006057
2.100000 1.360916 -0.006057
2.105000 1.357077 -0.006057
2.110000 1.362011 -0.006057
2.115000 1.367818 -0.006057
2.120000 1.353339 -0.006057
2.125000 1.360249 -0.006057
2.130000 1.363681 -0.006057
2.135000 1.356572 -0.006057
2.140000 1.362226 -0.006057
2.145000 1.358985 -0.006057
2.150000 1.357162 -0.006057
2.155000 1.357667 -0.006057
2.160000 1.365734 -0.006057
2.165000 1.358556 -0.006057
2.170000 1.363857 -0.006057
2.175000 1.364555 -0.006057
2.180000 1.364424 -0.006057
2.185000 1.364953 -0.006057
2.190000 1.361023 -0.006057
2.195000 1.368814 -0.006057
2.200000 1.356273 -0.006057
2.205000 1.367435 -0.006057
2.210000 1.357307 -0.006057
2.215000 1.365926 -0.006057
2.220000 1.366608 -0.006057
2.225000 1.370270 -0.006057
2.230000 1.373626 -0.006057
2.235000 1.376269 -0.006057
2.240000 1.367006 -0.006057
2.245000 1.369665 -0.006057
2.250000 1.374100 -0.006057
2.255000 1.372530 -0.006057
2.260000 1.371480 -0.006057
2.265000 1.364624 -0.006057
2.270000 1.372698 -0.006057
2.275000 1.369320 -0.006057
2.280000 1.372499 -0.006057
2.285000 1.367144 -0.006057
2.290000 1.376736 -0.006057
2.295000 1.374422 -0.006057
2.300000 1.371657 -0.006057
2.305000 1.374300 -0.006057
2.310000 1.376054 -0.006057
2.315000 1.379540 -0.006057
2.320000 1.368554 -0.006057
2.325000 1.377395 -0.006057
2.330000 1.369488 -0.006057
2.335000 1.375801 -0.006057
2.340000 1.371113 -0.006057
2.345000 1.374752 -0.006057
2.350000 1.369703 -0.006057
2.355000 1.369910 -0.006057
2.360000 1.372974 -0.006057
2.365000 1.372032 -0.006057
2.370000 1.368607 -0.006057
2.375000 1.376230 -0.006057
2.380000 1.376759 -0.006057
2.385000 1.369197 -0.006057
2.390000 1.384052 -0.006057
2.395000 1.377694 -0.006057
2.400000 1.376039 -0.006057
2.405000 1.367251 -0.006057
2.410000 1.365857 -0.006057
2.415000 1.377755 -0.006057
2.420000 1.369389 -0.006057
2.425000 1.370178 -0.006057
2.430000 1.376966 -0.006057
2.435000 1.373334 -0.006057
2.440000 1.372806 -0.006057
2.445000 1.369703 -0.006057
2.450000 1.367703 -0.006057
2.455000 1.376445 -0.006057
2.460000 1.375970 -0.006057
2.465000 1.385968 -0.006057
2.470000 1.364539 -0.006057
2.475000 1.375005 -0.006057
2.480000 1.378360 -0.006057
2.485000 1.376246 -0.006057
2.490000 1.379440 -0.006057
2.495000 1.372553 -0.006057
2.500000 1.379279 -0.006057
2.505000 1.373173 -0.006057
2.510000 1.372982 -0.006057
2.515000 1.385929 -0.006057
2.520000 1.380459 -0.006057
2.525000 1.381179 -0.006057
2.530000 1.374882 -0.006057
2.535000 1.375840 -0.006057
2.540000 1.375502 -0.006057
2.545000 1.371994 -0.006057
2.550000 1.378368 -0.006057
2.555000 1.374599 -0.006057
2.560000 1.367956 -0.006057
2.565000 1.372315 -0.006057
2.570000 1.373013 -0.006057
2.575000 1.380965 -0.006057
2.580000 1.374231 -0.006057
2.585000 1.374116 -0.006057
2.590000 1.378475 -0.006057
2.595000 1.386427 -0.006057
2.600000 1.383317 -0.006057
2.605000 1.385876 -0.006057
2.610000 1.368837 -0.006057
2.615000 1.379977 -0.006057
2.620000 1.380360 -0.006057
2.625000 1.380835 -0.006057
2.630000 1.377441 -0.006057
2.635000 1.383723 -0.006057
2.640000 1.376269 -0.006057
2.645000 1.373603 -0.006057
2.650000 1.381923 -0.006057
2.655000 1.376583 -0.006057
2.660000 1.378827 -0.006057
2.665000 1.382459 -0.006057
2.670000 1.379103 -0.006057
2.675000 1.384098 -0.006057
2.680000 1.380927 -0.006057
2.685000 1.375817 -0.006057
2.690000 1.383914 -0.006057
2.695000 1.384711 -0.006057
2.700000 1.379931 -0.006057
2.705000 1.375679 -0.006057
2.710000 1.376667 -0.006057
2.715000 1.380536 -0.006057
2.720000 1.380260 -0.006057
2.725000 1.383279 -0.006057
2.730000 1.376238 -0.006057
2.735000 1.379272 -0.006057
2.740000 1.382428 -0.006057
2.745000 1.385401 -0.006057
2.750000 1.384206 -0.006057
2.755000 1.387914 -0.006057
2.760000 1.383976 -0.006057
2.765000 1.387439 -0.006057
2.770000 1.382850 -0.006057
2.775000 1.383876 -0.006057
2.780000 1.389469 -0.006057
2.785000 1.384558 -0.006057
2.790000 1.385600 -0.006057
2.795000 1.390358 -0.006057
2.800000 1.393223 -0.006057
2.805000 1.387362 -0.006057
2.810000 1.389216 -0.006057
2.815000 1.391614 -0.006057
2.820000 1.390174 -0.006057
2.825000 1.383348 -0.006057
2.830000 1.380283 -0.006057
2.835000 1.393798 -0.006057
2.840000 1.393545 -0.006057
2.845000 1.391806 -0.006057
2.850000 1.384964 -0.006057
2.855000 1.383225 -0.006057
2.860000 1.383531 -0.006057
2.865000 1.381471 -0.006057
2.870000 1.383723 -0.006057
2.875000 1.385822 -0.006057
2.880000 1.385332 -0.006057
2.885000 1.389300 -0.006057
2.890000 1.393698 -0.006057
2.895000 1.391338 -0.006057
2.900000 1.393384 -0.006057
2.905000 1.388098 -0.006057
2.910000 1.385891 -0.006057
2.915000 1.391407 -0.006057
2.920000 1.390687 -0.006057
2.925000 1.385286 -0.006057
2.930000 1.383677 -0.006057
2.935000 1.383279 -0.006057
2.940000 1.384275 -0.006057
2.945000 1.387600 -0.006057
2.950000 1.392893 -0.006057
2.955000 1.395314 -0.006057
2.960000 1.392671 -0.006057
2.965000 1.383003 -0.006057
2.970000 1.393024 -0.006057
2.975000 1.392005 -0.006057
2.980000 1.388297 -0.006057
2.985000 1.385906 -0.006057
2.990000 1.387760 -0.006057
