0.000000 -62.460224 -0.006057
0.005000 0.005969 -0.006057
0.010000 1.214563 -0.006057
0.015000 1.262048 -0.006057
0.020000 1.262139 -0.006057
0.025000 1.256118 -0.006057
0.030000 1.261848 -0.006057
0.035000 1.255283 -0.006057
0.040000 1.259037 -0.006057
0.045000 1.267403 -0.006057
0.050000 1.263787 -0.006057
0.055000 1.265104 -0.006057
0.060000 1.258500 -0.006057
0.065000 1.255788 -0.006057
0.070000 1.265863 -0.006057
0.075000 1.262385 -0.006057
0.080000 1.267939 -0.006057
0.085000 1.259581 -0.006057
0.090000 1.259588 -0.006057
0.095000 1.267717 -0.006057
0.100000 1.256922 -0.006057
0.105000 1.257910 -0.006057
0.110000 1.254593 -0.006057
0.115000 1.255673 -0.006057
0.120000 1.258899 -0.006057
0.125000 1.263963 -0.006057
0.130000 1.261764 -0.006057
0.135000 1.258010 -0.006057
0.140000 1.254149 -0.006057
0.145000 1.267142 -0.006057
0.150000 1.259366 -0.006057
0.155000 1.261159 -0.006057
0.160000 1.258025 -0.006057
0.165000 1.251881 -0.006057
0.170000 1.256792 -0.006057
0.175000 1.257612 -0.006057
0.180000 1.251475 -0.006057
0.185000 1.251605 -0.006057
0.190000 1.250579 -0.006057
0.195000 1.257658 -0.006057
0.200000 1.255451 -0.006057
0.205000 1.249284 -0.006057
0.210000 1.257566 -0.006057
0.215000 1.260707 -0.006057
0.220000 1.257252 -0.006057
0.225000 1.254739 -0.006057
0.230000 1.259833 -0.006057
0.235000 1.258845 -0.006057
0.240000 1.251636 -0.006057
0.245000 1.263082 -0.006057
0.250000 1.265664 -0.006057
0.255000 1.272030 -0.006057
0.260000 1.251475 -0.006057
0.265000 1.262959 -0.006057
0.270000 1.265250 -0.006057
0.275000 1.275363 -0.006057
0.280000 1.263649 -0.006057
0.285000 1.263189 -0.006057
0.290000 1.264560 -0.006057
0.295000 1.262377 -0.006057
0.300000 1.268008 -0.006057
0.305000 1.265403 -0.006057
0.310000 1.264660 -0.006057
0.315000 1.268682 -0.006057
0.320000 1.265756 -0.006057
0.325000 1.255137 -0.006057
0.330000 1.258761 -0.006057
0.335000 1.252609 -0.006057
0.340000 1.251092 -0.006057
0.345000 1.249935 -0.006057
0.350000 1.255558 -0.006057
0.355000 1.261105 -0.006057
0.360000 1.252494 -0.006057
0.365000 1.253766 -0.006057
0.370000 1.258025 -0.006057
0.375000 1.264407 -0.006057
0.380000 1.246641 -0.006057
0.385000 1.264177 -0.006057
0.390000 1.255444 -0.006057
0.395000 1.259420 -0.006057
0.400000 1.262752 -0.006057
0.405000 1.250525 -0.006057
0.410000 1.258156 -0.006057
0.415000 1.257045 -0.006057
0.420000 1.251153 -0.006057
0.425000 1.244856 -0.006057
0.430000 1.252456 -0.006057
0.435000 1.255091 -0.006057
0.440000 1.251054 -0.006057
0.445000 1.245484 -0.006057
0.450000 1.260814 -0.006057
0.455000 1.248893 -0.006057
0.460000 1.251008 -0.006057
0.465000 1.248510 -0.006057
0.470000 1.254723 -0.006057
0.475000 1.258860 -0.006057
0.480000 1.257918 -0.006057
0.485000 1.258125 -0.006057
0.490000 1.260937 -0.006057
0.495000 1.262454 -0.006057
0.500000 1.259596 -0.006057
0.505000 1.265870 -0.006057
0.510000 1.268705 -0.006057
0.515000 1.268797 -0.006057
0.520000 1.271770 -0.006057
0.525000 1.269877 -0.006057
0.530000 1.266437 -0.006057
0.535000 1.271003 -0.006057
0.540000 1.266775 -0.006057
0.545000 1.267073 -0.006057
0.550000 1.261596 -0.006057
0.555000 1.270100 -0.006057
0.560000 1.267885 -0.006057
0.565000 1.258952 -0.006057
0.570000 1.259657 -0.006057
0.575000 1.260967 -0.006057
0.580000 1.261688 -0.006057
0.585000 1.256187 -0.006057
0.590000 1.267020 -0.006057
0.595000 1.266591 -0.006057
0.600000 1.262691 -0.006057
0.605000 1.252203 -0.006057
0.610000 1.261557 -0.006057
0.615000 1.264085 -0.006057
0.620000 1.263044 -0.006057
0.625000 1.261144 -0.006057
0.630000 1.252923 -0.006057
0.635000 1.260278 -0.006057
0.640000 1.264170 -0.006057
0.645000 1.264430 0.173951
0.650000 1.259627 4.494129
0.655000 1.255030 4.314122
0.660000 1.262523 -0.006057
0.665000 1.278136 -0.006057
0.670000 1.462955 -0.006057
0.675000 2.294365 -0.006057
0.680000 4.474525 -0.006057
0.685000 7.732471 -0.006057
0.690000 11.348343 -0.006057
0.695000 15.128509 -0.006057
0.700000 18.973135 -0.006057
0.705000 22.903446 -0.006057
0.710000 26.647665 -0.006057
0.715000 30.289347 -0.006057
0.720000 33.791225 -0.006057
0.725000 37.064098 -0.006057
0.730000 40.103760 -0.006057
0.735000 42.968426 -0.006057
0.740000 45.525311 -0.006057
0.745000 47.865765 -0.006057
0.750000 49.928623 -0.006057
0.755000 51.742508 -0.006057
0.760000 53.312950 -0.006057
0.765000 54.566402 -0.006057
0.770000 55.568073 -0.006057
0.775000 56.221561 -0.006057
0.780000 56.663292 -0.006057
0.785000 56.865025 -0.006057
0.790000 56.830978 -0.006057
0.795000 56.595013 -0.006057
0.800000 56.164745 -0.006057
0.805000 55.577774 -0.006057
0.810000 54.922970 -0.006057
0.815000 54.251465 -0.006057
0.820000 53.595589 -0.006057
0.825000 52.984116 -0.006057
0.830000 52.413799 -0.006057
0.835000 51.875046 -0.006057
0.840000 51.365913 -0.006057
0.845000 50.879440 -0.006057
0.850000 50.417301 -0.006057
0.855000 49.996914 -0.006057
0.860000 49.605656 -0.006057
0.865000 49.249119 -0.006057
0.870000 48.916931 -0.006057
0.875000 48.599586 -0.006057
0.880000 48.307724 -0.006057
0.885000 48.042477 -0.006057
0.890000 47.786350 -0.006057
0.895000 47.550919 -0.006057
0.900000 47.323963 -0.006057
0.905000 47.107487 -0.006057
0.910000 46.929596 -0.006057
0.915000 46.758827 -0.006057
0.920000 46.594631 -0.006057
0.925000 46.440903 -0.006057
0.930000 46.298817 -0.006057
0.935000 46.171303 -0.006057
0.940000 46.045246 -0.006057
0.945000 45.924488 -0.006057
0.950000 45.817001 -0.006057
0.955000 45.716351 -0.006057
0.960000 45.613796 -0.006057
0.965000 45.522537 -0.006057
0.970000 45.431122 -0.006057
0.975000 45.350266 -0.006057
0.980000 45.268921 -0.006057
0.985000 45.196045 -0.006057
0.990000 45.123280 -0.006057
0.995000 45.054974 -0.006057
1.000000 44.996639 -0.006057
1.005000 44.932270 -0.006057
1.010000 44.873371 -0.006057
1.015000 44.812172 -0.006057
1.020000 44.770710 -0.006057
1.025000 44.719410 -0.006057
1.030000 44.679222 -0.006057
1.035000 44.638878 -0.006057
1.040000 44.591408 -0.006057
1.045000 44.548122 -0.006057
1.050000 44.513020 -0.006057
1.055000 44.483677 -0.006057
1.060000 44.450596 -0.006057
1.065000 44.415077 -0.006057
1.070000 44.383392 -0.006057
1.075000 44.369415 -0.006057
1.080000 44.339016 -0.006057
1.085000 44.305431 -0.006057
1.090000 44.276241 -0.006057
1.095000 44.263493 -0.006057
1.100000 44.233891 -0.006057
1.105000 44.217953 -0.006057
1.110000 44.201515 -0.006057
1.115000 44.186867 -0.006057
1.120000 44.158398 -0.006057
1.125000 44.139885 -0.006057
1.130000 44.130020 -0.006057
1.135000 44.118927 -0.006057
1.140000 44.105213 -0.006057
1.145000 44.090042 -0.006057
1.150000 44.068851 -0.006057
1.155000 44.052517 -0.006057
1.160000 44.045837 -0.006057
1.165000 44.028446 -0.006057
1.170000 44.015926 -0.006057
1.175000 44.004543 -0.006057
1.180000 44.001389 -0.006057
1.185000 43.986603 -0.006057
1.190000 43.983093 -0.006057
1.195000 43.965504 -0.006057
1.200000 43.962513 -0.006057
1.205000 43.948097 -0.006057
1.210000 43.943943 -0.006057
1.215000 43.944695 -0.006057
1.220000 43.926033 -0.006057
1.225000 43.922935 -0.006057
1.230000 43.919121 -0.006057
1.235000 43.899342 -0.006057
1.240000 43.893486 -0.006057
1.245000 43.884953 -0.006057
1.250000 43.878456 -0.006057
1.255000 43.875160 -0.006057
1.260000 43.868710 -0.006057
1.265000 43.856209 -0.006057
1.270000 43.852760 -0.006057
1.275000 43.858093 -0.006057
1.280000 43.844471 -0.006057
1.285000 43.830833 -0.006057
1.290000 43.831463 -0.006057
1.295000 43.820827 -0.006057
1.300000 43.815205 -0.006057
1.305000 43.795361 -0.006057
1.310000 43.791073 -0.006057
1.315000 43.796066 -0.006057
1.320000 43.775963 -0.006057
1.325000 43.762096 -0.006057
1.330000 43.752628 -0.006057
1.335000 43.743786 -0.006057
1.340000 43.737137 -0.006057
1.345000 43.728924 -0.006057
1.350000 43.717815 -0.006057
1.355000 43.713448 -0.006057
1.360000 43.705742 -0.006057
1.365000 43.688915 -0.006057
1.370000 43.679783 -0.006057
1.375000 43.666378 -0.006057
1.380000 43.644161 -0.006057
1.385000 43.639179 -0.006057
1.390000 43.630325 -0.006057
1.395000 43.613914 -0.006057
1.400000 43.610222 -0.006057
1.405000 43.588066 -0.006057
1.410000 43.575516 -0.006057
1.415000 43.564514 -0.006057
1.420000 43.549850 -0.006057
1.425000 43.531342 -0.006057
1.430000 43.522545 -0.006057
1.435000 43.507423 -0.006057
1.440000 43.492668 -0.006057
1.445000 43.468044 -0.006057
1.450000 43.465469 -0.006057
1.455000 43.439209 -0.006057
1.460000 43.423195 -0.006057
1.465000 43.400612 -0.006057
1.470000 43.384125 -0.006057
1.475000 43.366657 -0.006057
1.480000 43.342079 -0.006057
1.485000 43.324490 -0.006057
1.490000 43.303940 -0.006057
1.495000 43.287300 -0.006057
1.500000 43.260456 -0.006057
1.505000 43.239616 -0.006057
1.510000 43.215164 -0.006057
1.515000 43.193176 -0.006057
1.520000 43.168167 -0.006057
1.525000 43.142014 -0.006057
1.530000 43.115921 -0.006057
1.535000 43.095524 -0.006057
1.540000 43.072235 -0.006057
1.545000 43.050953 -0.006057
1.550000 43.026405 -0.006057
1.555000 43.007206 -0.006057
1.560000 42.982891 -0.006057
1.565000 42.957180 -0.006057
1.570000 42.926811 -0.006057
1.575000 42.905987 -0.006057
1.580000 42.881947 -0.006057
1.585000 42.844913 -0.006057
1.590000 42.822971 -0.006057
1.595000 42.799099 -0.006057
1.600000 42.768715 -0.006057
1.605000 42.744396 -0.006057
1.610000 42.714272 -0.006057
1.615000 42.699074 -0.006057
1.620000 42.665901 -0.006057
1.625000 42.632912 -0.006057
1.630000 42.608181 -0.006057
1.635000 42.584000 -0.006057
1.640000 42.553940 -0.006057
1.645000 42.525791 -0.006057
1.650000 42.502533 -0.006057
1.655000 42.473221 -0.006057
1.660000 42.443172 -0.006057
1.665000 42.418640 -0.006057
1.670000 42.383968 -0.006057
1.675000 42.354733 -0.006057
1.680000 42.326431 -0.006057
1.685000 42.299816 -0.006057
1.690000 42.271976 -0.006057
1.695000 42.245007 -0.006057
1.700000 42.206596 -0.006057
1.705000 42.184269 -0.006057
1.710000 42.151558 -0.006057
1.715000 42.116974 -0.006057
1.720000 42.086605 -0.006057
1.725000 42.058826 -0.006057
1.730000 42.022358 -0.006057
1.735000 41.996449 -0.006057
1.740000 41.962280 -0.006057
1.745000 41.922607 -0.006057
1.750000 41.889450 -0.006057
1.755000 41.849674 -0.006057
1.760000 41.816116 -0.006057
1.765000 41.785854 -0.006057
1.770000 41.755733 -0.006057
1.775000 41.717964 -0.006057
1.780000 41.685326 -0.006057
1.785000 41.649288 -0.006057
1.790000 41.611732 -0.006057
1.795000 41.577824 -0.006057
1.800000 41.543808 -0.006057
1.805000 41.494545 -0.006057
1.810000 41.468315 -0.006057
1.815000 41.431786 -0.006057
1.820000 41.389111 -0.006057
1.825000 41.347099 -0.006057
1.830000 41.306999 -0.006057
1.835000 41.269718 -0.006057
1.840000 41.240101 -0.006057
1.845000 41.196587 -0.006057
1.850000 41.166203 -0.006057
1.855000 41.122654 -0.006057
1.860000 41.085022 -0.006057
1.865000 41.043377 -0.006057
1.870000 41.004566 -0.006057
1.875000 40.973045 -0.006057
1.880000 40.937317 -0.006057
1.885000 40.900665 -0.006057
1.890000 40.859509 -0.006057
1.895000 40.821968 -0.006057
1.900000 40.787399 -0.006057
1.905000 40.736713 -0.006057
1.910000 40.705242 -0.006057
1.915000 40.668789 -0.006057
1.920000 40.633961 -0.006057
1.925000 40.591518 -0.006057
1.930000 40.551895 -0.006057
1.935000 40.516041 -0.006057
1.940000 40.475819 -0.006057
1.945000 40.433331 -0.006057
1.950000 40.396187 -0.006057
1.955000 40.363014 -0.006057
1.960000 40.322334 -0.006057
1.965000 40.271938 -0.006057
1.970000 40.235840 -0.006057
1.975000 40.196507 -0.006057
1.980000 40.152931 -0.006057
1.985000 40.106365 -0.006057
1.990000 40.063080 -0.006057
1.995000 40.022949 -0.006057
2.000000 39.983280 -0.006057
2.005000 39.947914 -0.006057
2.010000 39.895649 -0.006057
2.015000 39.862202 -0.006057
2.020000 39.817677 -0.006057
2.025000 39.763355 -0.006057
2.030000 39.726658 -0.006057
2.035000 39.693027 -0.006057
2.040000 39.643398 -0.006057
2.045000 39.604248 -0.006057
2.050000 39.558052 -0.006057
2.055000 39.524174 -0.006057
2.060000 39.470238 -0.006057
2.065000 39.430538 -0.006057
2.070000 39.382320 -0.006057
2.075000 39.347183 -0.006057
2.080000 39.304436 -0.006057
2.085000 39.267200 -0.006057
2.090000 39.220055 -0.006057
2.095000 39.181133 -0.006057
2.100000 39.138081 -0.006057
2.105000 39.098042 -0.006057
2.110000 39.055813 -0.006057
2.115000 39.013142 -0.006057
2.120000 38.968044 -0.006057
2.125000 38.919121 -0.006057
2.130000 38.881306 -0.006057
2.135000 38.843430 -0.006057
2.140000 38.801491 -0.006057
2.145000 38.761192 -0.006057
2.150000 38.717770 -0.006057
2.155000 38.678776 -0.006057
2.160000 38.629848 -0.006057
2.165000 38.596062 -0.006057
2.170000 38.552471 -0.006057
2.175000 38.511730 -0.006057
2.180000 38.464321 -0.006057
2.185000 38.426765 -0.006057
2.190000 38.392902 -0.006057
2.195000 38.347626 -0.006057
2.200000 38.308830 -0.006057
2.205000 38.263580 -0.006057
2.210000 38.224831 -0.006057
2.215000 38.177837 -0.006057
2.220000 38.134109 -0.006057
2.225000 38.098560 -0.006057
2.230000 38.052715 -0.006057
2.235000 38.015205 -0.006057
2.240000 37.972992 -0.006057
2.245000 37.936695 -0.006057
2.250000 37.890007 -0.006057
2.255000 37.849354 -0.006057
2.260000 37.812828 -0.006057
2.265000 37.768223 -0.006057
2.270000 37.721230 -0.006057
2.275000 37.672657 -0.006057
2.280000 37.629204 -0.006057
2.285000 37.587955 -0.006057
2.290000 37.550110 -0.006057
2.295000 37.507557 -0.006057
2.300000 37.457439 -0.006057
2.305000 37.412743 -0.006057
2.310000 37.362732 -0.006057
2.315000 37.326492 -0.006057
2.320000 37.287315 -0.006057
2.325000 37.234070 -0.006057
2.330000 37.187042 -0.006057
2.335000 37.150501 -0.006057
2.340000 37.104534 -0.006057
2.345000 37.059593 -0.006057
2.350000 37.013748 -0.006057
2.355000 36.973602 -0.006057
2.360000 36.926868 -0.006057
2.365000 36.887611 -0.006057
2.370000 36.845230 -0.006057
2.375000 36.808655 -0.006057
2.380000 36.767853 -0.006057
2.385000 36.718239 -0.006057
2.390000 36.675503 -0.006057
2.395000 36.632450 -0.006057
2.400000 36.590405 -0.006057
2.405000 36.547012 -0.006057
2.410000 36.506176 -0.006057
2.415000 36.465771 -0.006057
2.420000 36.425919 -0.006057
2.425000 36.382294 -0.006057
2.430000 36.334980 -0.006057
2.435000 36.289043 -0.006057
2.440000 36.252636 -0.006057
2.445000 36.201260 -0.006057
2.450000 36.155983 -0.006057
2.455000 36.111946 -0.006057
2.460000 36.056461 -0.006057
2.465000 36.020779 -0.006057
2.470000 35.968311 -0.006057
2.475000 35.931477 -0.006057
2.480000 35.892941 -0.006057
2.485000 35.842762 -0.006057
2.490000 35.789684 -0.006057
2.495000 35.747028 -0.006057
2.500000 35.712490 -0.006057
2.505000 35.662079 -0.006057
2.510000 35.609859 -0.006057
2.515000 35.568794 -0.006057
2.520000 35.524010 -0.006057
2.525000 35.481705 -0.006057
2.530000 35.434540 -0.006057
2.535000 35.390610 -0.006057
2.540000 35.344429 -0.006057
2.545000 35.297222 -0.006057
2.550000 35.248512 -0.006057
2.555000 35.211815 -0.006057
2.560000 35.167549 -0.006057
2.565000 35.122959 -0.006057
2.570000 35.078480 -0.006057
2.575000 35.044262 -0.006057
2.580000 34.996197 -0.006057
2.585000 34.951591 -0.006057
2.590000 34.911388 -0.006057
2.595000 34.863903 -0.006057
2.600000 34.823223 -0.006057
2.605000 34.774296 -0.006057
2.610000 34.734459 -0.006057
2.615000 34.690041 -0.006057
2.620000 34.649467 -0.006057
2.625000 34.598396 -0.006057
2.630000 34.558529 -0.006057
2.635000 34.514523 -0.006057
2.640000 34.468784 -0.006057
2.645000 34.426155 -0.006057
2.650000 34.391006 -0.006057
2.655000 34.348442 -0.006057
2.660000 34.308571 -0.006057
2.665000 34.281128 -0.006057
2.670000 34.321075 -0.006057
2.675000 34.438309 -0.006057
2.680000 34.612446 -0.006057
2.685000 34.827587 -0.006057
2.690000 35.035114 -0.006057
2.695000 35.268845 -0.006057
2.700000 35.498726 -0.006057
2.705000 35.716934 -0.006057
2.710000 35.924030 -0.006057
2.715000 36.127235 -0.006057
