0.000000 -62.680515 -0.006057
0.005000 -0.622504 -0.006057
0.010000 0.570447 -0.006057
0.015000 0.621302 -0.006057
0.020000 0.623194 -0.006057
0.025000 0.623999 -0.006057
0.030000 0.613526 -0.006057
0.035000 0.620421 -0.006057
0.040000 0.618781 -0.006057
0.045000 0.614966 -0.006057
0.050000 0.618268 -0.006057
0.055000 0.611557 -0.006057
0.060000 0.616123 -0.006057
0.065000 0.617211 -0.006057
0.070000 0.621264 -0.006057
0.075000 0.616429 -0.006057
0.080000 0.620275 -0.006057
0.085000 0.619747 -0.006057
0.090000 0.614583 -0.006057
0.095000 0.611044 -0.006057
0.100000 0.615748 -0.006057
0.105000 0.612760 -0.006057
0.110000 0.606248 -0.006057
0.115000 0.615119 -0.006057
0.120000 0.604417 -0.006057
0.125000 0.610607 -0.006057
0.130000 0.601099 -0.006057
0.135000 0.616698 -0.006057
0.140000 0.609550 -0.006057
0.145000 0.613779 -0.006057
0.150000 0.614813 -0.006057
0.155000 0.615885 -0.006057
0.160000 0.613357 -0.006057
0.165000 0.605267 -0.006057
0.170000 0.605267 -0.006057
0.175000 0.602685 -0.006057
0.180000 0.622336 -0.006057
0.185000 0.606317 -0.006057
0.190000 0.613120 -0.006057
0.195000 0.609695 -0.006057
0.200000 0.609802 -0.006057
0.205000 0.607175 -0.006057
0.210000 0.604662 -0.006057
0.215000 0.610584 -0.006057
0.220000 0.610277 -0.006057
0.225000 0.613748 -0.006057
0.230000 0.607987 -0.006057
0.235000 0.615748 -0.006057
0.240000 0.611411 -0.006057
0.245000 0.607106 -0.006057
0.250000 0.609856 -0.006057
0.255000 0.614070 -0.006057
0.260000 0.608316 -0.006057
0.265000 0.617295 -0.006057
0.270000 0.611779 -0.006057
0.275000 0.612599 -0.006057
0.280000 0.611702 -0.006057
0.285000 0.609511 -0.006057
0.290000 0.606960 -0.006057
0.295000 0.611902 -0.006057
0.300000 0.607558 -0.006057
0.305000 0.612262 -0.006057
0.310000 0.610094 -0.006057
0.315000 0.609373 -0.006057
0.320000 0.608423 -0.006057
0.325000 0.605068 -0.006057
0.330000 0.612545 -0.006057
0.335000 0.603827 -0.006057
0.340000 0.613610 -0.006057
0.345000 0.614001 -0.006057
0.350000 0.607864 -0.006057
0.355000 0.608630 -0.006057
0.360000 0.603306 -0.006057
0.365000 0.599444 -0.006057
0.370000 0.604424 -0.006057
0.375000 0.612430 -0.006057
0.380000 0.603122 -0.006057
0.385000 0.608416 -0.006057
0.390000 0.606485 -0.006057
0.395000 0.608998 -0.006057
0.400000 0.598816 -0.006057
0.405000 0.607351 -0.006057
0.410000 0.602861 -0.006057
0.415000 0.607772 -0.006057
0.420000 0.609266 -0.006057
0.425000 0.613817 -0.006057
0.430000 0.603612 -0.006057
0.435000 0.613457 -0.006057
0.440000 0.607320 -0.006057
0.445000 0.614368 -0.006057
0.450000 0.606278 -0.006057
0.455000 0.608492 -0.006057
0.460000 0.616360 -0.006057
0.465000 0.606677 -0.006057
0.470000 0.613035 -0.006057
0.475000 0.610392 -0.006057
0.480000 0.608224 -0.006057
0.485000 0.602187 -0.006057
0.490000 0.605635 -0.006057
0.495000 0.606669 -0.006057
0.500000 0.609986 -0.006057
0.505000 0.610944 -0.006057
0.510000 0.609435 -0.006057
0.515000 0.607688 -0.006057
0.520000 0.607711 -0.006057
0.525000 0.599628 -0.006057
0.530000 0.599513 -0.006057
0.535000 0.603122 -0.006057
0.540000 0.601835 -0.006057
0.545000 0.604593 -0.006057
0.550000 0.605834 -0.006057
0.555000 0.611986 -0.006057
0.560000 0.603459 -0.006057
0.565000 0.603321 -0.006057
0.570000 0.600433 -0.006057
0.575000 0.597177 -0.006057
0.580000 0.604332 -0.006057
0.585000 0.604570 -0.006057
0.590000 0.604194 -0.006057
0.595000 0.607221 -0.006057
0.600000 0.611825 -0.006057
0.605000 0.604171 -0.006057
0.610000 0.601957 -0.006057
0.615000 0.603283 -0.006057
0.620000 0.603758 -0.006057
0.625000 0.601666 -0.006057
0.630000 0.608178 -0.006057
0.635000 0.610400 -0.006057
0.640000 0.601789 -0.006057
0.645000 0.606010 0.065942
0.650000 0.597912 1.793924
0.655000 0.607857 1.721925
0.660000 0.610844 -0.006057
0.665000 0.610308 -0.006057
0.670000 0.627944 -0.006057
0.675000 1.052444 -0.006057
0.680000 2.630164 -0.006057
0.685000 5.528861 -0.006057
0.690000 8.818172 -0.006057
0.695000 12.307174 -0.006057
0.700000 15.824323 -0.006057
0.705000 19.331596 -0.006057
0.710000 22.658041 -0.006057
0.715000 25.814102 -0.006057
0.720000 28.745337 -0.006057
0.725000 31.431526 -0.006057
0.730000 33.873276 -0.006057
0.735000 36.026981 -0.006057
0.740000 37.869427 -0.006057
0.745000 39.340275 -0.006057
0.750000 40.327759 -0.006057
0.755000 40.658844 -0.006057
0.760000 40.268723 -0.006057
0.765000 39.403847 -0.006057
0.770000 38.226028 -0.006057
0.775000 36.698166 -0.006057
0.780000 34.839203 -0.006057
0.785000 32.853455 -0.006057
0.790000 30.947260 -0.006057
0.795000 29.292431 -0.006057
0.800000 27.933744 -0.006057
0.805000 26.837334 -0.006057
0.810000 25.926506 -0.006057
0.815000 25.199097 -0.006057
0.820000 24.572372 -0.006057
0.825000 24.065031 -0.006057
0.830000 23.616314 -0.006057
0.835000 23.211840 -0.006057
0.840000 22.867178 -0.006057
0.845000 22.557074 -0.006057
0.850000 22.286312 -0.006057
0.855000 22.039467 -0.006057
0.860000 21.821812 -0.006057
0.865000 21.616446 -0.006057
0.870000 21.440331 -0.006057
0.875000 21.275414 -0.006057
0.880000 21.141872 -0.006057
0.885000 21.007156 -0.006057
0.890000 20.884163 -0.006057
0.895000 20.779657 -0.006057
0.900000 20.682720 -0.006057
0.905000 20.592968 -0.006057
0.910000 20.510036 -0.006057
0.915000 20.432665 -0.006057
0.920000 20.368387 -0.006057
0.925000 20.301130 -0.006057
0.930000 20.243855 -0.006057
0.935000 20.200102 -0.006057
0.940000 20.153622 -0.006057
0.945000 20.107738 -0.006057
0.950000 20.062536 -0.006057
0.955000 20.029900 -0.006057
0.960000 19.989126 -0.006057
0.965000 19.966703 -0.006057
0.970000 19.931370 -0.006057
0.975000 19.901413 -0.006057
0.980000 19.867590 -0.006057
0.985000 19.845739 -0.006057
0.990000 19.821016 -0.006057
0.995000 19.796724 -0.006057
1.000000 19.771067 -0.006057
1.005000 19.751705 -0.006057
1.010000 19.742926 -0.006057
1.015000 19.714840 -0.006057
1.020000 19.701288 -0.006057
1.025000 19.688908 -0.006057
1.030000 19.663710 -0.006057
1.035000 19.656784 -0.006057
1.040000 19.638336 -0.006057
1.045000 19.632973 -0.006057
1.050000 19.623243 -0.006057
1.055000 19.612785 -0.006057
1.060000 19.591166 -0.006057
1.065000 19.587450 -0.006057
1.070000 19.579298 -0.006057
1.075000 19.578087 -0.006057
1.080000 19.566833 -0.006057
1.085000 19.559202 -0.006057
1.090000 19.554951 -0.006057
1.095000 19.545780 -0.006057
1.100000 19.544853 -0.006057
1.105000 19.543360 -0.006057
1.110000 19.528221 -0.006057
1.115000 19.521118 -0.006057
1.120000 19.531286 -0.006057
1.125000 19.527493 -0.006057
1.130000 19.525801 -0.006057
1.135000 19.522560 -0.006057
1.140000 19.527678 -0.006057
1.145000 19.516844 -0.006057
1.150000 19.509520 -0.006057
1.155000 19.513374 -0.006057
1.160000 19.514469 -0.006057
1.165000 19.507904 -0.006057
1.170000 19.511312 -0.006057
1.175000 19.510408 -0.006057
1.180000 19.510225 -0.006057
1.185000 19.510279 -0.006057
1.190000 19.508179 -0.006057
1.195000 19.513182 -0.006057
1.200000 19.515640 -0.006057
1.205000 19.517527 -0.006057
1.210000 19.514393 -0.006057
1.215000 19.513489 -0.006057
1.220000 19.514431 -0.006057
1.225000 19.523678 -0.006057
1.230000 19.512991 -0.006057
1.235000 19.514990 -0.006057
1.240000 19.526037 -0.006057
1.245000 19.520874 -0.006057
1.250000 19.519464 -0.006057
1.255000 19.525494 -0.006057
1.260000 19.525301 -0.006057
1.265000 19.528450 -0.006057
1.270000 19.528826 -0.006057
1.275000 19.532602 -0.006057
1.280000 19.522177 -0.006057
1.285000 19.528013 -0.006057
1.290000 19.531301 -0.006057
1.295000 19.533905 -0.006057
1.300000 19.531147 -0.006057
1.305000 19.521189 -0.006057
1.310000 19.528282 -0.006057
1.315000 19.525984 -0.006057
1.320000 19.526344 -0.006057
1.325000 19.525593 -0.006057
1.330000 19.513910 -0.006057
1.335000 19.519579 -0.006057
1.340000 19.517494 -0.006057
1.345000 19.518147 -0.006057
1.350000 19.516798 -0.006057
1.355000 19.519257 -0.006057
1.360000 19.515579 -0.006057
1.365000 19.512676 -0.006057
1.370000 19.506929 -0.006057
1.375000 19.509022 -0.006057
1.380000 19.505850 -0.006057
1.385000 19.495752 -0.006057
1.390000 19.497169 -0.006057
1.395000 19.495140 -0.006057
1.400000 19.501522 -0.006057
1.405000 19.489601 -0.006057
1.410000 19.490658 -0.006057
1.415000 19.480644 -0.006057
1.420000 19.480085 -0.006057
1.425000 19.477013 -0.006057
1.430000 19.474247 -0.006057
1.435000 19.474653 -0.006057
1.440000 19.471382 -0.006057
1.445000 19.461094 -0.006057
1.450000 19.456083 -0.006057
1.455000 19.451172 -0.006057
1.460000 19.448574 -0.006057
1.465000 19.447756 -0.006057
1.470000 19.444881 -0.006057
1.475000 19.446568 -0.006057
1.480000 19.433039 -0.006057
1.485000 19.430801 -0.006057
1.490000 19.423798 -0.006057
1.495000 19.418213 -0.006057
1.500000 19.414589 -0.006057
1.505000 19.411402 -0.006057
1.510000 19.402906 -0.006057
1.515000 19.392174 -0.006057
1.520000 19.382719 -0.006057
1.525000 19.383286 -0.006057
1.530000 19.368301 -0.006057
1.535000 19.365381 -0.006057
1.540000 19.369993 -0.006057
1.545000 19.359505 -0.006057
1.550000 19.349607 -0.006057
1.555000 19.348749 -0.006057
1.560000 19.344305 -0.006057
1.565000 19.330891 -0.006057
1.570000 19.324432 -0.006057
1.575000 19.325504 -0.006057
1.580000 19.313124 -0.006057
1.585000 19.300039 -0.006057
1.590000 19.298216 -0.006057
1.595000 19.283207 -0.006057
1.600000 19.283689 -0.006057
1.605000 19.274511 -0.006057
1.610000 19.257465 -0.006057
1.615000 19.250280 -0.006057
1.620000 19.243660 -0.006057
1.625000 19.237791 -0.006057
1.630000 19.221657 -0.006057
1.635000 19.213888 -0.006057
1.640000 19.207897 -0.006057
1.645000 19.198559 -0.006057
1.650000 19.175077 -0.006057
1.655000 19.175606 -0.006057
1.660000 19.168076 -0.006057
1.665000 19.153465 -0.006057
1.670000 19.139193 -0.006057
1.675000 19.130795 -0.006057
1.680000 19.117449 -0.006057
1.685000 19.104908 -0.006057
1.690000 19.090412 -0.006057
1.695000 19.077480 -0.006057
1.700000 19.067545 -0.006057
1.705000 19.044600 -0.006057
1.710000 19.026449 -0.006057
1.715000 19.002945 -0.006057
1.720000 18.993376 -0.006057
1.725000 18.977325 -0.006057
1.730000 18.959591 -0.006057
1.735000 18.939310 -0.006057
1.740000 18.929451 -0.006057
1.745000 18.903526 -0.006057
1.750000 18.881866 -0.006057
1.755000 18.863081 -0.006057
1.760000 18.846487 -0.006057
1.765000 18.823971 -0.006057
1.770000 18.803738 -0.006057
1.775000 18.785505 -0.006057
1.780000 18.759035 -0.006057
1.785000 18.743000 -0.006057
1.790000 18.715656 -0.006057
1.795000 18.699156 -0.006057
1.800000 18.683395 -0.006057
1.805000 18.654490 -0.006057
1.810000 18.627346 -0.006057
1.815000 18.599789 -0.006057
1.820000 18.587317 -0.006057
1.825000 18.567696 -0.006057
1.830000 18.541931 -0.006057
1.835000 18.519737 -0.006057
1.840000 18.503265 -0.006057
1.845000 18.468767 -0.006057
1.850000 18.449184 -0.006057
1.855000 18.422155 -0.006057
1.860000 18.395212 -0.006057
1.865000 18.381237 -0.006057
1.870000 18.347069 -0.006057
1.875000 18.329378 -0.006057
1.880000 18.300856 -0.006057
1.885000 18.277199 -0.006057
1.890000 18.255219 -0.006057
1.895000 18.228580 -0.006057
1.900000 18.216007 -0.006057
1.905000 18.190266 -0.006057
1.910000 18.162947 -0.006057
1.915000 18.140438 -0.006057
1.920000 18.124012 -0.006057
1.925000 18.108269 -0.006057
1.930000 18.078619 -0.006057
1.935000 18.058601 -0.006057
1.940000 18.040918 -0.006057
1.945000 18.017752 -0.006057
1.950000 17.990845 -0.006057
1.955000 17.973639 -0.006057
1.960000 17.953520 -0.006057
1.965000 17.925127 -0.006057
1.970000 17.908073 -0.006057
1.975000 17.887043 -0.006057
1.980000 17.872877 -0.006057
1.985000 17.843550 -0.006057
1.990000 17.826143 -0.006057
1.995000 17.808010 -0.006057
2.000000 17.793232 -0.006057
2.005000 17.770340 -0.006057
2.010000 17.740753 -0.006057
2.015000 17.723461 -0.006057
2.020000 17.702890 -0.006057
2.025000 17.694172 -0.006057
2.030000 17.663933 -0.006057
2.035000 17.644114 -0.006057
2.040000 17.632675 -0.006057
2.045000 17.616716 -0.006057
2.050000 17.588747 -0.006057
2.055000 17.567356 -0.006057
2.060000 17.550003 -0.006057
2.065000 17.533709 -0.006057
2.070000 17.514372 -0.006057
2.075000 17.501102 -0.006057
2.080000 17.481007 -0.006057
2.085000 17.459087 -0.006057
2.090000 17.444632 -0.006057
2.095000 17.426956 -0.006057
2.100000 17.413389 -0.006057
2.105000 17.385012 -0.006057
2.110000 17.370800 -0.006057
2.115000 17.353991 -0.006057
2.120000 17.343596 -0.006057
2.125000 17.317072 -0.006057
2.130000 17.297888 -0.006057
2.135000 17.284956 -0.006057
2.140000 17.265053 -0.006057
2.145000 17.250557 -0.006057
2.150000 17.230913 -0.006057
2.155000 17.207071 -0.006057
2.160000 17.201212 -0.006057
2.165000 17.186417 -0.006057
2.170000 17.165693 -0.006057
2.175000 17.151690 -0.006057
2.180000 17.130413 -0.006057
2.185000 17.113583 -0.006057
2.190000 17.094498 -0.006057
2.195000 17.081650 -0.006057
2.200000 17.062244 -0.006057
2.205000 17.046684 -0.006057
2.210000 17.022284 -0.006057
2.215000 17.012953 -0.006057
2.220000 16.994259 -0.006057
2.225000 16.976225 -0.006057
2.230000 16.960726 -0.006057
2.235000 16.947624 -0.006057
2.240000 16.936739 -0.006057
2.245000 16.924427 -0.006057
2.250000 16.909197 -0.006057
2.255000 16.895353 -0.006057
2.260000 16.879847 -0.006057
2.265000 16.862080 -0.006057
2.270000 16.852089 -0.006057
2.275000 16.827152 -0.006057
2.280000 16.811310 -0.006057
2.285000 16.798592 -0.006057
2.290000 16.780741 -0.006057
2.295000 16.765663 -0.006057
2.300000 16.762722 -0.006057
2.305000 16.735914 -0.006057
2.310000 16.722446 -0.006057
2.315000 16.716623 -0.006057
2.320000 16.695402 -0.006057
2.325000 16.687052 -0.006057
2.330000 16.667370 -0.006057
2.335000 16.659012 -0.006057
