0.000000 -62.671818 -0.006057
0.005000 -0.612843 -0.006057
0.010000 0.585486 -0.006057
0.015000 0.624206 -0.006057
0.020000 0.627362 -0.006057
0.025000 0.627668 -0.006057
0.030000 0.626151 -0.006057
0.035000 0.620505 -0.006057
0.040000 0.631522 -0.006057
0.045000 0.622175 -0.006057
0.050000 0.625362 -0.006057
0.055000 0.621041 -0.006057
0.060000 0.633828 -0.006057
0.065000 0.626772 -0.006057
0.070000 0.631062 -0.006057
0.075000 0.631246 -0.006057
0.080000 0.631116 -0.006057
0.085000 0.622474 -0.006057
0.090000 0.621455 -0.006057
0.095000 0.617893 -0.006057
0.100000 0.633062 -0.006057
0.105000 0.623593 -0.006057
0.110000 0.620743 -0.006057
0.115000 0.625906 -0.006057
0.120000 0.619961 -0.006057
0.125000 0.627937 -0.006057
0.130000 0.622083 -0.006057
0.135000 0.623309 -0.006057
0.140000 0.627500 -0.006057
0.145000 0.628090 -0.006057
0.150000 0.626358 -0.006057
0.155000 0.620390 -0.006057
0.160000 0.624642 -0.006057
0.165000 0.628281 -0.006057
0.170000 0.632579 -0.006057
0.175000 0.626726 -0.006057
0.180000 0.630779 -0.006057
0.185000 0.622551 -0.006057
0.190000 0.625447 -0.006057
0.195000 0.618291 -0.006057
0.200000 0.629415 -0.006057
0.205000 0.628496 -0.006057
0.210000 0.616897 -0.006057
0.215000 0.627814 -0.006057
0.220000 0.615487 -0.006057
0.225000 0.633591 -0.006057
0.230000 0.620176 -0.006057
0.235000 0.622382 -0.006057
0.240000 0.631966 -0.006057
0.245000 0.619187 -0.006057
0.250000 0.624527 -0.006057
0.255000 0.622581 -0.006057
0.260000 0.623922 -0.006057
0.265000 0.634954 -0.006057
0.270000 0.625623 -0.006057
0.275000 0.624941 -0.006057
0.280000 0.625623 -0.006057
0.285000 0.625899 -0.006057
0.290000 0.622535 -0.006057
0.295000 0.621631 -0.006057
0.300000 0.629224 -0.006057
0.305000 0.619785 -0.006057
0.310000 0.622941 -0.006057
0.315000 0.617762 -0.006057
0.320000 0.630212 -0.006057
0.325000 0.624167 -0.006057
0.330000 0.619946 -0.006057
0.335000 0.622765 -0.006057
0.340000 0.622382 -0.006057
0.345000 0.620444 -0.006057
0.350000 0.619770 -0.006057
0.355000 0.614928 -0.006057
0.360000 0.620252 -0.006057
0.365000 0.626044 -0.006057
0.370000 0.618322 -0.006057
0.375000 0.622275 -0.006057
0.380000 0.619088 -0.006057
0.385000 0.624075 -0.006057
0.390000 0.625669 -0.006057
0.395000 0.626780 -0.006057
0.400000 0.624956 -0.006057
0.405000 0.627553 -0.006057
0.410000 0.622957 -0.006057
0.415000 0.625033 -0.006057
0.420000 0.621195 -0.006057
0.425000 0.621018 -0.006057
0.430000 0.610415 -0.006057
0.435000 0.624144 -0.006057
0.440000 0.618314 -0.006057
0.445000 0.624841 -0.006057
0.450000 0.616100 -0.006057
0.455000 0.622168 -0.006057
0.460000 0.623792 -0.006057
0.465000 0.612691 -0.006057
0.470000 0.618912 -0.006057
0.475000 0.617395 -0.006057
0.480000 0.628733 -0.006057
0.485000 0.614537 -0.006057
0.490000 0.618567 -0.006057
0.495000 0.608653 -0.006057
0.500000 0.625201 -0.006057
0.505000 0.619402 -0.006057
0.510000 0.617946 -0.006057
0.515000 0.614966 -0.006057
0.520000 0.619387 -0.006057
0.525000 0.631284 -0.006057
0.530000 0.621424 -0.006057
0.535000 0.614177 -0.006057
0.540000 0.612040 -0.006057
0.545000 0.623907 -0.006057
0.550000 0.625186 -0.006057
0.555000 0.624696 -0.006057
0.560000 0.624313 -0.006057
0.565000 0.624435 -0.006057
0.570000 0.619509 -0.006057
0.575000 0.616636 -0.006057
0.580000 0.613074 -0.006057
0.585000 0.614989 -0.006057
0.590000 0.625546 -0.006057
0.595000 0.619846 -0.006057
0.600000 0.630089 -0.006057
0.605000 0.625500 -0.006057
0.610000 0.620475 -0.006057
0.615000 0.610308 -0.006057
0.620000 0.617318 -0.006057
0.625000 0.625293 -0.006057
0.630000 0.610890 -0.006057
0.635000 0.617931 -0.006057
0.640000 0.619670 -0.006057
0.645000 0.619249 0.173960
0.650000 0.612438 2.994223
0.655000 0.616981 2.814206
0.660000 0.614460 -0.006057
0.665000 0.629898 -0.006057
0.670000 0.745161 -0.006057
0.675000 1.061607 -0.006057
0.680000 1.557341 -0.006057
0.685000 2.154886 -0.006057
0.690000 2.791517 -0.006057
0.695000 3.412366 -0.006057
0.700000 4.023915 -0.006057
0.705000 4.591933 -0.006057
0.710000 5.114259 -0.006057
0.715000 5.597682 -0.006057
0.720000 6.030173 -0.006057
0.725000 6.402807 -0.006057
0.730000 6.730231 -0.006057
0.735000 6.997570 -0.006057
0.740000 7.221461 -0.006057
0.745000 7.395516 -0.006057
0.750000 7.520210 -0.006057
0.755000 7.587238 -0.006057
0.760000 7.613646 -0.006057
0.765000 7.599458 -0.006057
0.770000 7.542106 -0.006057
0.775000 7.462214 -0.006057
0.780000 7.348583 -0.006057
0.785000 7.196539 -0.006057
0.790000 7.023748 -0.006057
0.795000 6.830234 -0.006057
0.800000 6.614800 -0.006057
0.805000 6.375380 -0.006057
0.810000 6.107429 -0.006057
0.815000 5.847192 -0.006057
0.820000 5.566478 -0.006057
0.825000 5.290245 -0.006057
0.830000 5.014441 -0.006057
0.835000 4.758702 -0.006057
0.840000 4.499677 -0.006057
0.845000 4.252656 -0.006057
0.850000 4.035599 -0.006057
0.855000 3.824923 -0.006057
0.860000 3.620775 -0.006057
0.865000 3.425728 -0.006057
0.870000 3.238840 -0.006057
0.875000 3.060992 -0.006057
0.880000 2.895120 -0.006057
0.885000 2.728986 -0.006057
0.890000 2.579623 -0.006057
0.895000 2.436266 -0.006057
0.900000 2.303138 -0.006057
0.905000 2.192609 -0.006057
0.910000 2.074696 -0.006057
0.915000 1.966573 -0.006057
0.920000 1.873673 -0.006057
0.925000 1.785669 -0.006057
0.930000 1.700713 -0.006057
0.935000 1.629885 -0.006057
0.940000 1.551902 -0.006057
0.945000 1.486697 -0.006057
0.950000 1.420244 -0.006057
0.955000 1.381088 -0.006057
0.960000 1.323414 -0.006057
0.965000 1.280059 -0.006057
0.970000 1.236743 -0.006057
0.975000 1.194315 -0.006057
0.980000 1.159495 1.194055
0.985000 1.124988 2.994223
0.990000 1.091294 1.794111
0.995000 1.054406 -0.006057
1.000000 1.068571 -0.006057
1.005000 1.241117 -0.006057
1.010000 1.645752 -0.006057
1.015000 2.180359 -0.006057
1.020000 2.774478 -0.006057
1.025000 3.385659 -0.006057
1.030000 3.989064 -0.006057
1.035000 4.549444 -0.006057
1.040000 5.075110 -0.006057
1.045000 5.538668 -0.006057
1.050000 5.952572 -0.006057
1.055000 6.320992 -0.006057
1.060000 6.632245 -0.006057
1.065000 6.909335 -0.006057
1.070000 7.125665 -0.006057
1.075000 7.291185 -0.006057
1.080000 7.416255 -0.006057
1.085000 7.496989 -0.006057
1.090000 7.541240 -0.006057
1.095000 7.538474 -0.006057
1.100000 7.506826 -0.006057
1.105000 7.440740 -0.006057
1.110000 7.350767 -0.006057
1.115000 7.234761 -0.006057
1.120000 7.090492 -0.006057
1.125000 6.924014 -0.006057
1.130000 6.728278 -0.006057
1.135000 6.513289 -0.006057
1.140000 6.282334 -0.006057
1.145000 6.018727 -0.006057
1.150000 5.745627 -0.006057
1.155000 5.471570 -0.006057
1.160000 5.208301 -0.006057
1.165000 4.943606 -0.006057
1.170000 4.691276 -0.006057
1.175000 4.446684 -0.006057
1.180000 4.224601 -0.006057
1.185000 4.001774 -0.006057
1.190000 3.795918 -0.006057
1.195000 3.600595 -0.006057
1.200000 3.418067 -0.006057
1.205000 3.240625 -0.006057
1.210000 3.055798 -0.006057
1.215000 2.891496 -0.006057
1.220000 2.725470 -0.006057
1.225000 2.586265 -0.006057
1.230000 2.435815 -0.006057
1.235000 2.311672 -0.006057
1.240000 2.186641 -0.006057
1.245000 2.075171 -0.006057
1.250000 1.975766 -0.006057
1.255000 1.874523 -0.006057
1.260000 1.792602 -0.006057
1.265000 1.707432 -0.006057
1.270000 1.631127 -0.006057
1.275000 1.551649 -0.006057
1.280000 1.498136 -0.006057
1.285000 1.438861 -0.006057
1.290000 1.385393 -0.006057
1.295000 1.329466 -0.006057
1.300000 1.279959 -0.006057
1.305000 1.236375 -0.006057
1.310000 1.192361 -0.006057
1.315000 1.159778 2.214150
1.320000 1.117894 2.994223
1.325000 1.086644 0.774016
1.330000 1.055517 -0.006057
1.335000 1.094045 -0.006057
1.340000 1.338162 -0.006057
1.345000 1.787699 -0.006057
1.350000 2.357839 -0.006057
1.355000 2.970330 -0.006057
1.360000 3.572402 -0.006057
1.365000 4.163947 -0.006057
1.370000 4.712436 -0.006057
1.375000 5.208921 -0.006057
1.380000 5.664694 -0.006057
1.385000 6.059554 -0.006057
1.390000 6.406377 -0.006057
1.395000 6.704268 -0.006057
1.400000 6.951426 -0.006057
1.405000 7.152541 -0.006057
1.410000 7.303781 -0.006057
1.415000 7.409758 -0.006057
1.420000 7.483229 -0.006057
1.425000 7.516532 -0.006057
1.430000 7.501716 -0.006057
1.435000 7.457710 -0.006057
1.440000 7.385120 -0.006057
1.445000 7.286933 -0.006057
1.450000 7.162968 -0.006057
1.455000 7.014884 -0.006057
1.460000 6.849088 -0.006057
1.465000 6.657879 -0.006057
1.470000 6.429023 -0.006057
1.475000 6.188607 -0.006057
1.480000 5.924218 -0.006057
1.485000 5.673436 -0.006057
1.490000 5.395043 -0.006057
1.495000 5.134033 -0.006057
1.500000 4.874118 -0.006057
1.505000 4.631718 -0.006057
1.510000 4.383916 -0.006057
1.515000 4.156171 -0.006057
1.520000 3.948437 -0.006057
1.525000 3.739906 -0.006057
1.530000 3.550904 -0.006057
1.535000 3.355704 -0.006057
1.540000 3.195378 -0.006057
1.545000 3.019752 -0.006057
1.550000 2.850516 -0.006057
1.555000 2.698678 -0.006057
1.560000 2.564178 -0.006057
1.565000 2.430390 -0.006057
1.570000 2.295354 -0.006057
1.575000 2.184190 -0.006057
1.580000 2.077070 -0.006057
1.585000 1.982309 -0.006057
1.590000 1.889340 -0.006057
1.595000 1.805557 -0.006057
1.600000 1.722234 -0.006057
1.605000 1.650272 -0.006057
1.610000 1.572380 -0.006057
1.615000 1.520185 -0.006057
1.620000 1.456183 -0.006057
1.625000 1.405626 -0.006057 3Hz
1.630000 1.356893 -0.006057
1.635000 1.304782 -0.006057
1.640000 1.260623 -0.006057
1.645000 1.221497 0.233966
1.650000 1.178847 2.994223
1.655000 1.140073 2.754200
1.660000 1.114952 -0.006057
1.665000 1.090260 -0.006057
1.670000 1.177108 -0.006057
1.675000 1.476117 -0.006057
1.680000 1.949113 -0.006057
1.685000 2.507133 -0.006057
1.690000 3.090358 -0.006057
1.695000 3.659088 -0.006057
1.700000 4.211692 -0.006057
1.705000 4.723238 -0.006057
1.710000 5.185815 -0.006057
1.715000 5.605044 -0.006057
1.720000 5.972545 -0.006057
1.725000 6.295312 -0.006057
1.730000 6.561432 -0.006057
1.735000 6.788196 -0.006057
1.740000 6.971996 -0.006057
1.745000 7.116119 -0.006057
1.750000 7.208927 -0.006057
1.755000 7.264540 -0.006057
1.760000 7.276139 -0.006057
1.765000 7.270056 -0.006057
1.770000 7.215393 -0.006057
1.775000 7.146151 -0.006057
1.780000 7.049735 -0.006057
1.785000 6.936234 -0.006057
1.790000 6.787936 -0.006057
1.795000 6.620239 -0.006057
1.800000 6.432946 -0.006057
1.805000 6.221626 -0.006057
1.810000 5.989162 -0.006057
1.815000 5.745651 -0.006057
1.820000 5.501488 -0.006057
1.825000 5.251954 -0.006057
1.830000 5.005945 -0.006057
1.835000 4.765804 -0.006057
1.840000 4.535125 -0.006057
1.845000 4.312651 -0.006057
1.850000 4.103354 -0.006057
1.855000 3.895169 -0.006057
1.860000 3.717199 -0.006057
1.865000 3.541657 -0.006057
1.870000 3.362408 -0.006057
1.875000 3.196389 -0.006057
1.880000 3.029359 -0.006057
1.885000 2.888416 -0.006057
1.890000 2.740409 -0.006057
1.895000 2.600262 -0.006057
1.900000 2.471003 -0.006057
1.905000 2.346561 -0.006057
1.910000 2.224135 -0.006057
1.915000 2.123850 -0.006057
1.920000 2.030100 -0.006057
1.925000 1.938104 -0.006057
1.930000 1.858481 -0.006057
1.935000 1.778092 -0.006057
1.940000 1.704383 -0.006057
1.945000 1.638075 -0.006057
1.950000 1.581658 -0.006057
1.955000 1.514845 -0.006057
1.960000 1.465981 -0.006057
1.965000 1.418543 -0.006057
1.970000 1.366953 -0.006057
1.975000 1.318158 -0.006057
1.980000 1.281944 1.254061
1.985000 1.240634 2.994223
1.990000 1.199670 1.734105
1.995000 1.158039 -0.006057
2.000000 1.157709 -0.006057
2.005000 1.308842 -0.006057
2.010000 1.659335 -0.006057
2.015000 2.166124 -0.006057
2.020000 2.731170 -0.006057
2.025000 3.314602 -0.006057
2.030000 3.876567 -0.006057
2.035000 4.425148 -0.006057
2.040000 4.921886 -0.006057
2.045000 5.383712 -0.006057
2.050000 5.783558 -0.006057
2.055000 6.150661 -0.006057
2.060000 6.466088 -0.006057
2.065000 6.727650 -0.006057
2.070000 6.942616 -0.006057
2.075000 7.109653 -0.006057
2.080000 7.246873 -0.006057
2.085000 7.340868 -0.006057
2.090000 7.382676 -0.006057
2.095000 7.395968 -0.006057
2.100000 7.381787 -0.006057
2.105000 7.330832 -0.006057
2.110000 7.249355 -0.006057
2.115000 7.161857 -0.006057
2.120000 7.029409 -0.006057
2.125000 6.890956 -0.006057
2.130000 6.722548 -0.006057
2.135000 6.536050 -0.006057
2.140000 6.326401 -0.006057
2.145000 6.101338 -0.006057
2.150000 5.862331 -0.006057
2.155000 5.616758 -0.006057
2.160000 5.381099 -0.006057
2.165000 5.138775 -0.006057
2.170000 4.895838 -0.006057
2.175000 4.680841 -0.006057
2.180000 4.459402 -0.006057
2.185000 4.262868 -0.006057
2.190000 4.068687 -0.006057
2.195000 3.890227 -0.006057
2.200000 3.710671 -0.006057
2.205000 3.549257 -0.006057
2.210000 3.395045 -0.006057
2.215000 3.230283 -0.006057
2.220000 3.085348 -0.006057
2.225000 2.944098 -0.006057
2.230000 2.812685 -0.006057
2.235000 2.672263 -0.006057
2.240000 2.560485 -0.006057
2.245000 2.433884 -0.006057
2.250000 2.331224 -0.006057
2.255000 2.223109 -0.006057
2.260000 2.126914 -0.006057
2.265000 2.038650 -0.006057
2.270000 1.965385 -0.006057
2.275000 1.877971 -0.006057
2.280000 1.810476 -0.006057
2.285000 1.750864 -0.006057
2.290000 1.680181 -0.006057
2.295000 1.611836 -0.006057
2.300000 1.560881 -0.006057
2.305000 1.514538 -0.006057
2.310000 1.457692 -0.006057
2.315000 1.420221 2.274156
2.320000 1.374223 2.994223
2.325000 1.332117 0.714010
2.330000 1.283415 -0.006057
2.335000 1.317706 -0.006057
2.340000 1.524988 -0.006057
2.345000 1.926045 -0.006057
2.350000 2.443246 -0.006057
2.355000 2.978481 -0.006057
2.360000 3.536976 -0.006057
2.365000 4.079290 -0.006057
2.370000 4.588317 -0.006057
2.375000 5.059167 -0.006057
2.380000 5.493405 -0.006057
2.385000 5.869525 -0.006057
2.390000 6.214394 -0.006057
2.395000 6.488804 -0.006057
2.400000 6.737808 -0.006057
2.405000 6.935177 -0.006057
2.410000 7.085229 -0.006057
2.415000 7.203327 -0.006057
2.420000 7.267742 -0.006057
2.425000 7.324581 -0.006057
2.430000 7.317188 -0.006057
2.435000 7.295338 -0.006057
2.440000 7.239557 -0.006057
2.445000 7.172107 -0.006057
2.450000 7.064981 -0.006057
2.455000 6.943121 -0.006057
2.460000 6.797474 -0.006057
2.465000 6.648739 -0.006057
2.470000 6.455317 -0.006057
2.475000 6.254639 -0.006057
2.480000 6.023998 -0.006057
2.485000 5.796881 -0.006057
2.490000 5.571726 -0.006057
2.495000 5.341192 -0.006057
2.500000 5.113432 -0.006057
2.505000 4.890498 -0.006057
2.510000 4.684105 -0.006057
2.515000 4.482424 -0.006057
2.520000 4.287139 -0.006057
2.525000 4.104228 -0.006057
2.530000 3.931230 -0.006057
2.535000 3.760990 -0.006057
2.540000 3.603682 -0.006057
2.545000 3.448596 -0.006057
2.550000 3.309936 -0.006057
2.555000 3.159976 -0.006057
2.560000 3.017431 -0.006057
2.565000 2.893365 -0.006057
2.570000 2.759248 -0.006057
2.575000 2.644514 -0.006057
2.580000 2.517330 -0.006057
2.585000 2.417956 -0.006057
2.590000 2.306646 -0.006057
2.595000 2.215149 -0.006057
2.600000 2.116595 -0.006057
2.605000 2.039722 -0.006057
2.610000 1.955847 -0.006057
2.615000 1.879503 -0.006057
2.620000 1.813563 -0.006057
2.625000 1.751699 -0.006057
2.630000 1.683882 -0.006057
2.635000 1.633410 -0.006057
2.640000 1.581229 -0.006057
2.645000 1.524076 0.293971
2.650000 1.484545 2.994223
2.655000 1.427898 2.694195
2.660000 1.386351 -0.006057
2.665000 1.356028 -0.006057
2.670000 1.429399 -0.006057
2.675000 1.695374 -0.006057
2.680000 2.124317 -0.006057
2.685000 2.651210 -0.006057
2.690000 3.184729 -0.006057
2.695000 3.722224 -0.006057
2.700000 4.244214 -0.006057
2.705000 4.739120 -0.006057
2.710000 5.182643 -0.006057
2.715000 5.583562 -0.006057
2.720000 5.945631 -0.006057
2.725000 6.268774 -0.006057
2.730000 6.534503 -0.006057
2.735000 6.755820 -0.006057
2.740000 6.944117 -0.006057
2.745000 7.083559 -0.006057
2.750000 7.183982 -0.006057
2.755000 7.249501 -0.006057
2.760000 7.280805 -0.006057
2.765000 7.274821 -0.006057
2.770000 7.242399 -0.006057
2.775000 7.182703 -0.006057
2.780000 7.107769 -0.006057
2.785000 6.994229 -0.006057
2.790000 6.874653 -0.006057
2.795000 6.737165 -0.006057
2.800000 6.568549 -0.006057
2.805000 6.391583 -0.006057
2.810000 6.194092 -0.006057
2.815000 5.978483 -0.006057
2.820000 5.746034 -0.006057
2.825000 5.534186 -0.006057
2.830000 5.304142 -0.006057
2.835000 5.082098 -0.006057
2.840000 4.865906 -0.006057
2.845000 4.673334 -0.006057
2.850000 4.472112 -0.006057
2.855000 4.283837 -0.006057
2.860000 4.112073 -0.006057
2.865000 3.947280 -0.006057
2.870000 3.787414 -0.006057
2.875000 3.625823 -0.006057
2.880000 3.481371 -0.006057
2.885000 3.350043 -0.006057
2.890000 3.202702 -0.006057
2.895000 3.064923 -0.006057
2.900000 2.940773 -0.006057
2.905000 2.814853 -0.006057
2.910000 2.696801 -0.006057
2.915000 2.574222 -0.006057
2.920000 2.465256 -0.006057
2.925000 2.368741 -0.006057
2.930000 2.274975 -0.006057
2.935000 2.178727 -0.006057
2.940000 2.099541 -0.006057
2.945000 2.026062 -0.006057
2.950000 1.957196 -0.006057
2.955000 1.879449 -0.006057
2.960000 1.807112 -0.006057
2.965000 1.750779 -0.006057
2.970000 1.692347 -0.006057
2.975000 1.640435 -0.006057
2.980000 1.591825 1.314066
2.985000 1.537346 2.994223
2.990000 1.489157 1.674100
2.995000 1.438462 -0.006057
3.000000 1.429254 -0.006057
3.005000 1.556836 -0.006057
3.010000 1.867054 -0.006057
3.015000 2.332986 -0.006057
3.020000 2.832773 -0.006057
3.025000 3.354455 -0.006057
3.030000 3.871848 -0.006057
3.035000 4.368057 -0.006057
3.040000 4.827653 -0.006057
3.045000 5.253800 -0.006057
3.050000 5.637696 -0.006057
3.055000 5.966738 -0.006057
3.060000 6.270107 -0.006057
3.065000 6.517403 -0.006057
3.070000 6.728148 -0.006057
3.075000 6.892910 -0.006057
3.080000 7.017067 -0.006057
3.085000 7.108596 -0.006057
