0.000000 -62.600346 -0.006057
0.005000 -0.413138 -0.006057
0.010000 0.788676 -0.006057
0.015000 0.845362 -0.006057
0.020000 0.830438 -0.006057
0.025000 0.835333 -0.006057
0.030000 0.829403 -0.006057
0.035000 0.831242 -0.006057
0.040000 0.829396 -0.006057
0.045000 0.833548 -0.006057
0.050000 0.820739 -0.006057
0.055000 0.833502 -0.006057
0.060000 0.832322 -0.006057
0.065000 0.837333 -0.006057
0.070000 0.829449 -0.006057
0.075000 0.832805 -0.006057
0.080000 0.832070 -0.006057
0.085000 0.835042 -0.006057
0.090000 0.829074 -0.006057
0.095000 0.841393 -0.006057
0.100000 0.836375 -0.006057
0.105000 0.831916 -0.006057
0.110000 0.832499 -0.006057
0.115000 0.835318 -0.006057
0.120000 0.834399 -0.006057
0.125000 0.833150 -0.006057
0.130000 0.840206 -0.006057
0.135000 0.826745 -0.006057
0.140000 0.829327 -0.006057
0.145000 0.827741 -0.006057
0.150000 0.833908 -0.006057
0.155000 0.828193 -0.006057
0.160000 0.837647 -0.006057
0.165000 0.835249 -0.006057
0.170000 0.838719 -0.006057
0.175000 0.841700 -0.006057
0.180000 0.839432 -0.006057
0.185000 0.839455 -0.006057
0.190000 0.834805 -0.006057
0.195000 0.827473 -0.006057
0.200000 0.834920 -0.006057
0.205000 0.837019 -0.006057
0.210000 0.828377 -0.006057
0.215000 0.836199 -0.006057
0.220000 0.831656 -0.006057
0.225000 0.837547 -0.006057
0.230000 0.834598 -0.006057
0.235000 0.824048 -0.006057
0.240000 0.830790 -0.006057
0.245000 0.830139 -0.006057
0.250000 0.833564 -0.006057
0.255000 0.838137 -0.006057
0.260000 0.835004 -0.006057
0.265000 0.836375 -0.006057
0.270000 0.843132 -0.006057
0.275000 0.836314 -0.006057
0.280000 0.839095 -0.006057
0.285000 0.841638 -0.006057
0.290000 0.839547 -0.006057
0.295000 0.836781 -0.006057
0.300000 0.833380 -0.006057
0.305000 0.834192 -0.006057
0.310000 0.837478 -0.006057
0.315000 0.840007 -0.006057
0.320000 0.827228 -0.006057
0.325000 0.838712 -0.006057
0.330000 0.833295 -0.006057
0.335000 0.837969 -0.006057
0.340000 0.832253 -0.006057
0.345000 0.832828 -0.006057
0.350000 0.833832 -0.006057
0.355000 0.838819 -0.006057
0.360000 0.839478 -0.006057
0.365000 0.839800 -0.006057
0.370000 0.830239 -0.006057
0.375000 0.835571 -0.006057
0.380000 0.843270 -0.006057
0.385000 0.830361 -0.006057
0.390000 0.831618 -0.006057
0.395000 0.827810 -0.006057
0.400000 0.837049 -0.006057
0.405000 0.831526 -0.006057
0.410000 0.829480 -0.006057
0.415000 0.832123 -0.006057
0.420000 0.836613 -0.006057
0.425000 0.839133 -0.006057
0.430000 0.826538 -0.006057
0.435000 0.832537 -0.006057
0.440000 0.837141 -0.006057
0.445000 0.833548 -0.006057
0.450000 0.827695 -0.006057
0.455000 0.829457 -0.006057
0.460000 0.831771 -0.006057
0.465000 0.831579 -0.006057
0.470000 0.820425 -0.006057
0.475000 0.840474 -0.006057
0.480000 0.827703 -0.006057
0.485000 0.827074 -0.006057
0.490000 0.831257 -0.006057
0.495000 0.825772 -0.006057
0.500000 0.830859 -0.006057
0.505000 0.830177 -0.006057
0.510000 0.830905 -0.006057
0.515000 0.829212 -0.006057
0.520000 0.830943 -0.006057
0.525000 0.821558 -0.006057
0.530000 0.827174 -0.006057
0.535000 0.829112 -0.006057
0.540000 0.835241 -0.006057
0.545000 0.829449 -0.006057
0.550000 0.825305 -0.006057
0.555000 0.824983 -0.006057
0.560000 0.832545 -0.006057
0.565000 0.836643 -0.006057
0.570000 0.830208 -0.006057
0.575000 0.839486 -0.006057
0.580000 0.840382 -0.006057
0.585000 0.834644 -0.006057
0.590000 0.832161 -0.006057
0.595000 0.831702 -0.006057
0.600000 0.833142 -0.006057
0.605000 0.827710 -0.006057
0.610000 0.836268 -0.006057
0.615000 0.845392 -0.006057
0.620000 0.835716 -0.006057
0.625000 0.835280 -0.006057
0.630000 0.832269 -0.006057
0.635000 0.842734 -0.006057
0.640000 0.849338 -0.006057
0.645000 0.843876 0.057947
0.650000 0.847798 1.594030
0.655000 0.836858 1.530027
0.660000 0.850456 -0.006057
0.665000 0.846151 -0.006057
0.670000 0.955109 -0.006057
0.675000 2.448325 -0.006057
0.680000 6.396348 -0.006057
0.685000 11.250240 -0.006057
0.690000 16.093063 -0.006057
0.695000 21.021599 -0.006057
0.700000 25.968544 -0.006057
0.705000 30.691957 -0.006057
0.710000 35.271832 -0.006057
0.715000 39.605320 -0.006057
0.720000 43.578995 -0.006057
0.725000 47.194717 -0.006057
0.730000 50.503201 -0.006057
0.735000 53.409267 -0.006057
0.740000 56.054409 -0.006057
0.745000 58.318893 -0.006057
0.750000 60.216499 -0.006057
0.755000 61.705643 -0.006057
0.760000 62.743919 -0.006057
0.765000 63.343380 -0.006057
0.770000 63.510899 -0.006057
0.775000 63.330936 -0.006057
0.780000 62.890800 -0.006057
0.785000 62.278286 -0.006057
0.790000 61.637608 -0.006057
0.795000 61.011292 -0.006057
0.800000 60.407265 -0.006057
0.805000 59.857128 -0.006057
0.810000 59.360775 -0.006057
0.815000 58.918369 -0.006057
0.820000 58.487747 -0.006057
0.825000 58.064541 -0.006057
0.830000 57.609421 -0.006057
0.835000 57.122826 -0.006057
0.840000 56.695190 -0.006057
0.845000 56.306736 -0.006057
0.850000 55.933926 -0.006057
0.855000 55.579567 -0.006057
0.860000 55.244953 -0.006057
0.865000 54.927841 -0.006057
0.870000 54.637020 -0.006057
0.875000 54.367039 -0.006057
0.880000 54.112289 -0.006057
0.885000 53.888752 -0.006057
0.890000 53.665535 -0.006057
0.895000 53.466084 -0.006057
0.900000 53.273998 -0.006057
0.905000 53.108074 -0.006057
0.910000 52.947632 -0.006057
0.915000 52.790668 -0.006057
0.920000 52.653931 -0.006057
0.925000 52.525345 -0.006057
0.930000 52.411560 -0.006057
0.935000 52.300045 -0.006057
0.940000 52.206993 -0.006057
0.945000 52.104790 -0.006057
0.950000 52.011906 -0.006057
0.955000 51.932182 -0.006057
0.960000 51.850777 -0.006057
0.965000 51.776508 -0.006057
0.970000 51.712566 -0.006057
0.975000 51.651615 -0.006057
0.980000 51.608391 -0.006057
0.985000 51.554089 -0.006057
0.990000 51.499233 -0.006057
0.995000 51.456776 -0.006057
1.000000 51.415573 -0.006057
1.005000 51.384270 -0.006057
1.010000 51.345551 -0.006057
1.015000 51.311119 -0.006057
1.020000 51.273563 -0.006057
1.025000 51.248405 -0.006057
1.030000 51.214314 -0.006057
1.035000 51.200630 -0.006057
1.040000 51.180801 -0.006057
1.045000 51.153393 -0.006057
1.050000 51.141117 -0.006057
1.055000 51.122040 -0.006057
1.060000 51.113628 -0.006057
1.065000 51.096313 -0.006057
1.070000 51.091732 -0.006057
1.075000 51.078815 -0.006057
1.080000 51.071724 -0.006057
1.085000 51.051174 -0.006057
1.090000 51.047852 -0.006057
1.095000 51.040188 -0.006057
1.100000 51.040325 -0.006057
1.105000 51.030354 -0.006057
1.110000 51.015228 -0.006057
1.115000 51.016346 -0.006057
1.120000 51.005177 -0.006057
1.125000 51.003155 -0.006057
1.130000 50.999706 -0.006057
1.135000 50.992615 -0.006057
1.140000 50.987236 -0.006057
1.145000 50.993839 -0.006057
1.150000 50.983372 -0.006057
1.155000 50.978714 -0.006057
1.160000 50.974533 -0.006057
1.165000 50.976032 -0.006057
1.170000 50.977123 -0.006057
1.175000 50.973492 -0.006057
1.180000 50.972248 -0.006057
1.185000 50.968727 -0.006057
1.190000 50.965218 -0.006057
1.195000 50.960941 -0.006057
1.200000 50.955288 -0.006057
1.205000 50.957020 -0.006057
1.210000 50.948792 -0.006057
1.215000 50.941895 -0.006057
1.220000 50.936073 -0.006057
1.225000 50.934956 -0.006057
1.230000 50.930511 -0.006057
1.235000 50.925961 -0.006057
1.240000 50.921227 -0.006057
1.245000 50.925625 -0.006057
1.250000 50.910992 -0.006057
1.255000 50.913288 -0.006057
1.260000 50.905491 -0.006057
1.265000 50.904907 -0.006057
1.270000 50.891499 -0.006057
1.275000 50.879978 -0.006057
1.280000 50.874874 -0.006057
1.285000 50.872086 -0.006057
1.290000 50.858448 -0.006057
1.295000 50.855400 -0.006057
1.300000 50.848995 -0.006057
1.305000 50.840752 -0.006057
1.310000 50.823959 -0.006057
1.315000 50.814198 -0.006057
1.320000 50.797604 -0.006057
1.325000 50.791428 -0.006057
1.330000 50.772751 -0.006057
1.335000 50.770222 -0.006057
1.340000 50.757584 -0.006057
1.345000 50.743839 -0.006057
1.350000 50.728180 -0.006057
1.355000 50.711170 -0.006057
1.360000 50.708000 -0.006057
1.365000 50.687618 -0.006057
1.370000 50.667439 -0.006057
1.375000 50.651428 -0.006057
1.380000 50.636749 -0.006057
1.385000 50.610977 -0.006057
1.390000 50.599777 -0.006057
1.395000 50.585911 -0.006057
1.400000 50.572151 -0.006057
1.405000 50.564075 -0.006057
1.410000 50.540726 -0.006057
1.415000 50.520023 -0.006057
1.420000 50.495770 -0.006057
1.425000 50.475513 -0.006057
1.430000 50.454948 -0.006057
1.435000 50.428150 -0.006057
1.440000 50.404659 -0.006057
1.445000 50.377998 -0.006057
1.450000 50.351414 -0.006057
1.455000 50.321091 -0.006057
1.460000 50.296375 -0.006057
1.465000 50.273823 -0.006057
1.470000 50.241936 -0.006057
1.475000 50.216393 -0.006057
1.480000 50.189381 -0.006057
1.485000 50.159595 -0.006057
1.490000 50.126465 -0.006057
1.495000 50.093277 -0.006057
1.500000 50.076164 -0.006057
1.505000 50.040417 -0.006057
1.510000 49.999245 -0.006057
1.515000 49.964615 -0.006057
1.520000 49.931732 -0.006057
1.525000 49.904537 -0.006057
1.530000 49.866474 -0.006057
1.535000 49.837517 -0.006057
1.540000 49.804161 -0.006057
1.545000 49.767616 -0.006057
1.550000 49.733509 -0.006057
1.555000 49.710171 -0.006057
1.560000 49.667866 -0.006057
1.565000 49.629730 -0.006057
1.570000 49.585587 -0.006057
1.575000 49.553532 -0.006057
1.580000 49.507179 -0.006057
1.585000 49.473194 -0.006057
1.590000 49.436085 -0.006057
1.595000 49.392521 -0.006057
1.600000 49.360435 -0.006057
1.605000 49.321686 -0.006057
1.610000 49.274418 -0.006057
1.615000 49.241398 -0.006057
1.620000 49.195766 -0.006057
1.625000 49.164310 -0.006057
1.630000 49.118313 -0.006057
1.635000 49.078457 -0.006057
1.640000 49.032093 -0.006057
1.645000 48.994812 -0.006057
1.650000 48.959526 -0.006057
1.655000 48.914845 -0.006057
1.660000 48.870182 -0.006057
1.665000 48.833008 -0.006057
1.670000 48.799988 -0.006057
1.675000 48.756413 -0.006057
1.680000 48.709999 -0.006057
1.685000 48.673149 -0.006057
1.690000 48.630753 -0.006057
1.695000 48.585274 -0.006057
1.700000 48.539967 -0.006057
1.705000 48.502872 -0.006057
1.710000 48.453026 -0.006057
1.715000 48.415150 -0.006057
1.720000 48.368923 -0.006057
1.725000 48.318771 -0.006057
1.730000 48.277924 -0.006057
1.735000 48.234531 -0.006057
1.740000 48.199734 -0.006057
1.745000 48.159512 -0.006057
1.750000 48.106236 -0.006057
1.755000 48.063591 -0.006057
1.760000 48.022099 -0.006057
1.765000 47.971214 -0.006057
1.770000 47.931175 -0.006057
1.775000 47.892994 -0.006057
1.780000 47.851944 -0.006057
1.785000 47.810192 -0.006057
1.790000 47.769661 -0.006057
1.795000 47.722866 -0.006057
1.800000 47.682983 -0.006057
1.805000 47.634811 -0.006057
1.810000 47.587204 -0.006057
1.815000 47.538124 -0.006057
1.820000 47.505150 -0.006057
1.825000 47.464653 -0.006057
1.830000 47.414673 -0.006057
1.835000 47.372169 -0.006057
1.840000 47.344433 -0.006057
1.845000 47.303204 -0.006057
1.850000 47.257633 -0.006057
1.855000 47.216415 -0.006057
1.860000 47.179043 -0.006057
1.865000 47.139618 -0.006057
1.870000 47.097343 -0.006057
1.875000 47.055973 -0.006057
1.880000 47.012520 -0.006057
1.885000 46.975883 -0.006057
1.890000 46.924629 -0.006057
1.895000 46.880333 -0.006057
1.900000 46.846119 -0.006057
1.905000 46.809269 -0.006057
1.910000 46.765064 -0.006057
1.915000 46.726406 -0.006057
1.920000 46.683731 -0.006057
1.925000 46.641197 -0.006057
1.930000 46.612926 -0.006057
1.935000 46.566532 -0.006057
1.940000 46.531593 -0.006057
1.945000 46.490807 -0.006057
1.950000 46.450005 -0.006057
1.955000 46.415176 -0.006057
1.960000 46.380974 -0.006057
1.965000 46.338715 -0.006057
1.970000 46.289024 -0.006057
1.975000 46.244713 -0.006057
1.980000 46.212749 -0.006057
1.985000 46.185493 -0.006057
1.990000 46.143738 -0.006057
1.995000 46.100117 -0.006057
2.000000 46.063969 -0.006057
2.005000 46.024670 -0.006057
2.010000 45.981136 -0.006057
2.015000 45.942448 -0.006057
2.020000 45.906609 -0.006057
2.025000 45.867550 -0.006057
2.030000 45.830181 -0.006057
2.035000 45.781837 -0.006057
2.040000 45.756802 -0.006057
2.045000 45.708336 -0.006057
2.050000 45.674015 -0.006057
2.055000 45.631634 -0.006057
2.060000 45.606411 -0.006057
2.065000 45.573009 -0.006057
2.070000 45.533615 -0.006057
2.075000 45.487999 -0.006057
2.080000 45.458641 -0.006057
2.085000 45.420872 -0.006057
2.090000 45.379837 -0.006057
2.095000 45.343433 -0.006057
2.100000 45.306274 -0.006057
2.105000 45.276352 -0.006057
2.110000 45.227058 -0.006057
2.115000 45.190914 -0.006057
2.120000 45.166580 -0.006057
2.125000 45.129440 -0.006057
2.130000 45.089741 -0.006057
2.135000 45.056427 -0.006057
2.140000 45.023026 -0.006057
2.145000 44.984810 -0.006057
2.150000 44.941113 -0.006057
2.155000 44.900753 -0.006057
2.160000 44.878136 -0.006057
2.165000 44.840565 -0.006057
2.170000 44.802582 -0.006057
2.175000 44.766098 -0.006057
2.180000 44.733906 -0.006057
2.185000 44.694298 -0.006057
2.190000 44.668221 -0.006057
2.195000 44.622066 -0.006057
2.200000 44.592373 -0.006057
2.205000 44.562126 -0.006057
2.210000 44.524662 -0.006057
2.215000 44.485744 -0.006057
2.220000 44.446274 -0.006057
2.225000 44.400261 -0.006057
2.230000 44.366138 -0.006057
2.235000 44.336014 -0.006057
2.240000 44.303223 -0.006057
2.245000 44.263905 -0.006057
2.250000 44.229294 -0.006057
2.255000 44.219730 -0.006057
2.260000 44.137970 -0.006057
2.265000 44.127689 -0.006057
2.270000 44.085583 -0.006057
2.275000 44.049164 -0.006057
2.280000 44.023361 -0.006057
2.285000 43.996929 -0.006057
2.290000 43.952618 -0.006057
2.295000 43.912304 -0.006057
2.300000 43.889214 -0.006057
2.305000 43.854137 -0.006057
2.310000 43.820339 -0.006057
2.315000 43.775150 -0.006057
2.320000 43.763813 -0.006057
2.325000 43.727406 -0.006057
2.330000 43.688915 -0.006057
