0.000000 -62.537678 -0.006057
0.005000 -0.220137 -0.006057
0.010000 0.974698 -0.006057
0.015000 1.023906 -0.006057
0.020000 1.023133 -0.006057
0.025000 1.027974 -0.006057
0.030000 1.032418 -0.006057
0.035000 1.029093 -0.006057
0.040000 1.025462 -0.006057
0.045000 1.026963 -0.006057
0.050000 1.015242 -0.006057
0.055000 1.026703 -0.006057
0.060000 1.025193 -0.006057
0.065000 1.029216 -0.006057
0.070000 1.019164 -0.006057
0.075000 1.025569 -0.006057
0.080000 1.025140 -0.006057
0.085000 1.022351 -0.006057
0.090000 1.019854 -0.006057
0.095000 1.019264 -0.006057
0.100000 1.034333 -0.006057
0.105000 1.027185 -0.006057
0.110000 1.030043 -0.006057
0.115000 1.023868 -0.006057
0.120000 1.029369 -0.006057
0.125000 1.025178 -0.006057
0.130000 1.026825 -0.006057
0.135000 1.023569 -0.006057
0.140000 1.027316 -0.006057
0.145000 1.027637 -0.006057
0.150000 1.024719 -0.006057
0.155000 1.026940 -0.006057
0.160000 1.020375 -0.006057
0.165000 1.031583 -0.006057
0.170000 1.027913 -0.006057
0.175000 1.028358 -0.006057
0.180000 1.025645 -0.006057
0.185000 1.033031 -0.006057
0.190000 1.032326 -0.006057
0.195000 1.032341 -0.006057
0.200000 1.031583 -0.006057
0.205000 1.031813 -0.006057
0.210000 1.028802 -0.006057
0.215000 1.030066 -0.006057
0.220000 1.026848 -0.006057
0.225000 1.034295 -0.006057
0.230000 1.027461 -0.006057
0.235000 1.029729 -0.006057
0.240000 1.032931 -0.006057
0.245000 1.025576 -0.006057
0.250000 1.024711 -0.006057
0.255000 1.026136 -0.006057
0.260000 1.026549 -0.006057
0.265000 1.031774 -0.006057
0.270000 1.029484 -0.006057
0.275000 1.032502 -0.006057
0.280000 1.033008 -0.006057
0.285000 1.025699 -0.006057
0.290000 1.026955 -0.006057
0.295000 1.027852 -0.006057
0.300000 1.038371 -0.006057
0.305000 1.034257 -0.006057
0.310000 1.027492 -0.006057
0.315000 1.032387 -0.006057
0.320000 1.026312 -0.006057
0.325000 1.032793 -0.006057
0.330000 1.029131 -0.006057
0.335000 1.030510 -0.006057
0.340000 1.034234 -0.006057
0.345000 1.022903 -0.006057
0.350000 1.028679 -0.006057
0.355000 1.027959 -0.006057
0.360000 1.020489 -0.006057
0.365000 1.035283 -0.006057
0.370000 1.032073 -0.006057
0.375000 1.033766 -0.006057
0.380000 1.030273 -0.006057
0.385000 1.021830 -0.006057
0.390000 1.021983 -0.006057
0.395000 1.024205 -0.006057
0.400000 1.034019 -0.006057
0.405000 1.023324 -0.006057
0.410000 1.025691 -0.006057
0.415000 1.031836 -0.006057
0.420000 1.028304 -0.006057
0.425000 1.033092 -0.006057
0.430000 1.023133 -0.006057
0.435000 1.030158 -0.006057
0.440000 1.027308 -0.006057
0.445000 1.026289 -0.006057
0.450000 1.021409 -0.006057
0.455000 1.026802 -0.006057
0.460000 1.024335 -0.006057
0.465000 1.029943 -0.006057
0.470000 1.017984 -0.006057
0.475000 1.019432 -0.006057
0.480000 1.022987 -0.006057
0.485000 1.030863 -0.006057
0.490000 1.027883 -0.006057
0.495000 1.029645 -0.006057
0.500000 1.033345 -0.006057
0.505000 1.026519 -0.006057
0.510000 1.035061 -0.006057
0.515000 1.029415 -0.006057
0.520000 1.032081 -0.006057
0.525000 1.026312 -0.006057
0.530000 1.025063 -0.006057
0.535000 1.018099 -0.006057
0.540000 1.029377 -0.006057
0.545000 1.021279 -0.006057
0.550000 1.024673 -0.006057
0.555000 1.027032 -0.006057
0.560000 1.019072 -0.006057
0.565000 1.032479 -0.006057
0.570000 1.025538 -0.006057
0.575000 1.034617 -0.006057
0.580000 1.023240 -0.006057
0.585000 1.031974 -0.006057
0.590000 1.021800 -0.006057
0.595000 1.016835 -0.006057
0.600000 1.024266 -0.006057
0.605000 1.027224 -0.006057
0.610000 1.021976 -0.006057
0.615000 1.025439 -0.006057
0.620000 1.031782 -0.006057
0.625000 1.024734 -0.006057
0.630000 1.026090 -0.006057
0.635000 1.022535 -0.006057
0.640000 1.030441 -0.006057
0.645000 1.025554 0.153952
0.650000 1.021478 3.994162
0.655000 1.025814 3.834153
0.660000 1.025684 -0.006057
0.665000 1.052904 -0.006057
0.670000 1.250556 -0.006057
0.675000 1.845319 -0.006057
0.680000 3.062663 -0.006057
0.685000 4.939775 -0.006057
0.690000 7.193244 -0.006057
0.695000 9.667327 -0.006057
0.700000 12.221576 -0.006057
0.705000 14.823783 -0.006057
0.710000 17.376392 -0.006057
0.715000 19.866104 -0.006057
0.720000 22.220953 -0.006057
0.725000 24.432095 -0.006057
0.730000 26.431135 -0.006057
0.735000 28.254696 -0.006057
0.740000 29.846598 -0.006057
0.745000 31.206585 -0.006057
0.750000 32.281467 -0.006057
0.755000 33.030994 -0.006057
0.760000 33.469379 -0.006057
0.765000 33.614452 -0.006057
0.770000 33.489418 -0.006057
0.775000 33.086063 -0.006057
0.780000 32.463329 -0.006057
0.785000 31.601543 -0.006057
0.790000 30.522593 -0.006057
0.795000 29.301693 -0.006057
0.800000 28.036291 -0.006057
0.805000 26.788248 -0.006057
0.810000 25.629152 -0.006057
0.815000 24.556658 -0.006057
0.820000 23.594250 -0.006057
0.825000 22.727375 -0.006057
0.830000 21.936310 -0.006057
0.835000 21.230635 -0.006057
0.840000 20.604177 -0.006057
0.845000 20.030146 -0.006057
0.850000 19.512875 -0.006057
0.855000 19.053638 -0.006057
0.860000 18.643534 -0.006057
0.865000 18.268318 -0.006057
0.870000 17.923326 -0.006057
0.875000 17.622248 -0.006057
0.880000 17.351387 -0.006057
0.885000 17.103186 -0.006057
0.890000 16.864777 -0.006057
0.895000 16.657272 -0.006057
0.900000 16.470928 -0.006057
0.905000 16.293610 -0.006057
0.910000 16.131132 -0.006057
0.915000 15.975647 -0.006057
0.920000 15.839331 -0.006057
0.925000 15.693875 -0.006057
0.930000 15.574437 -0.006057
0.935000 15.458668 -0.006057
0.940000 15.354115 -0.006057
0.945000 15.243449 -0.006057
0.950000 15.144666 -0.006057
0.955000 15.049146 -0.006057
0.960000 14.963638 -0.006057
0.965000 14.885188 -0.006057
0.970000 14.801757 -0.006057
0.975000 14.735105 -0.006057
0.980000 14.658125 -0.006057
0.985000 14.591557 -0.006057
0.990000 14.513688 -0.006057
0.995000 14.454742 -0.006057
1.000000 14.389300 -0.006057
1.005000 14.331382 -0.006057
1.010000 14.272911 -0.006057
1.015000 14.215682 -0.006057
1.020000 14.163663 -0.006057
1.025000 14.115673 -0.006057
1.030000 14.072134 -0.006057
1.035000 14.015065 -0.006057
1.040000 13.971113 -0.006057
1.045000 13.922212 -0.006057
1.050000 13.887843 -0.006057
1.055000 13.836145 -0.006057
1.060000 13.797334 -0.006057
1.065000 13.764237 -0.006057
1.070000 13.725088 -0.006057
1.075000 13.687702 -0.006057
1.080000 13.653028 -0.006057
1.085000 13.608607 -0.006057
1.090000 13.580276 -0.006057
1.095000 13.546314 -0.006057
1.100000 13.519485 -0.006057
1.105000 13.493667 -0.006057
1.110000 13.460631 -0.006057
1.115000 13.430001 -0.006057
1.120000 13.400345 -0.006057
1.125000 13.380901 -0.006057
1.130000 13.347843 -0.006057
1.135000 13.307928 -0.006057
1.140000 13.292950 -0.006057
1.145000 13.269016 -0.006057
1.150000 13.251450 -0.006057
1.155000 13.220138 -0.006057
1.160000 13.198732 -0.006057
1.165000 13.175848 -0.006057
1.170000 13.142415 -0.006057
1.175000 13.126610 -0.006057
1.180000 13.116313 -0.006057
1.185000 13.086159 -0.006057
1.190000 13.065458 -0.006057
1.195000 13.044298 -0.006057
1.200000 13.025781 -0.006057
1.205000 13.003755 -0.006057
1.210000 12.977101 -0.006057
1.215000 12.963036 -0.006057
1.220000 12.946487 -0.006057
1.225000 12.926867 -0.006057
1.230000 12.906527 -0.006057
1.235000 12.887948 -0.006057
1.240000 12.870802 -0.006057
1.245000 12.851151 -0.006057
1.250000 12.834794 -0.006057
1.255000 12.812592 -0.006057
1.260000 12.792956 -0.006057
1.265000 12.788643 -0.006057
1.270000 12.759783 -0.006057
1.275000 12.740148 -0.006057
1.280000 12.721500 -0.006057
1.285000 12.705304 -0.006057
1.290000 12.689852 -0.006057
1.295000 12.673633 -0.006057
1.300000 12.656947 -0.006057
1.305000 12.645248 -0.006057
1.310000 12.624701 -0.006057
1.315000 12.603909 -0.006057
1.320000 12.601664 -0.006057
1.325000 12.579239 -0.006057
1.330000 12.565311 -0.006057
1.335000 12.541515 -0.006057
1.340000 12.536780 -0.006057
1.345000 12.516249 -0.006057
1.350000 12.512319 -0.006057
1.355000 12.496620 -0.006057
1.360000 12.479061 -0.006057
1.365000 12.470067 -0.006057
1.370000 12.444195 -0.006057
1.375000 12.432297 -0.006057
1.380000 12.423348 -0.006057
1.385000 12.410723 -0.006057
1.390000 12.383043 -0.006057
1.395000 12.367614 -0.006057
1.400000 12.359370 -0.006057
1.405000 12.354405 -0.006057
1.410000 12.331146 -0.006057
1.415000 12.331376 -0.006057
1.420000 12.305243 -0.006057
1.425000 12.299781 -0.006057
1.430000 12.275993 -0.006057
1.435000 12.263214 -0.006057
1.440000 12.255783 -0.006057
1.445000 12.243118 -0.006057
1.450000 12.229987 -0.006057
1.455000 12.218143 -0.006057
1.460000 12.206000 -0.006057
1.465000 12.196324 -0.006057
1.470000 12.179400 -0.006057
1.475000 12.156784 -0.006057
1.480000 12.146948 -0.006057
1.485000 12.135042 -0.006057
1.490000 12.122010 -0.006057
1.495000 12.109009 -0.006057
1.500000 12.099425 -0.006057
1.505000 12.084754 -0.006057
1.510000 12.076740 -0.006057
1.515000 12.068903 -0.006057
1.520000 12.052608 -0.006057
1.525000 12.051251 -0.006057
1.530000 12.021840 -0.006057
1.535000 12.015090 -0.006057
1.540000 12.005062 -0.006057
1.545000 11.987870 -0.006057
1.550000 11.978700 -0.006057
1.555000 11.962565 -0.006057
1.560000 11.955027 -0.006057
1.565000 11.943151 -0.006057
1.570000 11.927040 -0.006057
1.575000 11.915195 -0.006057
1.580000 11.906247 -0.006057
1.585000 11.897207 -0.006057
1.590000 11.879632 -0.006057
1.595000 11.862149 -0.006057
1.600000 11.864923 -0.006057
1.605000 11.838951 -0.006057
1.610000 11.828333 -0.006057
1.615000 11.816458 -0.006057
1.620000 11.805120 -0.006057
1.625000 11.795313 -0.006057
1.630000 11.778527 -0.006057
1.635000 11.771111 -0.006057
1.640000 11.756501 -0.006057
1.645000 11.754624 -0.006057
1.650000 11.728224 -0.006057
1.655000 11.721221 -0.006057
1.660000 11.702589 -0.006057
1.665000 11.702911 -0.006057
1.670000 11.692538 -0.006057
1.675000 11.676948 -0.006057
1.680000 11.673040 -0.006057
1.685000 11.661188 -0.006057
1.690000 11.647176 -0.006057
1.695000 11.632206 -0.006057
1.700000 11.620407 -0.006057
1.705000 11.615244 -0.006057
1.710000 11.600986 -0.006057
1.715000 11.582554 -0.006057
1.720000 11.576271 -0.006057
1.725000 11.561554 -0.006057
1.730000 11.548752 -0.006057
1.735000 11.532434 -0.006057
1.740000 11.528167 -0.006057
1.745000 11.509442 -0.006057
1.750000 11.507427 -0.006057
1.755000 11.489293 -0.006057
1.760000 11.475166 -0.006057
1.765000 11.467673 -0.006057
1.770000 11.452390 -0.006057
1.775000 11.439297 -0.006057
1.780000 11.434953 -0.006057
1.785000 11.427192 -0.006057
1.790000 11.407840 -0.006057
1.795000 11.390181 -0.006057
1.800000 11.386618 -0.006057
1.805000 11.379293 -0.006057
1.810000 11.353392 -0.006057
1.815000 11.346473 -0.006057
1.820000 11.334039 -0.006057
1.825000 11.328959 -0.006057
1.830000 11.312717 -0.006057
1.835000 11.310696 -0.006057
1.840000 11.289244 -0.006057
1.845000 11.278327 -0.006057
1.850000 11.272221 -0.006057
1.855000 11.252869 -0.006057
1.860000 11.246563 -0.006057
1.865000 11.236987 -0.006057
1.870000 11.224009 -0.006057
