0.000000 -62.818283 -0.006057
0.005000 -1.026395 -0.006057
0.010000 0.168011 -0.006057
0.015000 0.205428 -0.006057
0.020000 0.203429 -0.006057
0.025000 0.210868 -0.006057
0.030000 0.214645 -0.006057
0.035000 0.206777 -0.006057
0.040000 0.201919 -0.006057
0.045000 0.210722 -0.006057
0.050000 0.210799 -0.006057
0.055000 0.211772 -0.006057
0.060000 0.212760 -0.006057
0.065000 0.211519 -0.006057
0.070000 0.206179 -0.006057
0.075000 0.204654 -0.006057
0.080000 0.218192 -0.006057
0.085000 0.210278 -0.006057
0.090000 0.213833 -0.006057
0.095000 0.203452 -0.006057
0.100000 0.216491 -0.006057
0.105000 0.205198 -0.006057
0.110000 0.218337 -0.006057
0.115000 0.210370 -0.006057
0.120000 0.207849 -0.006057
0.125000 0.214491 -0.006057
0.130000 0.200303 -0.006057
0.135000 0.212883 -0.006057
0.140000 0.203069 -0.006057
0.145000 0.202494 -0.006057
0.150000 0.215970 -0.006057
0.155000 0.212614 -0.006057
0.160000 0.211810 -0.006057
0.165000 0.228619 -0.006057
0.170000 0.218299 -0.006057
0.175000 0.216782 -0.006057
0.180000 0.218491 -0.006057
0.185000 0.210776 -0.006057
0.190000 0.210209 -0.006057
0.195000 0.209496 -0.006057
0.200000 0.213932 -0.006057
0.205000 0.218544 -0.006057
0.210000 0.214200 -0.006057
0.215000 0.210125 -0.006057
0.220000 0.211488 -0.006057
0.225000 0.211887 -0.006057
0.230000 0.218498 -0.006057
0.235000 0.206447 -0.006057
0.240000 0.210860 -0.006057
0.245000 0.216859 -0.006057
0.250000 0.211833 -0.006057
0.255000 0.211580 -0.006057
0.260000 0.212362 -0.006057
0.265000 0.209895 -0.006057
0.270000 0.215166 -0.006057
0.275000 0.213672 -0.006057
0.280000 0.209121 -0.006057
0.285000 0.215235 -0.006057
0.290000 0.217518 -0.006057
0.295000 0.211557 -0.006057
0.300000 0.208133 -0.006057
0.305000 0.212369 -0.006057
0.310000 0.211703 -0.006057
0.315000 0.213350 -0.006057
0.320000 0.210944 -0.006057
0.325000 0.212477 -0.006057
0.330000 0.208401 -0.006057
0.335000 0.218636 -0.006057
0.340000 0.220038 -0.006057
0.345000 0.217525 -0.006057
0.350000 0.214744 -0.006057
0.355000 0.214346 -0.006057
0.360000 0.213526 -0.006057
0.365000 0.211718 -0.006057
0.370000 0.206777 -0.006057
0.375000 0.204746 -0.006057
0.380000 0.216361 -0.006057
0.385000 0.218414 -0.006057
0.390000 0.216154 -0.006057
0.395000 0.210056 -0.006057
0.400000 0.210025 -0.006057
0.405000 0.210308 -0.006057
0.410000 0.214767 -0.006057
0.415000 0.210937 -0.006057
0.420000 0.211511 -0.006057
0.425000 0.219058 -0.006057
0.430000 0.211887 -0.006057
0.435000 0.206041 -0.006057
0.440000 0.199567 -0.006057
0.445000 0.216062 -0.006057
0.450000 0.213856 -0.006057
0.455000 0.212660 -0.006057
0.460000 0.207704 -0.006057
0.465000 0.220873 -0.006057
0.470000 0.220375 -0.006057
0.475000 0.212722 -0.006057
0.480000 0.211128 -0.006057
0.485000 0.209450 -0.006057
0.490000 0.203574 -0.006057
0.495000 0.214032 -0.006057
0.500000 0.214729 -0.006057
0.505000 0.216231 -0.006057
0.510000 0.220084 -0.006057
0.515000 0.206240 -0.006057
0.520000 0.212415 -0.006057
0.525000 0.203605 -0.006057
0.530000 0.211963 -0.006057
0.535000 0.211672 -0.006057
0.540000 0.214476 -0.006057
0.545000 0.214591 -0.006057
0.550000 0.216951 -0.006057
0.555000 0.218897 -0.006057
0.560000 0.215204 -0.006057
0.565000 0.220774 -0.006057
0.570000 0.208202 -0.006057
0.575000 0.216085 -0.006057
0.580000 0.212668 -0.006057
0.585000 0.216100 -0.006057
0.590000 0.208539 -0.006057
0.595000 0.209757 -0.006057
0.600000 0.208715 -0.006057
0.605000 0.219548 -0.006057
0.610000 0.212852 -0.006057
0.615000 0.205934 -0.006057
0.620000 0.213810 -0.006057
0.625000 0.218889 -0.006057
0.630000 0.214882 -0.006057
0.635000 0.207137 -0.006057
0.640000 0.219272 -0.006057
0.645000 0.220391 0.189942
0.650000 0.221379 4.893919
0.655000 0.209412 4.697920
0.660000 0.218062 -0.006057
0.665000 0.241306 -0.006057
0.670000 0.471586 -0.006057
0.675000 1.068510 -0.006057
0.680000 2.021910 -0.006057
0.685000 3.137214 -0.006057
0.690000 4.289744 -0.006057
0.695000 5.484855 -0.006057
0.700000 6.634681 -0.006057
0.705000 7.742646 -0.006057
0.710000 8.754010 -0.006057
0.715000 9.694470 -0.006057
0.720000 10.530975 -0.006057
0.725000 11.262239 -0.006057
0.730000 11.885072 -0.006057
0.735000 12.412156 -0.006057
0.740000 12.837744 -0.006057
0.745000 13.176423 -0.006057
0.750000 13.406673 -0.006057
0.755000 13.542920 -0.006057
0.760000 13.583586 -0.006057
0.765000 13.547272 -0.006057
0.770000 13.451537 -0.006057
0.775000 13.282202 -0.006057
0.780000 13.067924 -0.006057
0.785000 12.807421 -0.006057
0.790000 12.492889 -0.006057
0.795000 12.112342 -0.006057
0.800000 11.685482 -0.006057
0.805000 11.214080 -0.006057
0.810000 10.689516 -0.006057
0.815000 10.134691 -0.006057
0.820000 9.573929 -0.006057
0.825000 9.013097 -0.006057
0.830000 8.450036 -0.006057
0.835000 7.913399 -0.006057
0.840000 7.398642 -0.006057
0.845000 6.921486 -0.006057
0.850000 6.460120 -0.006057
0.855000 6.028993 -0.006057
0.860000 5.616207 -0.006057
0.865000 5.243037 -0.006057
0.870000 4.875482 -0.006057
0.875000 4.529456 -0.006057
0.880000 4.205785 -0.006057
0.885000 3.909104 -0.006057
0.890000 3.634442 -0.006057
0.895000 3.385659 -0.006057
0.900000 3.153785 -0.006057
0.905000 2.926914 -0.006057
0.910000 2.722566 -0.006057
0.915000 2.533074 -0.006057
0.920000 2.364335 -0.006057
0.925000 2.208215 -0.006057
0.930000 2.069861 -0.006057
0.935000 1.940594 -0.006057
0.940000 1.815861 -0.006057
0.945000 1.723184 -0.006057
0.950000 1.621611 -0.006057
0.955000 1.540770 -0.006057
0.960000 1.461477 -0.006057
0.965000 1.385746 -0.006057
0.970000 1.322671 -0.006057
0.975000 1.260186 -0.006057
0.980000 1.201892 -0.006057
0.985000 1.153917 -0.006057
0.990000 1.101553 -0.006057
0.995000 1.058435 -0.006057
1.000000 1.010461 -0.006057
1.005000 0.980352 -0.006057
1.010000 0.947930 -0.006057
1.015000 0.911585 -0.006057
1.020000 0.881921 -0.006057
1.025000 0.844259 -0.006057
1.030000 0.827802 -0.006057
1.035000 0.803600 -0.006057
1.040000 0.780326 -0.006057
1.045000 0.755680 -0.006057
1.050000 0.742441 -0.006057
1.055000 0.720047 -0.006057
1.060000 0.707820 -0.006057
1.065000 0.686905 -0.006057
1.070000 0.677512 -0.006057
1.075000 0.653165 -0.006057
1.080000 0.639735 -0.006057
1.085000 0.623539 -0.006057
1.090000 0.615924 -0.006057
1.095000 0.611871 -0.006057
1.100000 0.594633 -0.006057
1.105000 0.598763 -0.006057
1.110000 0.579349 -0.006057
1.115000 0.569106 -0.006057
1.120000 0.555814 -0.006057
1.125000 0.551922 -0.006057
1.130000 0.541556 -0.006057
1.135000 0.543081 -0.006057
1.140000 0.525023 -0.006057
1.145000 0.522771 -0.006057
1.150000 0.521530 -0.006057
1.155000 0.515501 -0.006057
1.160000 0.510751 -0.006057
1.165000 0.498255 -0.006057
1.170000 0.500921 -0.006057
1.175000 0.482190 -0.006057
1.180000 0.487123 -0.006057
1.185000 0.472161 -0.006057
1.190000 0.476421 -0.006057
1.195000 0.472544 -0.006057
1.200000 0.470192 -0.006057
1.205000 0.463764 -0.006057
1.210000 0.467005 -0.006057
1.215000 0.458478 -0.006057
1.220000 0.455069 -0.006057
1.225000 0.454088 -0.006057
1.230000 0.442091 -0.006057
1.235000 0.446320 -0.006057
1.240000 0.440390 -0.006057
1.245000 0.441194 -0.006057
1.250000 0.421237 -0.006057
1.255000 0.435793 -0.006057
1.260000 0.424447 -0.006057
1.265000 0.419712 -0.006057
1.270000 0.423528 -0.006057
1.275000 0.410910 -0.006057
1.280000 0.410090 -0.006057
1.285000 0.414817 -0.006057
1.290000 0.405769 -0.006057
1.295000 0.409730 -0.006057
1.300000 0.404819 -0.006057
1.305000 0.402827 -0.006057
1.310000 0.404574 -0.006057
1.315000 0.399877 -0.006057
1.320000 0.406811 -0.006057
1.325000 0.397748 -0.006057
1.330000 0.394017 -0.006057
1.335000 0.387964 -0.006057
1.340000 0.397740 -0.006057
1.345000 0.389849 -0.006057
1.350000 0.386455 -0.006057
1.355000 0.394017 -0.006057
1.360000 0.383299 -0.006057
1.365000 0.379660 -0.006057
1.370000 0.385605 -0.006057
1.375000 0.379889 -0.006057
1.380000 0.378403 -0.006057
1.385000 0.383452 -0.006057
1.390000 0.373753 -0.006057
1.395000 0.373852 -0.006057
1.400000 0.370681 -0.006057
1.405000 0.371654 -0.006057
1.410000 0.373331 -0.006057
1.415000 0.377377 -0.006057
1.420000 0.371569 -0.006057
1.425000 0.369846 -0.006057
1.430000 0.375883 -0.006057
1.435000 0.363992 -0.006057
1.440000 0.361916 -0.006057
1.445000 0.368850 -0.006057
1.450000 0.358568 -0.006057
1.455000 0.352026 -0.006057
1.460000 0.354125 -0.006057
1.465000 0.346785 -0.006057
1.470000 0.350792 -0.006057
1.475000 0.352547 -0.006057
1.480000 0.349191 -0.006057
1.485000 0.346502 -0.006057
1.490000 0.349107 -0.006057
1.495000 0.354960 -0.006057
1.500000 0.346900 -0.006057
1.505000 0.345130 -0.006057
1.510000 0.343299 -0.006057
1.515000 0.352179 -0.006057
1.520000 0.342840 -0.006057
1.525000 0.346303 -0.006057
1.530000 0.340327 -0.006057
1.535000 0.341974 -0.006057
1.540000 0.338228 -0.006057
1.545000 0.346234 -0.006057
1.550000 0.334045 -0.006057
1.555000 0.333363 -0.006057
1.560000 0.337569 -0.006057
1.565000 0.335646 -0.006057
1.570000 0.339408 -0.006057
1.575000 0.332030 -0.006057
1.580000 0.338588 -0.006057
1.585000 0.327824 -0.006057
1.590000 0.336190 -0.006057
1.595000 0.334489 -0.006057
1.600000 0.337216 -0.006057
1.605000 0.330084 -0.006057
1.610000 0.328207 -0.006057
1.615000 0.318615 -0.006057
1.620000 0.321656 -0.006057
1.625000 0.321350 -0.006057
1.630000 0.318990 -0.006057
1.635000 0.325035 -0.006057
1.640000 0.324139 -0.006057
1.645000 0.319626 -0.006057
1.650000 0.320124 -0.006057
1.655000 0.328827 -0.006057
1.660000 0.321557 -0.006057
1.665000 0.319557 -0.006057
1.670000 0.319013 -0.006057
1.675000 0.322584 -0.006057
1.680000 0.312440 -0.006057
1.685000 0.315727 -0.006057
1.690000 0.321342 -0.006057
1.695000 0.313336 -0.006057
1.700000 0.314263 -0.006057
1.705000 0.313574 -0.006057
1.710000 0.314669 -0.006057
1.715000 0.304626 -0.006057
1.720000 0.310088 -0.006057
1.725000 0.304557 -0.006057
1.730000 0.312647 -0.006057
1.735000 0.308609 -0.006057
1.740000 0.310892 -0.006057
1.745000 0.305438 -0.006057
1.750000 0.308786 -0.006057
1.755000 0.301753 -0.006057
1.760000 0.304809 -0.006057
1.765000 0.308479 -0.006057
1.770000 0.293846 -0.006057
1.775000 0.307414 -0.006057
