0.000000 -62.438030 -0.006057
0.005000 0.059137 -0.006057
0.010000 1.259650 -0.006057
0.015000 1.309976 -0.006057
0.020000 1.305241 -0.006057
0.025000 1.307448 -0.006057
0.030000 1.303847 -0.006057
0.035000 1.312451 -0.006057
0.040000 1.312604 -0.006057
0.045000 1.310489 -0.006057
0.050000 1.307716 -0.006057
0.055000 1.304069 -0.006057
0.060000 1.305839 -0.006057
0.065000 1.305548 -0.006057
0.070000 1.306682 -0.006057
0.075000 1.299296 -0.006057
0.080000 1.309218 -0.006057
0.085000 1.302675 -0.006057
0.090000 1.310551 -0.006057
0.095000 1.308597 -0.006057
0.100000 1.313470 -0.006057
0.105000 1.301748 -0.006057
0.110000 1.305747 -0.006057
0.115000 1.309072 -0.006057
0.120000 1.307333 -0.006057
0.125000 1.304039 -0.006057
0.130000 1.306352 -0.006057
0.135000 1.312719 -0.006057
0.140000 1.302836 -0.006057
0.145000 1.309493 -0.006057
0.150000 1.304958 -0.006057
0.155000 1.305196 -0.006057
0.160000 1.303587 -0.006057
0.165000 1.306789 -0.006057
0.170000 1.302323 -0.006057
0.175000 1.302805 -0.006057
0.180000 1.297871 -0.006057
0.185000 1.301840 -0.006057
0.190000 1.300101 -0.006057
0.195000 1.310267 -0.006057
0.200000 1.302744 -0.006057
0.205000 1.301373 -0.006057
0.210000 1.298921 -0.006057
0.215000 1.300208 -0.006057
0.220000 1.302047 -0.006057
0.225000 1.304092 -0.006057
0.230000 1.301771 -0.006057
0.235000 1.303602 -0.006057
0.240000 1.299641 -0.006057
0.245000 1.300645 -0.006057
0.250000 1.301924 -0.006057
0.255000 1.297734 -0.006057
0.260000 1.311631 -0.006057
0.265000 1.298913 -0.006057
0.270000 1.293987 -0.006057
0.275000 1.293497 -0.006057
0.280000 1.299135 -0.006057
0.285000 1.300285 -0.006057
0.290000 1.292838 -0.006057
0.295000 1.301848 -0.006057
0.300000 1.300438 -0.006057
0.305000 1.290179 -0.006057
0.310000 1.294592 -0.006057
0.315000 1.297067 -0.006057
0.320000 1.298959 -0.006057
0.325000 1.306705 -0.006057
0.330000 1.298745 -0.006057
0.335000 1.295167 -0.006057
0.340000 1.304322 -0.006057
0.345000 1.299396 -0.006057
0.350000 1.292784 -0.006057
0.355000 1.291942 -0.006057
0.360000 1.295420 -0.006057
0.365000 1.297856 -0.006057
0.370000 1.297779 -0.006057
0.375000 1.295879 -0.006057
0.380000 1.302981 -0.006057
0.385000 1.301648 -0.006057
0.390000 1.298722 -0.006057
0.395000 1.292662 -0.006057
0.400000 1.296040 -0.006057
0.405000 1.305027 -0.006057
0.410000 1.303870 -0.006057
0.415000 1.312121 -0.006057
0.420000 1.308153 -0.006057
0.425000 1.304338 -0.006057
0.430000 1.301089 -0.006057
0.435000 1.304728 -0.006057
0.440000 1.298140 -0.006057
0.445000 1.303985 -0.006057
0.450000 1.302369 -0.006057
0.455000 1.303824 -0.006057
0.460000 1.300162 -0.006057
0.465000 1.302346 -0.006057
0.470000 1.300629 -0.006057
0.475000 1.304721 -0.006057
0.480000 1.300683 -0.006057
0.485000 1.295274 -0.006057
0.490000 1.295443 -0.006057
0.495000 1.303043 -0.006057
0.500000 1.299005 -0.006057
0.505000 1.299496 -0.006057
0.510000 1.301120 -0.006057
0.515000 1.302315 -0.006057
0.520000 1.302269 -0.006057
0.525000 1.300767 -0.006057
0.530000 1.300269 -0.006057
0.535000 1.302583 -0.006057
0.540000 1.308858 -0.006057
0.545000 1.302131 -0.006057
0.550000 1.292945 -0.006057
0.555000 1.299710 -0.006057
0.560000 1.299373 -0.006057
0.565000 1.296232 -0.006057
0.570000 1.286732 -0.006057
0.575000 1.303939 -0.006057
0.580000 1.297305 -0.006057
0.585000 1.304552 -0.006057
0.590000 1.296408 -0.006057
0.595000 1.293911 -0.006057
0.600000 1.298745 -0.006057
0.605000 1.299886 -0.006057
0.610000 1.293413 -0.006057
0.615000 1.300024 -0.006057
0.620000 1.299580 -0.006057
0.625000 1.293481 -0.006057
0.630000 1.291152 -0.006057
0.635000 1.301495 -0.006057
0.640000 1.302070 -0.006057
0.645000 1.296684 0.065942
0.650000 1.299925 1.793924
0.655000 1.295948 1.721925
0.660000 1.298967 -0.006057
0.665000 1.296477 -0.006057
0.670000 1.302437 -0.006057
0.675000 1.310574 -0.006057
0.680000 1.335580 -0.006057
0.685000 1.346045 -0.006057
0.690000 1.351301 -0.006057
0.695000 1.366363 -0.006057
0.700000 1.387653 -0.006057
0.705000 1.396931 -0.006057
0.710000 1.398111 -0.006057
0.715000 1.408561 -0.006057
0.720000 1.418038 -0.006057
0.725000 1.423722 -0.006057
0.730000 1.426005 -0.006057
0.735000 1.429621 -0.006057
0.740000 1.430510 -0.006057
0.745000 1.429828 -0.006057
0.750000 1.431291 -0.006057
0.755000 1.436991 -0.006057
0.760000 1.432234 -0.006057
0.765000 1.429667 -0.006057
0.770000 1.416383 -0.006057
0.775000 1.418321 -0.006057
0.780000 1.423140 -0.006057
0.785000 1.422542 -0.006057
0.790000 1.410139 -0.006057
0.795000 1.400968 -0.006057
0.800000 1.407603 -0.006057
0.805000 1.392863 -0.006057
0.810000 1.397023 -0.006057
0.815000 1.398134 -0.006057
0.820000 1.389637 -0.006057
0.825000 1.385891 -0.006057
0.830000 1.374131 -0.006057
0.835000 1.375441 -0.006057
0.840000 1.363658 -0.006057
0.845000 1.366953 -0.006057
0.850000 1.359628 -0.006057
0.855000 1.362839 -0.006057
0.860000 1.354204 -0.006057
0.865000 1.350389 -0.006057
0.870000 1.348604 -0.006057
0.875000 1.347095 -0.006057
0.880000 1.341801 -0.006057
0.885000 1.334684 -0.006057
0.890000 1.334783 -0.006057
0.895000 1.326203 -0.006057
0.900000 1.322609 -0.006057
0.905000 1.321047 -0.006057
0.910000 1.323743 -0.006057
0.915000 1.324578 -0.006057
0.920000 1.326356 -0.006057
0.925000 1.321376 -0.006057
0.930000 1.319016 -0.006057
0.935000 1.319606 -0.006057
0.940000 1.309854 -0.006057
0.945000 1.310895 -0.006057
0.950000 1.298354 -0.006057
0.955000 1.305127 -0.006057
0.960000 1.310880 -0.006057
0.965000 1.305119 -0.006057
0.970000 1.306751 -0.006057
0.975000 1.306107 -0.006057
0.980000 1.303135 -0.006057
0.985000 1.301939 -0.006057
0.990000 1.294761 -0.006057
0.995000 1.301288 -0.006057
1.000000 1.298952 -0.006057
1.005000 1.303533 -0.006057
1.010000 1.294424 -0.006057
1.015000 1.296010 -0.006057
1.020000 1.296692 -0.006057
1.025000 1.300775 -0.006057
1.030000 1.291030 -0.006057
1.035000 1.291926 -0.006057
1.040000 1.291198 -0.006057
1.045000 1.290701 -0.006057
1.050000 1.287850 -0.006057
1.055000 1.291666 -0.006057
1.060000 1.297013 -0.006057
1.065000 1.291880 -0.006057
1.070000 1.292677 -0.006057
1.075000 1.290769 -0.006057
1.080000 1.291934 -0.006057
1.085000 1.293083 -0.006057
1.090000 1.297059 -0.006057
1.095000 1.293987 -0.006057
1.100000 1.286050 -0.006057
1.105000 1.283514 -0.006057
1.110000 1.291796 -0.006057
1.115000 1.286717 -0.006057
1.120000 1.295244 -0.006057
1.125000 1.293796 -0.006057
1.130000 1.289230 -0.006057
1.135000 1.283867 -0.006057
1.140000 1.287031 -0.006057
1.145000 1.289643 -0.006057
1.150000 1.283239 -0.006057
1.155000 1.283261 -0.006057
1.160000 1.289544 -0.006057
1.165000 1.286609 -0.006057
1.170000 1.288816 -0.006057
1.175000 1.279937 -0.006057
1.180000 1.292018 -0.006057
1.185000 1.288034 -0.006057
1.190000 1.285958 -0.006057
1.195000 1.289743 -0.006057
1.200000 1.289015 -0.006057
1.205000 1.279553 -0.006057
1.210000 1.283583 -0.006057
1.215000 1.280503 -0.006057
1.220000 1.290440 -0.006057
1.225000 1.285008 -0.006057
1.230000 1.282572 -0.006057
1.235000 1.283844 -0.006057
1.240000 1.277707 -0.006057
1.245000 1.282572 -0.006057
1.250000 1.287866 -0.006057
1.255000 1.287008 -0.006057
1.260000 1.287950 -0.006057
1.265000 1.287751 -0.006057
1.270000 1.278174 -0.006057
1.275000 1.276581 -0.006057
1.280000 1.283277 -0.006057
1.285000 1.281622 -0.006057
1.290000 1.277799 -0.006057
1.295000 1.291398 -0.006057
1.300000 1.285407 -0.006057
1.305000 1.288578 -0.006057
1.310000 1.279017 -0.006057
1.315000 1.276887 -0.006057
1.320000 1.282373 -0.006057
1.325000 1.280864 -0.006057
1.330000 1.283583 -0.006057
1.335000 1.279255 -0.006057
1.340000 1.281905 -0.006057
1.345000 1.279147 -0.006057
1.350000 1.282909 -0.006057
1.355000 1.278328 -0.006057
1.360000 1.286640 -0.006057
1.365000 1.280526 -0.006057
1.370000 1.281446 -0.006057
1.375000 1.291099 -0.006057
1.380000 1.278971 -0.006057
1.385000 1.290264 -0.006057
1.390000 1.278052 -0.006057
1.395000 1.290961 -0.006057
1.400000 1.281354 -0.006057
1.405000 1.288042 -0.006057
1.410000 1.280335 -0.006057
1.415000 1.281875 -0.006057
1.420000 1.281040 -0.006057
1.425000 1.281270 -0.006057
1.430000 1.285905 -0.006057
1.435000 1.281591 -0.006057
1.440000 1.280795 -0.006057
1.445000 1.280205 -0.006057
1.450000 1.278649 -0.006057
1.455000 1.277224 -0.006057
1.460000 1.286242 -0.006057
1.465000 1.276995 -0.006057
1.470000 1.285016 -0.006057
1.475000 1.274826 -0.006057
1.480000 1.276979 -0.006057
1.485000 1.279117 -0.006057
1.490000 1.279852 -0.006057
1.495000 1.281201 -0.006057
1.500000 1.280090 -0.006057
1.505000 1.278703 -0.006057
1.510000 1.285767 -0.006057
1.515000 1.280549 -0.006057
1.520000 1.283024 -0.006057
1.525000 1.275654 -0.006057
1.530000 1.271785 -0.006057
1.535000 1.282894 -0.006057
1.540000 1.277960 -0.006057
1.545000 1.281507 -0.006057
1.550000 1.273195 -0.006057
1.555000 1.278573 -0.006057
1.560000 1.281775 -0.006057
1.565000 1.277117 -0.006057
1.570000 1.271716 -0.006057
1.575000 1.275945 -0.006057
1.580000 1.274872 -0.006057
1.585000 1.272321 -0.006057
1.590000 1.280266 -0.006057
1.595000 1.276558 -0.006057
1.600000 1.280465 -0.006057
1.605000 1.276175 -0.006057
1.610000 1.285123 -0.006057
1.615000 1.284993 -0.006057
1.620000 1.283422 -0.006057
1.625000 1.280297 -0.006057
1.630000 1.281162 -0.006057
1.635000 1.271938 -0.006057
1.640000 1.277217 -0.006057
1.645000 1.286334 -0.006057
1.650000 1.281913 -0.006057
1.655000 1.284771 -0.006057
1.660000 1.279875 -0.006057
1.665000 1.280113 -0.006057
1.670000 1.278328 -0.006057
1.675000 1.280649 -0.006057
1.680000 1.284074 -0.006057
1.685000 1.278741 -0.006057
1.690000 1.282189 -0.006057
1.695000 1.282940 -0.006057
1.700000 1.283844 -0.006057
1.705000 1.274344 -0.006057
1.710000 1.277125 -0.006057
1.715000 1.282740 -0.006057
1.720000 1.284878 -0.006057
1.725000 1.271233 -0.006057
1.730000 1.283491 -0.006057
1.735000 1.275976 -0.006057
1.740000 1.281814 -0.006057
1.745000 1.275432 -0.006057
1.750000 1.291857 -0.006057
1.755000 1.283438 -0.006057
1.760000 1.286916 -0.006057
1.765000 1.279776 -0.006057
1.770000 1.281775 -0.006057
1.775000 1.277156 -0.006057
1.780000 1.279515 -0.006057
1.785000 1.279569 -0.006057
1.790000 1.284709 -0.006057
1.795000 1.285131 -0.006057
1.800000 1.288732 -0.006057
1.805000 1.280028 -0.006057
1.810000 1.275792 -0.006057
1.815000 1.285476 -0.006057
1.820000 1.279178 -0.006057
1.825000 1.282449 -0.006057
1.830000 1.280672 -0.006057
1.835000 1.281369 -0.006057
1.840000 1.279553 -0.006057
1.845000 1.286893 -0.006057
1.850000 1.285851 -0.006057
1.855000 1.283062 -0.006057
1.860000 1.276251 -0.006057
1.865000 1.276320 -0.006057
1.870000 1.276826 -0.006057
1.875000 1.275700 -0.006057
1.880000 1.276826 -0.006057
1.885000 1.275255 -0.006057
1.890000 1.279124 -0.006057
1.895000 1.276612 -0.006057
1.900000 1.284978 -0.006057
1.905000 1.275072 -0.006057
1.910000 1.287965 -0.006057
1.915000 1.274964 -0.006057
1.920000 1.279101 -0.006057
1.925000 1.280266 -0.006057
1.930000 1.276979 -0.006057
1.935000 1.283484 -0.006057
1.940000 1.269410 -0.006057
1.945000 1.279753 -0.006057
1.950000 1.269502 -0.006057
1.955000 1.280503 -0.006057
1.960000 1.277883 -0.006057
1.965000 1.271011 -0.006057
1.970000 1.273409 -0.006057
1.975000 1.276382 -0.006057
1.980000 1.278443 -0.006057
1.985000 1.279002 -0.006057
1.990000 1.273018 -0.006057
1.995000 1.283231 -0.006057
2.000000 1.277914 -0.006057
2.005000 1.278067 -0.006057
2.010000 1.279393 -0.006057
2.015000 1.273118 -0.006057
2.020000 1.276596 -0.006057
2.025000 1.277577 -0.006057
2.030000 1.274267 -0.006057
2.035000 1.283560 -0.006057
2.040000 1.274704 -0.006057
2.045000 1.277722 -0.006057
2.050000 1.275187 -0.006057
2.055000 1.268238 -0.006057
2.060000 1.277332 -0.006057
2.065000 1.278672 -0.006057
2.070000 1.271494 -0.006057
2.075000 1.272903 -0.006057
2.080000 1.278320 -0.006057
2.085000 1.277316 -0.006057
2.090000 1.276772 -0.006057
2.095000 1.272712 -0.006057
2.100000 1.273976 -0.006057
2.105000 1.277554 -0.006057
2.110000 1.281745 -0.006057
2.115000 1.275715 -0.006057
2.120000 1.282756 -0.006057
2.125000 1.281461 -0.006057
2.130000 1.276259 -0.006057
2.135000 1.280787 -0.006057
2.140000 1.280810 -0.006057
2.145000 1.273332 -0.006057
2.150000 1.279822 -0.006057
2.155000 1.274459 -0.006057
2.160000 1.276849 -0.006057
2.165000 1.271662 -0.006057
2.170000 1.280289 -0.006057
2.175000 1.272949 -0.006057
2.180000 1.283292 -0.006057
2.185000 1.289927 -0.006057
2.190000 1.275876 -0.006057
2.195000 1.268789 -0.006057
2.200000 1.279952 -0.006057
2.205000 1.277960 -0.006057
2.210000 1.279293 -0.006057
2.215000 1.276880 -0.006057
2.220000 1.272452 -0.006057
2.225000 1.281224 -0.006057
2.230000 1.270421 -0.006057
2.235000 1.276098 -0.006057
2.240000 1.272413 -0.006057
2.245000 1.275868 -0.006057
2.250000 1.273202 -0.006057
2.255000 1.276941 -0.006057
2.260000 1.281522 -0.006057
2.265000 1.276297 -0.006057
2.270000 1.277301 -0.006057
2.275000 1.278902 -0.006057
2.280000 1.274589 -0.006057
2.285000 1.282419 -0.006057
2.290000 1.280128 -0.006057
2.295000 1.275723 -0.006057
2.300000 1.280871 -0.006057
2.305000 1.267502 -0.006057
2.310000 1.275554 -0.006057
2.315000 1.274482 -0.006057
2.320000 1.277914 -0.006057
2.325000 1.279753 -0.006057
2.330000 1.281614 -0.006057
2.335000 1.274191 -0.006057
2.340000 1.275049 -0.006057
2.345000 1.282273 -0.006057
2.350000 1.284556 -0.006057
2.355000 1.280986 -0.006057
2.360000 1.280657 -0.006057
2.365000 1.277707 -0.006057
2.370000 1.273654 -0.006057
2.375000 1.282695 -0.006057
2.380000 1.274451 -0.006057
2.385000 1.276926 -0.006057
2.390000 1.273463 -0.006057
2.395000 1.280205 -0.006057
2.400000 1.270597 -0.006057
2.405000 1.279324 -0.006057
2.410000 1.271302 -0.006057
2.415000 1.278588 -0.006057
2.420000 1.280396 -0.006057
2.425000 1.268154 -0.006057
2.430000 1.273907 -0.006057
2.435000 1.270191 -0.006057
2.440000 1.257681 -0.006057
2.445000 1.270682 -0.006057
2.450000 1.276144 -0.006057
2.455000 1.271333 -0.006057
2.460000 1.272022 -0.006057
2.465000 1.270774 -0.006057
2.470000 1.271348 -0.006057
2.475000 1.276841 -0.006057
2.480000 1.274321 -0.006057
2.485000 1.285928 -0.006057
2.490000 1.274022 -0.006057
2.495000 1.269770 -0.006057
2.500000 1.271946 -0.006057
2.505000 1.272007 -0.006057
2.510000 1.236681 -0.006057
2.515000 1.083181 -0.006057
2.520000 1.609798 -0.006057
