0.000000 -62.551292 -0.006057
0.005000 -0.256198 -0.006057
0.010000 0.951201 -0.006057
0.015000 0.996242 -0.006057
0.020000 0.997253 -0.006057
0.025000 0.994847 -0.006057
0.030000 0.993959 -0.006057
0.035000 0.995836 -0.006057
0.040000 0.989385 -0.006057
0.045000 0.994587 -0.006057
0.050000 0.992901 -0.006057
0.055000 0.983739 -0.006057
0.060000 0.992886 -0.006057
0.065000 0.992940 -0.006057
0.070000 0.993530 -0.006057
0.075000 0.985845 -0.006057
0.080000 0.992940 -0.006057
0.085000 0.991522 -0.006057
0.090000 0.990166 -0.006057
0.095000 0.984750 -0.006057
0.100000 0.992901 -0.006057
0.105000 0.990864 -0.006057
0.110000 0.997897 -0.006057
0.115000 0.990113 -0.006057
0.120000 0.987983 -0.006057
0.125000 0.991047 -0.006057
0.130000 0.992986 -0.006057
0.135000 0.990986 -0.006057
0.140000 0.984160 -0.006057
0.145000 0.997061 -0.006057
0.150000 0.994227 -0.006057
0.155000 0.996104 -0.006057
0.160000 0.990710 -0.006057
0.165000 0.991001 -0.006057
0.170000 0.998961 -0.006057
0.175000 0.995077 -0.006057
0.180000 0.988266 -0.006057
0.185000 0.985807 -0.006057
0.190000 0.989400 -0.006057
0.195000 0.998264 -0.006057
0.200000 0.994058 -0.006057
0.205000 0.986910 -0.006057
0.210000 0.998548 -0.006057
0.215000 0.990074 -0.006057
0.220000 0.995637 -0.006057
0.225000 0.992541 -0.006057
0.230000 0.992250 -0.006057
0.235000 0.989745 -0.006057
0.240000 0.990595 -0.006057
0.245000 0.992457 -0.006057
0.250000 0.990595 -0.006057
0.255000 0.990611 -0.006057
0.260000 0.988734 -0.006057
0.265000 0.989423 -0.006057
0.270000 0.992304 -0.006057
0.275000 0.997261 -0.006057
0.280000 0.986795 -0.006057
0.285000 0.996571 -0.006057
0.290000 0.995269 -0.006057
0.295000 0.991768 -0.006057
0.300000 0.993491 -0.006057
0.305000 0.993353 -0.006057
0.310000 0.991316 -0.006057
0.315000 0.997705 -0.006057
0.320000 0.994893 -0.006057
0.325000 0.992679 -0.006057
0.330000 0.997192 -0.006057
0.335000 0.993062 -0.006057
0.340000 0.993300 -0.006057
0.345000 0.987968 -0.006057
0.350000 0.994365 -0.006057
0.355000 0.986037 -0.006057
0.360000 0.989584 -0.006057
0.365000 0.990825 -0.006057
0.370000 0.997391 -0.006057
0.375000 0.986987 -0.006057
0.380000 0.985639 -0.006057
0.385000 0.989523 -0.006057
0.390000 0.985332 -0.006057
0.395000 0.984543 -0.006057
0.400000 0.981823 -0.006057
0.405000 0.996272 -0.006057
0.410000 0.995154 -0.006057
0.415000 0.992327 -0.006057
0.420000 0.990220 -0.006057
0.425000 0.993032 -0.006057
0.430000 0.995820 -0.006057
0.435000 0.994564 -0.006057
0.440000 0.993576 -0.006057
0.445000 0.999314 -0.006057
0.450000 0.991699 -0.006057
0.455000 1.001007 -0.006057
0.460000 0.989990 -0.006057
0.465000 0.992924 -0.006057
0.470000 0.997644 -0.006057
0.475000 0.993154 -0.006057
0.480000 0.987608 -0.006057
0.485000 0.995598 -0.006057
0.490000 0.991576 -0.006057
0.495000 0.990412 -0.006057
0.500000 0.990228 -0.006057
0.505000 0.986144 -0.006057
0.510000 0.999030 -0.006057
0.515000 0.991461 -0.006057
0.520000 1.000333 -0.006057
0.525000 0.991507 -0.006057
0.530000 0.993668 -0.006057
0.535000 0.995545 -0.006057
0.540000 0.992350 -0.006057
0.545000 0.985983 -0.006057
0.550000 0.982091 -0.006057
0.555000 0.992511 -0.006057
0.560000 0.989722 -0.006057
0.565000 0.992189 -0.006057
0.570000 0.993775 -0.006057
0.575000 1.000164 -0.006057
0.580000 0.997445 -0.006057
0.585000 0.992020 -0.006057
0.590000 0.989079 -0.006057
0.595000 0.984597 -0.006057
0.600000 0.986964 -0.006057
0.605000 0.991055 -0.006057
0.610000 0.987531 -0.006057
0.615000 0.986803 -0.006057
0.620000 0.994549 -0.006057
0.625000 0.993124 -0.006057
0.630000 0.991768 -0.006057
0.635000 0.994273 -0.006057
0.640000 0.994403 -0.006057
0.645000 0.995667 0.073938
0.650000 1.003175 1.993818
0.655000 0.990787 1.913823
0.660000 0.995537 -0.006057
0.665000 0.986964 -0.006057
0.670000 1.029760 -0.006057
0.675000 1.719721 -0.006057
0.680000 4.347249 -0.006057
0.685000 8.385804 -0.006057
0.690000 12.765866 -0.006057
0.695000 17.257153 -0.006057
0.700000 21.821108 -0.006057
0.705000 26.306841 -0.006057
0.710000 30.592278 -0.006057
0.715000 34.716316 -0.006057
0.720000 38.591373 -0.006057
0.725000 42.141796 -0.006057
0.730000 45.379120 -0.006057
0.735000 48.332684 -0.006057
0.740000 50.966198 -0.006057
0.745000 53.302975 -0.006057
0.750000 55.366447 -0.006057
0.755000 57.094143 -0.006057
0.760000 58.503162 -0.006057
0.765000 59.523483 -0.006057
0.770000 60.165539 -0.006057
0.775000 60.438015 -0.006057
0.780000 60.350250 -0.006057
0.785000 60.071304 -0.006057
0.790000 59.383926 -0.006057
0.795000 58.636635 -0.006057
0.800000 57.905956 -0.006057
0.805000 57.158344 -0.006057
0.810000 56.462612 -0.006057
0.815000 55.825367 -0.006057
0.820000 55.251591 -0.006057
0.825000 54.757088 -0.006057
0.830000 54.264595 -0.006057
0.835000 53.822205 -0.006057
0.840000 53.401867 -0.006057
0.845000 53.031551 -0.006057
0.850000 52.661472 -0.006057
0.855000 52.313175 -0.006057
0.860000 51.971439 -0.006057
0.865000 51.655552 -0.006057
0.870000 51.348217 -0.006057
0.875000 51.054100 -0.006057
0.880000 50.792732 -0.006057
0.885000 50.553688 -0.006057
0.890000 50.334991 -0.006057
0.895000 50.133606 -0.006057
0.900000 49.930691 -0.006057
0.905000 49.748707 -0.006057
0.910000 49.587914 -0.006057
0.915000 49.420471 -0.006057
0.920000 49.286030 -0.006057
0.925000 49.154411 -0.006057
0.930000 49.032936 -0.006057
0.935000 48.908119 -0.006057
0.940000 48.796574 -0.006057
0.945000 48.699841 -0.006057
0.950000 48.601791 -0.006057
0.955000 48.502827 -0.006057
0.960000 48.426521 -0.006057
0.965000 48.344391 -0.006057
0.970000 48.275993 -0.006057
0.975000 48.214027 -0.006057
0.980000 48.141186 -0.006057
0.985000 48.085857 -0.006057
0.990000 48.032780 -0.006057
0.995000 47.985573 -0.006057
1.000000 47.934242 -0.006057
1.005000 47.897038 -0.006057
1.010000 47.852757 -0.006057
1.015000 47.810112 -0.006057
1.020000 47.777691 -0.006057
1.025000 47.746403 -0.006057
1.030000 47.724247 -0.006057
1.035000 47.692268 -0.006057
1.040000 47.664261 -0.006057
1.045000 47.641247 -0.006057
1.050000 47.622337 -0.006057
1.055000 47.607384 -0.006057
1.060000 47.592934 -0.006057
1.065000 47.568478 -0.006057
1.070000 47.554581 -0.006057
1.075000 47.543137 -0.006057
1.080000 47.532578 -0.006057
1.085000 47.520321 -0.006057
1.090000 47.516598 -0.006057
1.095000 47.504063 -0.006057
1.100000 47.500462 -0.006057
1.105000 47.490013 -0.006057
1.110000 47.487514 -0.006057
1.115000 47.485188 -0.006057
1.120000 47.482105 -0.006057
1.125000 47.477539 -0.006057
1.130000 47.480927 -0.006057
1.135000 47.482964 -0.006057
1.140000 47.479961 -0.006057
1.145000 47.484970 -0.006057
1.150000 47.491024 -0.006057
1.155000 47.490948 -0.006057
1.160000 47.489033 -0.006057
1.165000 47.489738 -0.006057
1.170000 47.493843 -0.006057
1.175000 47.497169 -0.006057
1.180000 47.501183 -0.006057
1.185000 47.509060 -0.006057
1.190000 47.512260 -0.006057
1.195000 47.517117 -0.006057
1.200000 47.519630 -0.006057
1.205000 47.520779 -0.006057
1.210000 47.521732 -0.006057
1.215000 47.533009 -0.006057
1.220000 47.535645 -0.006057
1.225000 47.537437 -0.006057
1.230000 47.548237 -0.006057
1.235000 47.549923 -0.006057
1.240000 47.556805 -0.006057
1.245000 47.553005 -0.006057
1.250000 47.560802 -0.006057
1.255000 47.573151 -0.006057
1.260000 47.568832 -0.006057
1.265000 47.578667 -0.006057
1.270000 47.596657 -0.006057
1.275000 47.593914 -0.006057
1.280000 47.597607 -0.006057
1.285000 47.598881 -0.006057
1.290000 47.605820 -0.006057
1.295000 47.613865 -0.006057
1.300000 47.613190 -0.006057
1.305000 47.624008 -0.006057
1.310000 47.632725 -0.006057
1.315000 47.628788 -0.006057
1.320000 47.633125 -0.006057
1.325000 47.646732 -0.006057
1.330000 47.651772 -0.006057
1.335000 47.654285 -0.006057
1.340000 47.659679 -0.006057
1.345000 47.663815 -0.006057
1.350000 47.666191 -0.006057
1.355000 47.680500 -0.006057
1.360000 47.690536 -0.006057
1.365000 47.686844 -0.006057
1.370000 47.696896 -0.006057
1.375000 47.705647 -0.006057
1.380000 47.715820 -0.006057
1.385000 47.724079 -0.006057
1.390000 47.730469 -0.006057
1.395000 47.734344 -0.006057
1.400000 47.746098 -0.006057
1.405000 47.746387 -0.006057
1.410000 47.753330 -0.006057
1.415000 47.767887 -0.006057
1.420000 47.772636 -0.006057
1.425000 47.773830 -0.006057
1.430000 47.792923 -0.006057
1.435000 47.805840 -0.006057
1.440000 47.817974 -0.006057
1.445000 47.823704 -0.006057
1.450000 47.847225 -0.006057
1.455000 47.853016 -0.006057
1.460000 47.868431 -0.006057
1.465000 47.880611 -0.006057
1.470000 47.897820 -0.006057
1.475000 47.910583 -0.006057
1.480000 47.925674 -0.006057
1.485000 47.953548 -0.006057
1.490000 47.968071 -0.006057
1.495000 47.982506 -0.006057
1.500000 48.002304 -0.006057
1.505000 48.020920 -0.006057
1.510000 48.044117 -0.006057
1.515000 48.066521 -0.006057
1.520000 48.078808 -0.006057
1.525000 48.095863 -0.006057
1.530000 48.116821 -0.006057
1.535000 48.132114 -0.006057
1.540000 48.146210 -0.006057
1.545000 48.168415 -0.006057
1.550000 48.171860 -0.006057
1.555000 48.189358 -0.006057
1.560000 48.197144 -0.006057
1.565000 48.206749 -0.006057
1.570000 48.211224 -0.006057
1.575000 48.229610 -0.006057
1.580000 48.220203 -0.006057
1.585000 48.234421 -0.006057
1.590000 48.234222 -0.006057
1.595000 48.236614 -0.006057
1.600000 48.227467 -0.006057
1.605000 48.225964 -0.006057
1.610000 48.222549 -0.006057
1.615000 48.215393 -0.006057
1.620000 48.207993 -0.006057
1.625000 48.198647 -0.006057
1.630000 48.200699 -0.006057
1.635000 48.193924 -0.006057
1.640000 48.170330 -0.006057
1.645000 48.157795 -0.006057
1.650000 48.152725 -0.006057
1.655000 48.130875 -0.006057
1.660000 48.117130 -0.006057
1.665000 48.109943 -0.006057
1.670000 48.094315 -0.006057
1.675000 48.076385 -0.006057
1.680000 48.056622 -0.006057
1.685000 48.038895 -0.006057
1.690000 48.019157 -0.006057
1.695000 47.998749 -0.006057
1.700000 47.974277 -0.006057
1.705000 47.958328 -0.006057
1.710000 47.935543 -0.006057
1.715000 47.915089 -0.006057
1.720000 47.895645 -0.006057
1.725000 47.872322 -0.006057
1.730000 47.850166 -0.006057
1.735000 47.828640 -0.006057
1.740000 47.802132 -0.006057
1.745000 47.781845 -0.006057
1.750000 47.755428 -0.006057
1.755000 47.726822 -0.006057
1.760000 47.709873 -0.006057
1.765000 47.679489 -0.006057
1.770000 47.656551 -0.006057
1.775000 47.631561 -0.006057
1.780000 47.600349 -0.006057
1.785000 47.575802 -0.006057
1.790000 47.562565 -0.006057
1.795000 47.530556 -0.006057
1.800000 47.497566 -0.006057
1.805000 47.470402 -0.006057
1.810000 47.451340 -0.006057
1.815000 47.416176 -0.006057
1.820000 47.390465 -0.006057
1.825000 47.365059 -0.006057
1.830000 47.334305 -0.006057
1.835000 47.318493 -0.006057
1.840000 47.283913 -0.006057
1.845000 47.250984 -0.006057
1.850000 47.228428 -0.006057
1.855000 47.199562 -0.006057
1.860000 47.166649 -0.006057
1.865000 47.130028 -0.006057
1.870000 47.107826 -0.006057
1.875000 47.072170 -0.006057
1.880000 47.042934 -0.006057
1.885000 47.012367 -0.006057
1.890000 46.991039 -0.006057
1.895000 46.964008 -0.006057
1.900000 46.924755 -0.006057
1.905000 46.900787 -0.006057
1.910000 46.871384 -0.006057
1.915000 46.842564 -0.006057
1.920000 46.807705 -0.006057
1.925000 46.784767 -0.006057
1.930000 46.750858 -0.006057
1.935000 46.718773 -0.006057
1.940000 46.678814 -0.006057
1.945000 46.647095 -0.006057
1.950000 46.621201 -0.006057
1.955000 46.583000 -0.006057
1.960000 46.548847 -0.006057
1.965000 46.509777 -0.006057
1.970000 46.483376 -0.006057
1.975000 46.442970 -0.006057
1.980000 46.390705 -0.006057
1.985000 46.364182 -0.006057
1.990000 46.320084 -0.006057
1.995000 46.289455 -0.006057
2.000000 46.242275 -0.006057
2.005000 46.192772 -0.006057
2.010000 46.148643 -0.006057
2.015000 46.092670 -0.006057
2.020000 46.036190 -0.006057
2.025000 45.984600 -0.006057
2.030000 45.941681 -0.006057
2.035000 45.896221 -0.006057
2.040000 45.839725 -0.006057
2.045000 45.789547 -0.006057
2.050000 45.742657 -0.006057
2.055000 45.700554 -0.006057
2.060000 45.653511 -0.006057
2.065000 45.606136 -0.006057
2.070000 45.570740 -0.006057
2.075000 45.530411 -0.006057
2.080000 45.482727 -0.006057
2.085000 45.448437 -0.006057
2.090000 45.408615 -0.006057
2.095000 45.365772 -0.006057
2.100000 45.320831 -0.006057
2.105000 45.281593 -0.006057
2.110000 45.242428 -0.006057
2.115000 45.200905 -0.006057
2.120000 45.163822 -0.006057
2.125000 45.124569 -0.006057
2.130000 45.080193 -0.006057
2.135000 45.049610 -0.006057
2.140000 45.003475 -0.006057
2.145000 44.970486 -0.006057
