0.000000 -62.924953 -0.006057
0.005000 -1.341808 -0.006057
0.010000 -0.154120 -0.006057
0.015000 -0.113409 -0.006057
0.020000 -0.115033 -0.006057
0.025000 -0.122242 -0.006057
0.030000 -0.111800 -0.006057
0.035000 -0.118679 -0.006057
0.040000 -0.115094 -0.006057
0.045000 -0.117714 -0.006057
0.050000 -0.112106 -0.006057
0.055000 -0.114259 -0.006057
0.060000 -0.113355 -0.006057
0.065000 -0.115408 -0.006057
0.070000 -0.119070 -0.006057
0.075000 -0.109961 -0.006057
0.080000 -0.115362 -0.006057
0.085000 -0.112734 -0.006057
0.090000 -0.121951 -0.006057
0.095000 -0.113439 -0.006057
0.100000 -0.114856 -0.006057
0.105000 -0.105196 -0.006057
0.110000 -0.112428 -0.006057
0.115000 -0.115967 -0.006057
0.120000 -0.108344 -0.006057
0.125000 -0.112957 -0.006057
0.130000 -0.110145 -0.006057
0.135000 -0.117101 -0.006057
0.140000 -0.116228 -0.006057
0.145000 -0.109494 -0.006057
0.150000 -0.117086 -0.006057
0.155000 -0.118335 -0.006057
0.160000 -0.106851 -0.006057
0.165000 -0.113646 -0.006057
0.170000 -0.103196 -0.006057
0.175000 -0.116044 -0.006057
0.180000 -0.110735 -0.006057
0.185000 -0.106988 -0.006057
0.190000 -0.112811 -0.006057
0.195000 -0.107908 -0.006057
0.200000 -0.117638 -0.006057
0.205000 -0.110773 -0.006057
0.210000 -0.112359 -0.006057
0.215000 -0.107456 -0.006057
0.220000 -0.112305 -0.006057
0.225000 -0.109639 -0.006057
0.230000 -0.110145 -0.006057
0.235000 -0.108827 -0.006057
0.240000 -0.108122 -0.006057
0.245000 -0.104070 -0.006057
0.250000 -0.111669 -0.006057
0.255000 -0.117354 -0.006057
0.260000 -0.110244 -0.006057
0.265000 -0.108291 -0.006057
0.270000 -0.106222 -0.006057
0.275000 -0.115017 -0.006057
0.280000 -0.106613 -0.006057
0.285000 -0.114795 -0.006057
0.290000 -0.107463 -0.006057
0.295000 -0.110834 -0.006057
0.300000 -0.102078 -0.006057
0.305000 -0.111493 -0.006057
0.310000 -0.106582 -0.006057
0.315000 -0.110306 -0.006057
0.320000 -0.108214 -0.006057
0.325000 -0.102936 -0.006057
0.330000 -0.103449 -0.006057
0.335000 -0.106835 -0.006057
0.340000 -0.113094 -0.006057
0.345000 -0.107846 -0.006057
0.350000 -0.111072 -0.006057
0.355000 -0.115178 -0.006057
0.360000 -0.114749 -0.006057
0.365000 -0.102913 -0.006057
0.370000 -0.107563 -0.006057
0.375000 -0.109356 -0.006057
0.380000 -0.114596 -0.006057
0.385000 -0.103679 -0.006057
0.390000 -0.113707 -0.006057
0.395000 -0.110628 -0.006057
0.400000 -0.102353 -0.006057
0.405000 -0.101204 -0.006057
0.410000 -0.102261 -0.006057
0.415000 -0.108413 -0.006057
0.420000 -0.100599 -0.006057
0.425000 -0.114435 -0.006057
0.430000 -0.104667 -0.006057
0.435000 -0.108268 -0.006057
0.440000 -0.101656 -0.006057
0.445000 -0.105786 -0.006057
0.450000 -0.108199 -0.006057
0.455000 -0.108628 -0.006057
0.460000 -0.104506 -0.006057
0.465000 -0.101465 -0.006057
0.470000 -0.099902 -0.006057
0.475000 -0.104483 -0.006057
0.480000 -0.105954 -0.006057
0.485000 -0.102254 -0.006057
0.490000 -0.111532 -0.006057
0.495000 -0.103725 -0.006057
0.500000 -0.111754 -0.006057
0.505000 -0.103640 -0.006057
0.510000 -0.106061 -0.006057
0.515000 -0.100415 -0.006057
0.520000 -0.102124 -0.006057
0.525000 -0.102905 -0.006057
0.530000 -0.103334 -0.006057
0.535000 -0.099863 -0.006057
0.540000 -0.107234 -0.006057
0.545000 -0.102246 -0.006057
0.550000 -0.106023 -0.006057
0.555000 -0.110428 -0.006057
0.560000 -0.101848 -0.006057
0.565000 -0.112183 -0.006057
0.570000 -0.103817 -0.006057
0.575000 -0.109241 -0.006057
0.580000 -0.108720 -0.006057
0.585000 -0.108881 -0.006057
0.590000 -0.103296 -0.006057
0.595000 -0.108574 -0.006057
0.600000 -0.104866 -0.006057
0.605000 -0.095688 -0.006057
0.610000 -0.109379 -0.006057
0.615000 -0.107096 -0.006057
0.620000 -0.107839 -0.006057
0.625000 -0.102024 -0.006057
0.630000 -0.103671 -0.006057
0.635000 -0.103886 -0.006057
0.640000 -0.112252 -0.006057
0.645000 -0.100201 0.145938
0.650000 -0.108321 3.793800
0.655000 -0.101633 3.641806
0.660000 -0.105502 -0.006057
0.665000 -0.082856 -0.006057
0.670000 0.061259 -0.006057
0.675000 0.421513 -0.006057
0.680000 1.012798 -0.006057
0.685000 1.701832 -0.006057
0.690000 2.436803 -0.006057
0.695000 3.172800 -0.006057
0.700000 3.885094 -0.006057
0.705000 4.552692 -0.006057
0.710000 5.144337 -0.006057
0.715000 5.677902 -0.006057
0.720000 6.155281 -0.006057
0.725000 6.579122 -0.006057
0.730000 6.929944 -0.006057
0.735000 7.220932 -0.006057
0.740000 7.453450 -0.006057
0.745000 7.637082 -0.006057
0.750000 7.755746 -0.006057
0.755000 7.829424 -0.006057
0.760000 7.856637 -0.006057
0.765000 7.837461 -0.006057
0.770000 7.778899 -0.006057
0.775000 7.684114 -0.006057
0.780000 7.559581 -0.006057
0.785000 7.405269 -0.006057
0.790000 7.229942 -0.006057
0.795000 7.018462 -0.006057
0.800000 6.789935 -0.006057
0.805000 6.540907 -0.006057
0.810000 6.275247 -0.006057
0.815000 5.966684 -0.006057
0.820000 5.657133 -0.006057
0.825000 5.345980 -0.006057
0.830000 5.039876 -0.006057
0.835000 4.735956 -0.006057
0.840000 4.435422 -0.006057
0.845000 4.162844 -0.006057
0.850000 3.891261 -0.006057
0.855000 3.633301 -0.006057
0.860000 3.387169 -0.006057
0.865000 3.151157 -0.006057
0.870000 2.928162 -0.006057
0.875000 2.716767 -0.006057
0.880000 2.514671 -0.006057
0.885000 2.336870 -0.006057
0.890000 2.149377 -0.006057
0.895000 1.998030 -0.006057
0.900000 1.836493 -0.006057
0.905000 1.704054 -0.006057
0.910000 1.561517 -0.006057
0.915000 1.451303 -0.006057
0.920000 1.340728 -0.006057
0.925000 1.238742 -0.006057
0.930000 1.142525 -0.006057
0.935000 1.057884 -0.006057
0.940000 0.970538 -0.006057
0.945000 0.895175 -0.006057
0.950000 0.823949 -0.006057
0.955000 0.757618 -0.006057
0.960000 0.699010 -0.006057
0.965000 0.648078 -0.006057
0.970000 0.598755 -0.006057
0.975000 0.551095 -0.006057
0.980000 0.510076 -0.006057
0.985000 0.473647 -0.006057
0.990000 0.440229 -0.006057
0.995000 0.404260 -0.006057
1.000000 0.366743 -0.006057
1.005000 0.343598 -0.006057
1.010000 0.309705 -0.006057
1.015000 0.290529 -0.006057
1.020000 0.264902 -0.006057
1.025000 0.237437 -0.006057
1.030000 0.217518 -0.006057
1.035000 0.201797 -0.006057
1.040000 0.186758 -0.006057
1.045000 0.172562 -0.006057
1.050000 0.141924 -0.006057
1.055000 0.135688 -0.006057
1.060000 0.126127 -0.006057
1.065000 0.107204 -0.006057
1.070000 0.102477 -0.006057
1.075000 0.088380 -0.006057
1.080000 0.079692 -0.006057
1.085000 0.072491 -0.006057
1.090000 0.061834 -0.006057
1.095000 0.050411 -0.006057
1.100000 0.043830 -0.006057
1.105000 0.041616 -0.006057
1.110000 0.044788 -0.006057
1.115000 0.022961 -0.006057
1.120000 0.025244 -0.006057
1.125000 0.025298 -0.006057
1.130000 0.021429 -0.006057
1.135000 0.012588 -0.006057
1.140000 0.004735 -0.006057
1.145000 0.000177 -0.006057
1.150000 -0.003309 -0.006057
1.155000 -0.006887 -0.006057
1.160000 -0.010679 -0.006057
1.165000 -0.012702 -0.006057
1.170000 -0.019727 -0.006057
1.175000 -0.024899 -0.006057
1.180000 -0.033954 -0.006057
1.185000 -0.039026 -0.006057
1.190000 -0.039179 -0.006057
1.195000 -0.040665 -0.006057
1.200000 -0.042925 -0.006057
1.205000 -0.045561 -0.006057
1.210000 -0.056363 -0.006057
1.215000 -0.062163 -0.006057
1.220000 -0.053414 -0.006057
1.225000 -0.058056 -0.006057
1.230000 -0.061634 -0.006057
1.235000 -0.062684 -0.006057
1.240000 -0.075608 -0.006057
1.245000 -0.065204 -0.006057
1.250000 -0.074329 -0.006057
1.255000 -0.074206 -0.006057
1.260000 -0.077654 -0.006057
1.265000 -0.081553 -0.006057
1.270000 -0.071034 -0.006057
1.275000 -0.074620 -0.006057
1.280000 -0.083246 -0.006057
1.285000 -0.074091 -0.006057
1.290000 -0.078795 -0.006057
1.295000 -0.081431 -0.006057
1.300000 -0.084893 -0.006057
1.305000 -0.083369 -0.006057
1.310000 -0.091750 -0.006057
1.315000 -0.095228 -0.006057
1.320000 -0.086380 -0.006057
1.325000 -0.087866 -0.006057
1.330000 -0.092302 -0.006057
1.335000 -0.099994 -0.006057
1.340000 -0.101901 -0.006057
1.345000 -0.084595 -0.006057
1.350000 -0.091582 -0.006057
1.355000 -0.088609 -0.006057
1.360000 -0.093106 -0.006057
1.365000 -0.091383 -0.006057
1.370000 -0.095581 -0.006057
1.375000 -0.096539 -0.006057
1.380000 -0.096286 -0.006057
1.385000 -0.098592 -0.006057
1.390000 -0.095665 -0.006057
1.395000 -0.092294 -0.006057
1.400000 -0.098952 -0.006057
1.405000 -0.101763 -0.006057
1.410000 -0.105640 -0.006057
1.415000 -0.110153 -0.006057
1.420000 -0.108406 -0.006057
1.425000 -0.109463 -0.006057
1.430000 -0.105196 -0.006057
1.435000 -0.111340 -0.006057
1.440000 -0.120671 -0.006057
1.445000 -0.117492 -0.006057
1.450000 -0.118051 -0.006057
1.455000 -0.110719 -0.006057
1.460000 -0.116856 -0.006057
1.465000 -0.120219 -0.006057
1.470000 -0.119706 -0.006057
1.475000 -0.117760 -0.006057
1.480000 -0.107103 -0.006057
1.485000 -0.122089 -0.006057
1.490000 -0.116465 -0.006057
1.495000 -0.118603 -0.006057
1.500000 -0.121591 -0.006057
1.505000 -0.125643 -0.006057
1.510000 -0.120281 -0.006057
1.515000 -0.116404 -0.006057
1.520000 -0.119438 -0.006057
1.525000 -0.115990 -0.006057
1.530000 -0.122571 -0.006057
1.535000 -0.117523 -0.006057
1.540000 -0.128570 -0.006057
1.545000 -0.113439 -0.006057
1.550000 -0.125176 -0.006057
1.555000 -0.128386 -0.006057
1.560000 -0.126402 -0.006057
1.565000 -0.124923 -0.006057
1.570000 -0.118304 -0.006057
1.575000 -0.125077 -0.006057
1.580000 -0.128654 -0.006057
1.585000 -0.121958 -0.006057
1.590000 -0.130562 -0.006057
1.595000 -0.120104 -0.006057
1.600000 -0.126486 -0.006057
1.605000 -0.125536 -0.006057
1.610000 -0.127965 -0.006057
1.615000 -0.128271 -0.006057
1.620000 -0.129574 -0.006057
1.625000 -0.130516 -0.006057
1.630000 -0.132270 -0.006057
1.635000 -0.131872 -0.006057
1.640000 -0.134645 -0.006057
1.645000 -0.130769 -0.006057
1.650000 -0.132493 -0.006057
1.655000 -0.131343 -0.006057
1.660000 -0.136668 -0.006057
1.665000 -0.137319 -0.006057
1.670000 -0.129466 -0.006057
1.675000 -0.134868 -0.006057
1.680000 -0.132163 -0.006057
1.685000 -0.131274 -0.006057
1.690000 -0.140897 -0.006057
1.695000 -0.138537 -0.006057
1.700000 -0.144613 -0.006057
1.705000 -0.134439 -0.006057
1.710000 -0.137258 -0.006057
1.715000 -0.131941 -0.006057
1.720000 -0.139771 -0.006057
1.725000 -0.137863 -0.006057
1.730000 -0.142874 -0.006057
1.735000 -0.139296 -0.006057
1.740000 -0.139985 -0.006057
1.745000 -0.135151 -0.006057
1.750000 -0.138468 -0.006057
1.755000 -0.140001 -0.006057
1.760000 -0.139709 -0.006057
