0.000000 -63.229145 -0.006057
0.005000 -2.233320 -0.006057
0.010000 -1.053033 -0.006057
0.015000 -0.995720 -0.006057
0.020000 -1.004883 -0.006057
0.025000 -1.005335 -0.006057
0.030000 -1.012636 -0.006057
0.035000 -1.002186 -0.006057
0.040000 -1.014881 -0.006057
0.045000 -1.007763 -0.006057
0.050000 -1.015907 -0.006057
0.055000 -1.010360 -0.006057
0.060000 -1.017708 -0.006057
0.065000 -1.016505 -0.006057
0.070000 -1.007380 -0.006057
0.075000 -1.011877 -0.006057
0.080000 -1.014475 -0.006057
0.085000 -1.011226 -0.006057
0.090000 -1.013563 -0.006057
0.095000 -1.017501 -0.006057
0.100000 -1.006622 -0.006057
0.105000 -1.013762 -0.006057
0.110000 -1.009211 -0.006057
0.115000 -1.020297 -0.006057
0.120000 -1.009043 -0.006057
0.125000 -1.016122 -0.006057
0.130000 -1.009893 -0.006057
0.135000 -1.011372 -0.006057
0.140000 -1.016627 -0.006057
0.145000 -1.017593 -0.006057
0.150000 -1.014475 -0.006057
0.155000 -1.005756 -0.006057
0.160000 -1.011893 -0.006057
0.165000 -1.008078 -0.006057
0.170000 -1.013126 -0.006057
0.175000 -1.013571 -0.006057
0.180000 -1.009725 -0.006057
0.185000 -1.011004 -0.006057
0.190000 -1.013685 -0.006057
0.195000 -1.011295 -0.006057
0.200000 -1.010246 -0.006057
0.205000 -1.009610 -0.006057
0.210000 -1.014957 -0.006057
0.215000 -1.013295 -0.006057
0.220000 -1.013256 -0.006057
0.225000 -1.014191 -0.006057
0.230000 -1.012567 -0.006057
0.235000 -1.006714 -0.006057
0.240000 -1.010100 -0.006057
0.245000 -1.018366 -0.006057
0.250000 -1.013471 -0.006057
0.255000 -1.013869 -0.006057
0.260000 -1.008039 -0.006057
0.265000 -1.008851 -0.006057
0.270000 -1.013463 -0.006057
0.275000 -1.008507 -0.006057
0.280000 -1.016574 -0.006057
0.285000 -1.014996 -0.006057
0.290000 -1.014413 -0.006057
0.295000 -1.017079 -0.006057
0.300000 -1.015846 -0.006057
0.305000 -1.008499 -0.006057
0.310000 -1.017432 -0.006057
0.315000 -1.012636 -0.006057
0.320000 -1.008782 -0.006057
0.325000 -1.016612 -0.006057
0.330000 -1.009089 -0.006057
0.335000 -1.006361 -0.006057
0.340000 -1.009066 -0.006057
0.345000 -1.011211 -0.006057
0.350000 -1.003220 -0.006057
0.355000 -1.015187 -0.006057
0.360000 -1.011885 -0.006057
0.365000 -1.021760 -0.006057
0.370000 -1.011042 -0.006057
0.375000 -1.010843 -0.006057
0.380000 -1.007503 -0.006057
0.385000 -1.004998 -0.006057
0.390000 -1.003297 -0.006057
0.395000 -1.012008 -0.006057
0.400000 -1.003527 -0.006057
0.405000 -1.015087 -0.006057
0.410000 -1.013915 -0.006057
0.415000 -1.008874 -0.006057
0.420000 -1.011517 -0.006057
0.425000 -1.010675 -0.006057
0.430000 -1.008491 -0.006057
0.435000 -1.003979 -0.006057
0.440000 -1.006109 -0.006057
0.445000 -1.005756 -0.006057
0.450000 -1.006691 -0.006057
0.455000 -1.009908 -0.006057
0.460000 -1.007319 -0.006057
0.465000 -1.016183 -0.006057
0.470000 -1.006522 -0.006057
0.475000 -1.005005 -0.006057
0.480000 -1.011456 -0.006057
0.485000 -1.013992 -0.006057
0.490000 -1.009502 -0.006057
0.495000 -1.007579 -0.006057
0.500000 -1.008231 -0.006057
0.505000 -1.012452 -0.006057
0.510000 -1.002370 -0.006057
0.515000 -1.012958 -0.006057
0.520000 -1.002500 -0.006057
0.525000 -1.003266 -0.006057
0.530000 -1.009648 -0.006057
0.535000 -1.004913 -0.006057
0.540000 -1.010100 -0.006057
0.545000 -1.015225 -0.006057
0.550000 -1.015501 -0.006057
0.555000 -1.013869 -0.006057
0.560000 -1.004048 -0.006057
0.565000 -1.010805 -0.006057
0.570000 -1.016229 -0.006057
0.575000 -1.004676 -0.006057
0.580000 -1.015471 -0.006057
0.585000 -1.010652 -0.006057
0.590000 -1.007641 -0.006057
0.595000 -1.004032 -0.006057
0.600000 -1.011096 -0.006057
0.605000 -1.012452 -0.006057
0.610000 -1.009035 -0.006057
0.615000 -1.013080 -0.006057
0.620000 -1.014298 -0.006057
0.625000 -1.013394 -0.006057
0.630000 -1.005902 -0.006057
0.635000 -1.010851 -0.006057
0.640000 -1.012483 -0.006057
0.645000 -1.011272 0.093937
0.650000 -1.012061 2.493788
0.655000 -1.015026 2.393794
0.660000 -1.008828 -0.006057
0.665000 -1.015310 -0.006057
0.670000 -0.998424 -0.006057
0.675000 -0.965458 -0.006057
0.680000 -0.912542 -0.006057
0.685000 -0.839722 -0.006057
0.690000 -0.777797 -0.006057
0.695000 -0.702303 -0.006057
0.700000 -0.640784 -0.006057
0.705000 -0.567259 -0.006057
0.710000 -0.510259 -0.006057
0.715000 -0.444013 -0.006057
0.720000 -0.394621 -0.006057
0.725000 -0.348117 -0.006057
0.730000 -0.307276 -0.006057
0.735000 -0.272203 -0.006057
0.740000 -0.244683 -0.006057
0.745000 -0.210629 -0.006057
0.750000 -0.186044 -0.006057
0.755000 -0.180406 -0.006057
0.760000 -0.154028 -0.006057
0.765000 -0.155200 -0.006057
0.770000 -0.148474 -0.006057
0.775000 -0.145425 -0.006057
0.780000 -0.154764 -0.006057
0.785000 -0.161123 -0.006057
0.790000 -0.168784 -0.006057
0.795000 -0.180705 -0.006057
0.800000 -0.201306 -0.006057
0.805000 -0.227124 -0.006057
0.810000 -0.238179 -0.006057
0.815000 -0.261975 -0.006057
0.820000 -0.286583 -0.006057
0.825000 -0.320981 -0.006057
0.830000 -0.346984 -0.006057
0.835000 -0.361233 -0.006057
0.840000 -0.398674 -0.006057
0.845000 -0.425534 -0.006057
0.850000 -0.462285 -0.006057
0.855000 -0.487337 -0.006057
0.860000 -0.521230 -0.006057
0.865000 -0.544053 -0.006057
0.870000 -0.570040 -0.006057
0.875000 -0.598172 -0.006057
0.880000 -0.627897 -0.006057
0.885000 -0.649410 -0.006057
0.890000 -0.676975 -0.006057
0.895000 -0.695040 -0.006057
0.900000 -0.716323 -0.006057
0.905000 -0.739345 -0.006057
0.910000 -0.751358 -0.006057
0.915000 -0.770794 -0.006057
0.920000 -0.783657 -0.006057
0.925000 -0.801562 -0.006057
0.930000 -0.818999 -0.006057
0.935000 -0.834712 -0.006057
0.940000 -0.850823 -0.006057
0.945000 -0.861174 -0.006057
0.950000 -0.870972 -0.006057
0.955000 -0.878978 -0.006057
0.960000 -0.890723 -0.006057
0.965000 -0.894262 -0.006057
0.970000 -0.913745 -0.006057
0.975000 -0.914603 -0.006057
0.980000 -0.927535 -0.006057
0.985000 -0.929542 -0.006057
0.990000 -0.937663 -0.006057
0.995000 -0.936445 -0.006057
1.000000 -0.944926 -0.006057
1.005000 -0.948872 -0.006057
1.010000 -0.951990 -0.006057
1.015000 -0.954748 -0.006057
1.020000 -0.954778 -0.006057
1.025000 -0.967802 -0.006057
1.030000 -0.966929 -0.006057
1.035000 -0.965788 -0.006057
1.040000 -0.974345 -0.006057
1.045000 -0.985668 -0.006057
1.050000 -0.977639 -0.006057
1.055000 -0.979041 -0.006057
1.060000 -0.976314 -0.006057
1.065000 -0.986212 -0.006057
1.070000 -0.989714 -0.006057
1.075000 -0.987032 -0.006057
1.080000 -0.990104 -0.006057
1.085000 -0.990012 -0.006057
1.090000 -1.000309 -0.006057
1.095000 -0.994165 -0.006057
1.100000 -1.007082 -0.006057
1.105000 -0.997980 -0.006057
1.110000 -1.005197 -0.006057
1.115000 -1.004523 -0.006057
1.120000 -0.995628 -0.006057
1.125000 -1.005588 -0.006057
1.130000 -1.009288 -0.006057
1.135000 -1.001811 -0.006057
1.140000 -1.004714 -0.006057
1.145000 -1.008966 -0.006057
1.150000 -1.000830 -0.006057
1.155000 -1.000301 -0.006057
1.160000 -1.003006 -0.006057
1.165000 -1.006698 -0.006057
1.170000 -1.001956 -0.006057
1.175000 -1.008461 -0.006057
1.180000 -1.006369 -0.006057
1.185000 -1.011104 -0.006057
1.190000 -1.007733 -0.006057
1.195000 -1.016352 -0.006057
1.200000 -1.008461 -0.006057
1.205000 -1.013540 -0.006057
1.210000 -1.013716 -0.006057
1.215000 -1.009893 -0.006057
1.220000 -1.008277 -0.006057
1.225000 -1.014452 -0.006057
1.230000 -1.012199 -0.006057
1.235000 -1.007350 -0.006057
1.240000 -1.020611 -0.006057
1.245000 -1.012130 -0.006057
1.250000 -1.019255 -0.006057
1.255000 -1.012506 -0.006057
1.260000 -1.004040 -0.006057
1.265000 -1.015095 -0.006057
1.270000 -1.012498 -0.006057
1.275000 -1.018612 -0.006057
1.280000 -1.018435 -0.006057
1.285000 -1.024135 -0.006057
1.290000 -1.021431 -0.006057
1.295000 -1.015624 -0.006057
1.300000 -1.014781 -0.006057
1.305000 -1.027391 -0.006057
1.310000 -1.023262 -0.006057
1.315000 -1.023814 -0.006057
1.320000 -1.022235 -0.006057
1.325000 -1.024419 -0.006057
1.330000 -1.026480 -0.006057
1.335000 -1.019255 -0.006057
1.340000 -1.026464 -0.006057
1.345000 -1.025545 -0.006057
1.350000 -1.029598 -0.006057
1.355000 -1.016244 -0.006057
1.360000 -1.019646 -0.006057
1.365000 -1.024266 -0.006057
1.370000 -1.031789 -0.006057
1.375000 -1.021147 -0.006057
1.380000 -1.018918 -0.006057
1.385000 -1.025974 -0.006057
1.390000 -1.031191 -0.006057
1.395000 -1.016635 -0.006057
1.400000 -1.020642 -0.006057
1.405000 -1.021906 -0.006057
1.410000 -1.028027 -0.006057
1.415000 -1.026411 -0.006057
1.420000 -1.025055 -0.006057
1.425000 -1.027866 -0.006057
1.430000 -1.017807 -0.006057
1.435000 -1.031421 -0.006057
1.440000 -1.023316 -0.006057
1.445000 -1.032164 -0.006057
1.450000 -1.028410 -0.006057
1.455000 -1.022910 -0.006057
1.460000 -1.025652 -0.006057
1.465000 -1.031820 -0.006057
1.470000 -1.021408 -0.006057
1.475000 -1.020657 -0.006057
1.480000 -1.024993 -0.006057
1.485000 -1.022166 -0.006057
1.490000 -1.026840 -0.006057
1.495000 -1.018298 -0.006057
1.500000 -1.021645 -0.006057
1.505000 -1.019171 -0.006057
1.510000 -1.021017 -0.006057
1.515000 -1.017692 -0.006057
1.520000 -1.024059 -0.006057
1.525000 -1.022634 -0.006057
1.530000 -1.028272 -0.006057
1.535000 -1.021071 -0.006057
1.540000 -1.032494 -0.006057
1.545000 -1.034984 -0.006057
1.550000 -1.030333 -0.006057
1.555000 -1.030877 -0.006057
1.560000 -1.021967 -0.006057
1.565000 -1.031207 -0.006057
1.570000 -1.029016 -0.006057
1.575000 -1.028617 -0.006057
1.580000 -1.023400 -0.006057
1.585000 -1.026365 -0.006057
1.590000 -1.020029 -0.006057
1.595000 -1.024779 -0.006057
1.600000 -1.027568 -0.006057
1.605000 -1.025637 -0.006057
1.610000 -1.024894 -0.006057
1.615000 -1.025078 -0.006057
1.620000 -1.031046 -0.006057
1.625000 -1.018803 -0.006057
1.630000 -1.022588 -0.006057
1.635000 -1.022235 -0.006057
1.640000 -1.025591 -0.006057
1.645000 -1.020075 -0.006057
1.650000 -1.030065 -0.006057
1.655000 -1.019531 -0.006057
1.660000 -1.026334 -0.006057
1.665000 -1.023683 -0.006057
1.670000 -1.030670 -0.006057
1.675000 -1.030418 -0.006057
1.680000 -1.026962 -0.006057
1.685000 -1.021960 -0.006057
1.690000 -1.031475 -0.006057
1.695000 -1.035221 -0.006057
1.700000 -1.029169 -0.006057
1.705000 -1.032685 -0.006057
1.710000 -1.015087 -0.006057
1.715000 -1.029376 -0.006057
1.720000 -1.027177 -0.006057
1.725000 -1.031674 -0.006057
1.730000 -1.026158 -0.006057
1.735000 -1.021515 -0.006057
1.740000 -1.024993 -0.006057
1.745000 -1.028870 -0.006057
1.750000 -1.024587 -0.006057
1.755000 -1.024358 -0.006057
1.760000 -1.020964 -0.006057
1.765000 -1.024855 -0.006057
1.770000 -1.026480 -0.006057
1.775000 -1.031000 -0.006057
1.780000 -1.026786 -0.006057
1.785000 -1.022480 -0.006057
1.790000 -1.023262 -0.006057
1.795000 -1.023239 -0.006057
1.800000 -1.024764 -0.006057
1.805000 -1.031781 -0.006057
1.810000 -1.029828 -0.006057
1.815000 -1.028196 -0.006057
1.820000 -1.022833 -0.006057
1.825000 -1.024794 -0.006057
1.830000 -1.027790 -0.006057
1.835000 -1.026710 -0.006057
1.840000 -1.032402 -0.006057
1.845000 -1.033459 -0.006057
1.850000 -1.026602 -0.006057
1.855000 -1.024335 -0.006057
1.860000 -1.026748 -0.006057
1.865000 -1.031222 -0.006057
1.870000 -1.022933 -0.006057
1.875000 -1.019531 -0.006057
1.880000 -1.023208 -0.006057
1.885000 -1.022940 -0.006057
1.890000 -1.031843 -0.006057
1.895000 -1.018351 -0.006057
1.900000 -1.026342 -0.006057
1.905000 -1.022320 -0.006057
1.910000 -1.031314 -0.006057
1.915000 -1.029199 -0.006057
1.920000 -1.022312 -0.006057
1.925000 -1.026097 -0.006057
1.930000 -1.035757 -0.006057
1.935000 -1.019286 -0.006057
1.940000 -1.025016 -0.006057
1.945000 -1.027284 -0.006057
1.950000 -1.023637 -0.006057
1.955000 -1.028104 -0.006057
1.960000 -1.023929 -0.006057
1.965000 -1.032716 -0.006057
1.970000 -1.023116 -0.006057
1.975000 -1.019293 -0.006057
1.980000 -1.023047 -0.006057
1.985000 -1.022166 -0.006057
1.990000 -1.023599 -0.006057
1.995000 -1.025583 -0.006057
2.000000 -1.032279 -0.006057
2.005000 -1.023446 -0.006057
2.010000 -1.021730 -0.006057
2.015000 -1.022128 -0.006057
2.020000 -1.028372 -0.006057
2.025000 -1.025438 -0.006057
2.030000 -1.029498 -0.006057
2.035000 -1.021952 -0.006057
2.040000 -1.025024 -0.006057
2.045000 -1.024626 -0.006057
2.050000 -1.026733 -0.006057
2.055000 -1.018826 -0.006057
2.060000 -1.027629 -0.006057
2.065000 -1.024220 -0.006057
2.070000 -1.025285 -0.006057
2.075000 -1.026786 -0.006057
2.080000 -1.022618 -0.006057
2.085000 -1.023331 -0.006057
2.090000 -1.024212 -0.006057
2.095000 -1.020741 -0.006057
2.100000 -1.023898 -0.006057
2.105000 -1.027384 -0.006057
2.110000 -1.022182 -0.006057
2.115000 -1.035282 -0.006057
2.120000 -1.026855 -0.006057
2.125000 -1.029207 -0.006057
2.130000 -1.029445 -0.006057
2.135000 -1.017501 -0.006057
2.140000 -1.025714 -0.006057
2.145000 -1.024350 -0.006057
2.150000 -1.029314 -0.006057
2.155000 -1.027713 -0.006057
2.160000 -1.022802 -0.006057
2.165000 -1.028525 -0.006057
2.170000 -1.028548 -0.006057
2.175000 -1.018144 -0.006057
2.180000 -1.023231 -0.006057
2.185000 -1.021661 -0.006057
2.190000 -1.032118 -0.006057
2.195000 -1.021239 -0.006057
2.200000 -1.030931 -0.006057
2.205000 -1.022649 -0.006057
2.210000 -1.024863 -0.006057
2.215000 -1.029774 -0.006057
2.220000 -1.025055 -0.006057
2.225000 -1.029100 -0.006057
2.230000 -1.025537 -0.006057
2.235000 -1.023722 -0.006057
2.240000 -1.026273 -0.006057
2.245000 -1.020029 -0.006057
2.250000 -1.018091 -0.006057
2.255000 -1.028847 -0.006057
2.260000 -1.020366 -0.006057
2.265000 -1.031306 -0.006057
2.270000 -1.030686 -0.006057
2.275000 -1.018704 -0.006057
2.280000 -1.022542 -0.006057
2.285000 -1.016397 -0.006057
2.290000 -1.027583 -0.006057
2.295000 -1.027460 -0.006057
2.300000 -1.026809 -0.006057
2.305000 -1.020902 -0.006057
2.310000 -1.023676 -0.006057
2.315000 -1.023676 -0.006057
2.320000 -1.023637 -0.006057
2.325000 -1.022994 -0.006057
2.330000 -1.030257 -0.006057
2.335000 -1.024273 -0.006057
2.340000 -1.027024 -0.006057
2.345000 -1.025246 -0.006057
2.350000 -1.025928 -0.006057
2.355000 -1.027713 -0.006057
2.360000 -1.023162 -0.006057
2.365000 -1.032953 -0.006057
2.370000 -1.017738 -0.006057
2.375000 -1.031207 -0.006057
2.380000 -1.023147 -0.006057
2.385000 -1.032241 -0.006057
2.390000 -1.022435 -0.006057
2.395000 -1.028579 -0.006057
2.400000 -1.019745 -0.006057
2.405000 -1.029069 -0.006057
2.410000 -1.022059 -0.006057
2.415000 -1.023331 -0.006057
2.420000 -1.028364 -0.006057
2.425000 -1.022473 -0.006057
2.430000 -1.037573 -0.006057
2.435000 -1.021531 -0.006057
2.440000 -1.016888 -0.006057
2.445000 -1.016804 -0.006057
2.450000 -1.029322 -0.006057
2.455000 -1.024327 -0.006057
2.460000 -1.017026 -0.006057
2.465000 -1.019079 -0.006057
2.470000 -1.025897 -0.006057
2.475000 -1.024595 -0.006057
2.480000 -1.025851 -0.006057
2.485000 -1.024074 -0.006057
2.490000 -1.022082 -0.006057
2.495000 -1.027430 -0.006057
2.500000 -1.029483 -0.006057
2.505000 -1.033995 -0.006057
2.510000 -1.026855 -0.006057
2.515000 -1.027974 -0.006057
2.520000 -1.023614 -0.006057
2.525000 -1.029039 -0.006057
2.530000 -1.024610 -0.006057
2.535000 -1.025729 -0.006057
2.540000 -1.019217 -0.006057
2.545000 -1.029169 -0.006057
2.550000 -1.032961 -0.006057
2.555000 -1.026932 -0.006057
2.560000 -1.024143 -0.006057
2.565000 -1.030326 -0.006057
2.570000 -1.029031 -0.006057
2.575000 -1.026916 -0.006057
2.580000 -1.023392 -0.006057
2.585000 -1.026687 -0.006057
2.590000 -1.035175 -0.006057
2.595000 -1.020657 -0.006057
2.600000 -1.025576 -0.006057
2.605000 -1.022166 -0.006057
2.610000 -1.034738 -0.006057
2.615000 -1.026648 -0.006057
2.620000 -1.020504 -0.006057
2.625000 -1.027445 -0.006057
2.630000 -1.032724 -0.006057
2.635000 -1.035275 -0.006057
2.640000 -1.027299 -0.006057
2.645000 -1.022511 0.093937
2.650000 -1.032448 2.493788
2.655000 -1.025101 2.393794
2.660000 -1.022779 -0.006057
2.665000 -1.027836 -0.006057
2.670000 -1.016896 -0.006057
2.675000 -0.982313 -0.006057
2.680000 -0.921774 -0.006057
2.685000 -0.858806 -0.006057
2.690000 -0.799800 -0.006057
2.695000 -0.722329 -0.006057
2.700000 -0.654198 -0.006057
2.705000 -0.591553 -0.006057
2.710000 -0.534952 -0.006057
2.715000 -0.462047 -0.006057
2.720000 -0.412280 -0.006057
2.725000 -0.371308 -0.006057
2.730000 -0.330160 -0.006057
2.735000 -0.282415 -0.006057
2.740000 -0.254153 -0.006057
2.745000 -0.224634 -0.006057
2.750000 -0.205106 -0.006057
2.755000 -0.176828 -0.006057
2.760000 -0.164287 -0.006057
2.765000 -0.155561 -0.006057
2.770000 -0.149799 -0.006057
2.775000 -0.152236 -0.006057
2.780000 -0.152327 -0.006057
2.785000 -0.163459 -0.006057
2.790000 -0.161498 -0.006057
2.795000 -0.178123 -0.006057
2.800000 -0.192587 -0.006057
2.805000 -0.216912 -0.006057
2.810000 -0.238363 -0.006057
2.815000 -0.266097 -0.006057
2.820000 -0.283924 -0.006057
2.825000 -0.314347 -0.006057
2.830000 -0.334795 -0.006057
2.835000 -0.360628 -0.006057
2.840000 -0.395671 -0.006057
2.845000 -0.412671 -0.006057
2.850000 -0.453589 -0.006057
2.855000 -0.484740 -0.006057
2.860000 -0.504590 -0.006057
2.865000 -0.538713 -0.006057
2.870000 -0.564279 -0.006057
2.875000 -0.590848 -0.006057
2.880000 -0.617884 -0.006057
2.885000 -0.643503 -0.006057
2.890000 -0.670524 -0.006057
2.895000 -0.688513 -0.006057
2.900000 -0.702809 -0.006057
2.905000 -0.718507 -0.006057
2.910000 -0.745367 -0.006057
2.915000 -0.761279 -0.006057
2.920000 -0.783366 -0.006057
2.925000 -0.792751 -0.006057
2.930000 -0.812395 -0.006057
2.935000 -0.818646 -0.006057
2.940000 -0.831923 -0.006057
2.945000 -0.857925 -0.006057
2.950000 -0.869034 -0.006057
2.955000 -0.874933 -0.006057
2.960000 -0.880610 -0.006057
2.965000 -0.888869 -0.006057
2.970000 -0.904705 -0.006057
2.975000 -0.909976 -0.006057
2.980000 -0.923275 -0.006057
2.985000 -0.923092 -0.006057
2.990000 -0.941456 -0.006057
2.995000 -0.944382 -0.006057
3.000000 -0.946313 -0.006057
3.005000 -0.955767 -0.006057
3.010000 -0.965144 -0.006057
3.015000 -0.967220 -0.006057
3.020000 -0.972008 -0.006057
3.025000 -0.971419 -0.006057
3.030000 -0.980505 -0.006057
3.035000 -0.974721 -0.006057
3.040000 -0.988626 -0.006057
3.045000 -0.990150 -0.006057
3.050000 -0.988082 -0.006057
3.055000 -0.993904 -0.006057
3.060000 -0.992456 -0.006057
3.065000 -0.999091 -0.006057
3.070000 -1.007871 -0.006057
3.075000 -1.003389 -0.006057
3.080000 -0.994961 -0.006057
3.085000 -1.012988 -0.006057
3.090000 -1.008116 -0.006057
3.095000 -1.005082 -0.006057
3.100000 -1.004469 -0.006057
3.105000 -1.014229 -0.006057
3.110000 -1.009970 -0.006057
3.115000 -1.011678 -0.006057
3.120000 -1.008836 -0.006057
3.125000 -1.008966 -0.006057
3.130000 -1.019631 -0.006057
3.135000 -1.012912 -0.006057
3.140000 -1.014612 -0.006057
3.145000 -1.016934 -0.006057
3.150000 -1.014421 -0.006057
3.155000 -1.020259 -0.006057
3.160000 -1.012276 -0.006057
3.165000 -1.018757 -0.006057
3.170000 -1.006990 -0.006057
3.175000 -1.017600 -0.006057
3.180000 -1.017830 -0.006057
3.185000 -1.015677 -0.006057
3.190000 -1.020236 -0.006057
3.195000 -1.031260 -0.006057
3.200000 -1.020060 -0.006057
3.205000 -1.029138 -0.006057
3.210000 -1.020818 -0.006057
3.215000 -1.022641 -0.006057
3.220000 -1.028456 -0.006057
3.225000 -1.024587 -0.006057
3.230000 -1.030257 -0.006057
3.235000 -1.025668 -0.006057
3.240000 -1.017233 -0.006057
3.245000 -1.021301 -0.006057
3.250000 -1.023070 -0.006057
3.255000 -1.024304 -0.006057
3.260000 -1.026288 -0.006057
3.265000 -1.022573 -0.006057
3.270000 -1.030073 -0.006057
3.275000 -1.021086 -0.006057
3.280000 -1.024112 -0.006057
3.285000 -1.020895 -0.006057
3.290000 -1.025959 -0.006057
3.295000 -1.023898 -0.006057
3.300000 -1.017754 -0.006057
3.305000 -1.027315 -0.006057
3.310000 -1.022933 -0.006057
3.315000 -1.026434 -0.006057
3.320000 -1.023132 -0.006057
3.325000 -1.029299 -0.006057
3.330000 -1.032907 -0.006057
3.335000 -1.032609 -0.006057
3.340000 -1.032946 -0.006057
3.345000 -1.030962 -0.006057
3.350000 -1.017930 -0.006057
3.355000 -1.028249 -0.006057
3.360000 -1.031728 -0.006057
3.365000 -1.028257 -0.006057
3.370000 -1.044384 -0.006057
3.375000 -1.030494 -0.006057
3.380000 -1.033038 -0.006057
3.385000 -1.035275 -0.006057
3.390000 -1.034907 -0.006057
3.395000 -1.028732 -0.006057
3.400000 -1.027506 -0.006057
3.405000 -1.028326 -0.006057
3.410000 -1.034976 -0.006057
3.415000 -1.030640 -0.006057
3.420000 -1.025507 -0.006057
3.425000 -1.026794 -0.006057
3.430000 -1.034693 -0.006057
3.435000 -1.022573 -0.006057
3.440000 -1.035666 -0.006057
3.445000 -1.029950 -0.006057
3.450000 -1.033995 -0.006057
3.455000 -1.037022 -0.006057
3.460000 -1.025032 -0.006057
3.465000 -1.032601 -0.006057
3.470000 -1.028043 -0.006057
3.475000 -1.031459 -0.006057
3.480000 -1.029544 -0.006057
3.485000 -1.034256 -0.006057
3.490000 -1.026495 -0.006057
3.495000 -1.031559 -0.006057
3.500000 -1.038784 -0.006057
3.505000 -1.037918 -0.006057
3.510000 -1.028426 -0.006057
3.515000 -1.035282 -0.006057
3.520000 -1.033030 -0.006057
3.525000 -1.029912 -0.006057
3.530000 -1.042530 -0.006057
3.535000 -1.036792 -0.006057
3.540000 -1.035788 -0.006057
3.545000 -1.031061 -0.006057
3.550000 -1.028625 -0.006057
3.555000 -1.025530 -0.006057
3.560000 -1.029674 -0.006057
3.565000 -1.028134 -0.006057
3.570000 -1.031306 -0.006057
3.575000 -1.025024 -0.006057
3.580000 -1.028112 -0.006057
3.585000 -1.026801 -0.006057
3.590000 -1.040117 -0.006057
3.595000 -1.032586 -0.006057
3.600000 -1.027131 -0.006057
3.605000 -1.031965 -0.006057
3.610000 -1.017501 -0.006057
3.615000 -1.028134 -0.006057
3.620000 -1.029353 -0.006057
3.625000 -1.025622 -0.006057
3.630000 -1.029598 -0.006057
3.635000 -1.029828 -0.006057
3.640000 -1.029598 -0.006057
3.645000 -1.021431 -0.006057
3.650000 -1.029062 -0.006057
3.655000 -1.027522 -0.006057
3.660000 -1.023116 -0.006057
3.665000 -1.037282 -0.006057
3.670000 -1.033773 -0.006057
3.675000 -1.033505 -0.006057
3.680000 -1.034738 -0.006057
3.685000 -1.032049 -0.006057
3.690000 -1.032532 -0.006057
3.695000 -1.026219 -0.006057
3.700000 -1.028701 -0.006057
3.705000 -1.025714 -0.006057
3.710000 -1.021699 -0.006057
3.715000 -1.042637 -0.006057
3.720000 -1.023124 -0.006057
3.725000 -1.033375 -0.006057
3.730000 -1.027131 -0.006057
3.735000 -1.036194 -0.006057
3.740000 -1.029215 -0.006057
3.745000 -1.029889 -0.006057
3.750000 -1.033291 -0.006057
3.755000 -1.023408 -0.006057
3.760000 -1.025131 -0.006057
3.765000 -1.030402 -0.006057
3.770000 -1.037811 -0.006057
3.775000 -1.033222 -0.006057
3.780000 -1.031689 -0.006057
3.785000 -1.033819 -0.006057
3.790000 -1.037979 -0.006057
3.795000 -1.031214 -0.006057
3.800000 -1.037443 -0.006057
3.805000 -1.036148 -0.006057
3.810000 -1.033612 -0.006057
3.815000 -1.028456 -0.006057
3.820000 -1.032815 -0.006057
3.825000 -1.033942 -0.006057
3.830000 -1.036317 -0.006057
3.835000 -1.033114 -0.006057
3.840000 -1.032563 -0.006057
3.845000 -1.026388 -0.006057
3.850000 -1.034179 -0.006057
3.855000 -1.033214 -0.006057
3.860000 -1.031712 -0.006057
3.865000 -1.029751 -0.006057
3.870000 -1.032938 -0.006057
3.875000 -1.033306 -0.006057
3.880000 -1.028962 -0.006057
3.885000 -1.028073 -0.006057
3.890000 -1.031191 -0.006057
3.895000 -1.029268 -0.006057
3.900000 -1.029284 -0.006057
3.905000 -1.036202 -0.006057
3.910000 -1.028801 -0.006057
3.915000 -1.032233 -0.006057
3.920000 -1.033758 -0.006057
3.925000 -1.026556 -0.006057
3.930000 -1.033957 -0.006057
3.935000 -1.033229 -0.006057
3.940000 -1.031360 -0.006057
3.945000 -1.030847 -0.006057
3.950000 -1.031513 -0.006057
3.955000 -1.038952 -0.006057
3.960000 -1.033880 -0.006057
3.965000 -1.031452 -0.006057
3.970000 -1.037880 -0.006057
3.975000 -1.038224 -0.006057
3.980000 -1.034424 -0.006057
3.985000 -1.033566 -0.006057
3.990000 -1.028257 -0.006057
3.995000 -1.037535 -0.006057
4.000000 -1.026127 -0.006057
4.005000 -1.034700 -0.006057
4.010000 -1.033697 -0.006057
4.015000 -1.033291 -0.006057
4.020000 -1.038860 -0.006057
4.025000 -1.036753 -0.006057
4.030000 -1.032226 -0.006057
4.035000 -1.040094 -0.006057
4.040000 -1.031475 -0.006057
4.045000 -1.029751 -0.006057
4.050000 -1.035167 -0.006057
4.055000 -1.037995 -0.006057
4.060000 -1.039090 -0.006057
4.065000 -1.033061 -0.006057
4.070000 -1.034938 -0.006057
4.075000 -1.036769 -0.006057
4.080000 -1.033314 -0.006057
4.085000 -1.029261 -0.006057
4.090000 -1.039465 -0.006057
4.095000 -1.041205 -0.006057
4.100000 -1.033643 -0.006057
4.105000 -1.031237 -0.006057
4.110000 -1.030640 -0.006057
4.115000 -1.031988 -0.006057
4.120000 -1.033298 -0.006057
4.125000 -1.034026 -0.006057
4.130000 -1.039979 -0.006057
4.135000 -1.040438 -0.006057
4.140000 -1.033926 -0.006057
4.145000 -1.037175 -0.006057
4.150000 -1.032601 -0.006057
4.155000 -1.042331 -0.006057
4.160000 -1.036340 -0.006057
4.165000 -1.036999 -0.006057
4.170000 -1.034608 -0.006057
4.175000 -1.036569 -0.006057
4.180000 -1.032034 -0.006057
4.185000 -1.034708 -0.006057
4.190000 -1.038523 -0.006057
4.195000 -1.039243 -0.006057
4.200000 -1.033735 -0.006057
4.205000 -1.031881 -0.006057
