0.000000 22.188976 -0.006057
0.005000 245.376389 -0.006057
0.010000 249.678406 -0.006057
0.015000 249.857285 -0.006057
0.020000 249.844589 -0.006057
0.025000 249.838699 -0.006057
0.030000 249.832642 -0.006057
0.035000 249.839569 -0.006057
0.040000 249.843765 -0.006057
0.045000 249.828842 -0.006057
0.050000 249.824799 -0.006057
0.055000 249.827606 -0.006057
0.060000 249.834656 -0.006057
0.065000 249.824677 -0.006057
0.070000 249.824371 -0.006057
0.075000 249.823990 -0.006057
0.080000 249.815659 -0.006057
0.085000 249.821609 -0.006057
0.090000 249.817261 -0.006057
0.095000 249.808578 -0.006057
0.100000 249.815720 -0.006057
0.105000 249.815506 -0.006057
0.110000 249.815353 -0.006057
0.115000 249.814224 -0.006057
0.120000 249.805542 -0.006057
0.125000 249.798431 -0.006057
0.130000 249.805389 -0.006057
0.135000 249.806015 -0.006057
0.140000 249.806503 -0.006057
0.145000 249.795410 -0.006057
0.150000 249.794754 -0.006057
0.155000 249.790192 -0.006057
0.160000 249.786728 -0.006057
0.165000 249.786148 -0.006057
0.170000 249.785507 -0.006057
0.175000 249.786728 -0.006057
0.180000 249.788971 -0.006057
0.185000 249.787933 -0.006057
0.190000 249.774841 -0.006057
0.195000 249.784927 -0.006057
0.200000 249.785019 -0.006057
0.205000 249.773712 -0.006057
0.210000 249.776398 -0.006057
0.215000 249.771255 -0.006057
0.220000 249.771713 -0.006057
0.225000 249.766205 -0.006057
0.230000 249.772476 -0.006057
0.235000 249.766449 -0.006057
0.240000 249.764420 -0.006057
0.245000 249.760315 -0.006057
0.250000 249.747787 -0.006057
0.255000 249.753326 -0.006057
0.260000 249.753784 -0.006057
0.265000 249.750290 -0.006057
0.270000 249.743958 -0.006057
0.275000 249.747665 -0.006057
0.280000 249.751434 -0.006057
0.285000 249.748337 -0.006057
0.290000 249.752228 -0.006057
0.295000 249.751160 -0.006057
0.300000 249.738678 -0.006057
0.305000 249.736115 -0.006057
0.310000 249.735336 -0.006057
0.315000 249.736237 -0.006057
0.320000 249.727829 -0.006057
0.325000 249.728470 -0.006057
0.330000 249.729828 -0.006057
0.335000 249.724457 -0.006057
0.340000 249.725327 -0.006057
0.345000 249.721466 -0.006057
0.350000 249.723206 -0.006057
0.355000 249.711044 -0.006057
0.360000 249.714935 -0.006057
0.365000 249.713730 -0.006057
0.370000 249.714020 -0.006057
0.375000 249.707367 -0.006057
0.380000 249.712418 -0.006057
0.385000 249.709900 -0.006057
0.390000 249.705795 -0.006057
0.395000 249.704880 -0.006057
0.400000 249.703079 -0.006057
0.405000 249.699020 -0.006057
0.410000 249.696365 -0.006057
0.415000 249.704147 -0.006057
0.420000 249.702179 -0.006057
0.425000 249.692749 -0.006057
0.430000 249.697403 -0.006057
0.435000 249.698471 -0.006057
0.440000 249.695129 -0.006057
0.445000 249.690079 -0.006057
0.450000 249.682480 -0.006057
0.455000 249.684723 -0.006057
0.460000 249.681076 -0.006057
0.465000 249.682083 -0.006057
0.470000 249.675613 -0.006057
0.475000 249.676224 -0.006057
0.480000 249.677307 -0.006057
0.485000 249.680817 -0.006057
0.490000 249.673874 -0.006057
0.495000 249.662186 -0.006057
0.500000 249.671234 -0.006057
0.505000 249.674149 -0.006057
0.510000 249.666794 -0.006057
0.515000 249.663879 -0.006057
0.520000 249.657349 -0.006057
0.525000 249.661026 -0.006057
0.530000 249.652054 -0.006057
0.535000 249.659592 -0.006057
0.540000 249.653152 -0.006057
0.545000 249.653122 -0.006057
0.550000 249.640594 -0.006057
0.555000 249.646317 -0.006057
0.560000 249.642853 -0.006057
0.565000 249.641663 -0.006057
0.570000 249.644424 -0.006057
0.575000 249.646927 -0.006057
0.580000 249.643829 -0.006057
0.585000 249.643219 -0.006057
0.590000 249.641205 -0.006057
0.595000 249.636948 -0.006057
0.600000 249.631516 -0.006057
0.605000 249.622940 -0.006057
0.610000 249.618744 -0.006057
0.615000 249.620148 -0.006057
0.620000 249.625198 -0.006057
0.625000 249.619659 -0.006057
0.630000 249.616043 -0.006057
0.635000 249.617020 -0.006057
0.640000 249.613739 -0.006057
0.645000 249.611816 0.113954
0.650000 249.602310 2.994223
0.655000 249.604034 2.874212
0.660000 249.604370 -0.006057
0.665000 249.615585 -0.006057
0.670000 249.686859 -0.006057
0.675000 249.909561 -0.006057
0.680000 250.379990 -0.006057
0.685000 251.060059 -0.006057
0.690000 251.879898 -0.006057
0.695000 252.819687 -0.006057
0.700000 253.788956 -0.006057
0.705000 254.782852 -0.006057
0.710000 255.860977 -0.006057
0.715000 257.066437 -0.006057
0.720000 258.057343 -0.006057
0.725000 259.034149 -0.006057
0.730000 260.052124 -0.006057
0.735000 260.974396 -0.006057
0.740000 261.859863 -0.006057
0.745000 262.695129 -0.006057
0.750000 263.504578 -0.006057
0.755000 264.275085 -0.006057
0.760000 264.979675 -0.006057
0.765000 265.633148 -0.006057
0.770000 266.240540 -0.006057
0.775000 266.775635 -0.006057
0.780000 267.268219 -0.006057
0.785000 267.716003 -0.006057
0.790000 268.124359 -0.006057
0.795000 268.504456 -0.006057
0.800000 268.825012 -0.006057
0.805000 269.109467 -0.006057
0.810000 269.343079 -0.006057
0.815000 269.526001 -0.006057
0.820000 269.679810 -0.006057
0.825000 269.778809 -0.006057
0.830000 269.838928 -0.006057
0.835000 269.872742 -0.006057
0.840000 269.882233 -0.006057
0.845000 269.879761 -0.006057
0.850000 269.842834 -0.006057
0.855000 269.807648 -0.006057
0.860000 269.755768 -0.006057
0.865000 269.705109 -0.006057
0.870000 269.654938 -0.006057
0.875000 269.603241 -0.006057
0.880000 269.555450 -0.006057
0.885000 269.505157 -0.006057
0.890000 269.462982 -0.006057
0.895000 269.419495 -0.006057
0.900000 269.389038 -0.006057
0.905000 269.354645 -0.006057
0.910000 269.329987 -0.006057
0.915000 269.305695 -0.006057
0.920000 269.288361 -0.006057
0.925000 269.284668 -0.006057
0.930000 269.270294 -0.006057
0.935000 269.273010 -0.006057
0.940000 269.267059 -0.006057
0.945000 269.266357 -0.006057
0.950000 269.277405 -0.006057
0.955000 269.297913 -0.006057
0.960000 269.319458 -0.006057
0.965000 269.332916 -0.006057
0.970000 269.354156 -0.006057
0.975000 269.374115 -0.006057
0.980000 269.414337 -0.006057
0.985000 269.447845 -0.006057
0.990000 269.475220 -0.006057
0.995000 269.515015 -0.006057
1.000000 269.552704 -0.006057
1.005000 269.587280 -0.006057
1.010000 269.635986 -0.006057
1.015000 269.674255 -0.006057
1.020000 269.710510 -0.006057
1.025000 269.750336 -0.006057
1.030000 269.790405 -0.006057
1.035000 269.832855 -0.006057
1.040000 269.875732 -0.006057
1.045000 269.923096 -0.006057
1.050000 269.964935 -0.006057
1.055000 270.012695 -0.006057
1.060000 270.051605 -0.006057
1.065000 270.091736 -0.006057
1.070000 270.134369 -0.006057
1.075000 270.181580 -0.006057
1.080000 270.220886 -0.006057
1.085000 270.248901 -0.006057
1.090000 270.293549 -0.006057
1.095000 270.333160 -0.006057
1.100000 270.370178 -0.006057
1.105000 270.409821 -0.006057
1.110000 270.450287 -0.006057
1.115000 270.490082 -0.006057
1.120000 270.532623 -0.006057
1.125000 270.572357 -0.006057
1.130000 270.600800 -0.006057
1.135000 270.631897 -0.006057
1.140000 270.672546 -0.006057
1.145000 270.696899 -0.006057
1.150000 270.725067 -0.006057
1.155000 270.753784 -0.006057
1.160000 270.803192 -0.006057
1.165000 270.831146 -0.006057
1.170000 270.863831 -0.006057
1.175000 270.898926 -0.006057
1.180000 270.918915 -0.006057
1.185000 270.951263 -0.006057
1.190000 270.978363 -0.006057
1.195000 271.004120 -0.006057
1.200000 271.031708 -0.006057
1.205000 271.056976 -0.006057
1.210000 271.086182 -0.006057
1.215000 271.115234 -0.006057
1.220000 271.129089 -0.006057
1.225000 271.158813 -0.006057
1.230000 271.191315 -0.006057
1.235000 271.215485 -0.006057
1.240000 271.233307 -0.006057
1.245000 271.262207 -0.006057
1.250000 271.285522 -0.006057
1.255000 271.309875 -0.006057
1.260000 271.329651 -0.006057
1.265000 271.347382 -0.006057
1.270000 271.365082 -0.006057
1.275000 271.391174 -0.006057
1.280000 271.412384 -0.006057
1.285000 271.430542 -0.006057
1.290000 271.448853 -0.006057
1.295000 271.472900 -0.006057
1.300000 271.500793 -0.006057
1.305000 271.509979 -0.006057
1.310000 271.534760 -0.006057
1.315000 271.554688 -0.006057
1.320000 271.580902 -0.006057
1.325000 271.597229 -0.006057
1.330000 271.603546 -0.006057
1.335000 271.625519 -0.006057
1.340000 271.641266 -0.006057
1.345000 271.665466 -0.006057
1.350000 271.680695 -0.006057
1.355000 271.700378 -0.006057
1.360000 271.716797 -0.006057
1.365000 271.738434 -0.006057
1.370000 271.759277 -0.006057
1.375000 271.769470 -0.006057
1.380000 271.785919 -0.006057
1.385000 271.812012 -0.006057
1.390000 271.827393 -0.006057
1.395000 271.836365 -0.006057
1.400000 271.847260 -0.006057
1.405000 271.858551 -0.006057
1.410000 271.883759 -0.006057
1.415000 271.896698 -0.006057
1.420000 271.917633 -0.006057
1.425000 271.924896 -0.006057
1.430000 271.928223 -0.006057
1.435000 271.957672 -0.006057
1.440000 271.972839 -0.006057
1.445000 271.979858 -0.006057
1.450000 271.998688 -0.006057
1.455000 272.010010 -0.006057
1.460000 272.018951 -0.006057
1.465000 272.018890 -0.006057
1.470000 272.035431 -0.006057
1.475000 272.051056 -0.006057
1.480000 272.065765 -0.006057
1.485000 272.073425 -0.006057
1.490000 272.075867 -0.006057
1.495000 272.095032 -0.006057
1.500000 272.094696 -0.006057
1.505000 272.099792 -0.006057
1.510000 272.115143 -0.006057
1.515000 272.124573 -0.006057
1.520000 272.143188 -0.006057
1.525000 272.154846 -0.006057
1.530000 272.167450 -0.006057
1.535000 272.180939 -0.006057
1.540000 272.181335 -0.006057
1.545000 272.189087 -0.006057
1.550000 272.196808 -0.006057
1.555000 272.208496 -0.006057
1.560000 272.217102 -0.006057
1.565000 272.225372 -0.006057
1.570000 272.231262 -0.006057
1.575000 272.236938 -0.006057
1.580000 272.240479 -0.006057
1.585000 272.255798 -0.006057
1.590000 272.262787 -0.006057
1.595000 272.263885 -0.006057
1.600000 272.269928 -0.006057
1.605000 272.288055 -0.006057
1.610000 272.279205 -0.006057
1.615000 272.287933 -0.006057
1.620000 272.306793 -0.006057
1.625000 272.312653 -0.006057
1.630000 272.309540 -0.006057
1.635000 272.321320 -0.006057
1.640000 272.330902 -0.006057
1.645000 272.339447 -0.006057
1.650000 272.334991 -0.006057
1.655000 272.342499 -0.006057
1.660000 272.356079 -0.006057
1.665000 272.359497 -0.006057
1.670000 272.356384 -0.006057
1.675000 272.365540 -0.006057
1.680000 272.375519 -0.006057
1.685000 272.373444 -0.006057
1.690000 272.373413 -0.006057
1.695000 272.380951 -0.006057
1.700000 272.388123 -0.006057
1.705000 272.384857 -0.006057
1.710000 272.392090 -0.006057
1.715000 272.396027 -0.006057
1.720000 272.397797 -0.006057
1.725000 272.405151 -0.006057
1.730000 272.402252 -0.006057
1.735000 272.414124 -0.006057
1.740000 272.407257 -0.006057
1.745000 272.410095 -0.006057
1.750000 272.414764 -0.006057
1.755000 272.422974 -0.006057
1.760000 272.419067 -0.006057
1.765000 272.426910 -0.006057
1.770000 272.426300 -0.006057
1.775000 272.429474 -0.006057
1.780000 272.431580 -0.006057
1.785000 272.429382 -0.006057
1.790000 272.432007 -0.006057
1.795000 272.432892 -0.006057
1.800000 272.431122 -0.006057
1.805000 272.436981 -0.006057
1.810000 272.443634 -0.006057
1.815000 272.443848 -0.006057
1.820000 272.441681 -0.006057
1.825000 272.441711 -0.006057
1.830000 272.436188 -0.006057
1.835000 272.440094 -0.006057
1.840000 272.436310 -0.006057
1.845000 272.434082 -0.006057
1.850000 272.442322 -0.006057
1.855000 272.442413 -0.006057
1.860000 272.442139 -0.006057
1.865000 272.440552 -0.006057
1.870000 272.439941 -0.006057
1.875000 272.442535 -0.006057
1.880000 272.439362 -0.006057
1.885000 272.442383 -0.006057
1.890000 272.441071 -0.006057
1.895000 272.440308 -0.006057
1.900000 272.436554 -0.006057
1.905000 272.432251 -0.006057
1.910000 272.436493 -0.006057
1.915000 272.436035 -0.006057
1.920000 272.435791 -0.006057
1.925000 272.435577 -0.006057
1.930000 272.425018 -0.006057
1.935000 272.420624 -0.006057
1.940000 272.422943 -0.006057
1.945000 272.423492 -0.006057
1.950000 272.420746 -0.006057
1.955000 272.419800 -0.006057
1.960000 272.418976 -0.006057
1.965000 272.412811 -0.006057
