0.000000 -62.133579 -0.006057
0.005000 0.948719 -0.006057
0.010000 2.159643 -0.006057
0.015000 2.212337 -0.006057
0.020000 2.211479 -0.006057
0.025000 2.212896 -0.006057
0.030000 2.215830 -0.006057
0.035000 2.216895 -0.006057
0.040000 2.215126 -0.006057
0.045000 2.216811 -0.006057
0.050000 2.201826 -0.006057
0.055000 2.211893 -0.006057
0.060000 2.212352 -0.006057
0.065000 2.208667 -0.006057
0.070000 2.212881 -0.006057
0.075000 2.210705 -0.006057
0.080000 2.216298 -0.006057
0.085000 2.210651 -0.006057
0.090000 2.213976 -0.006057
0.095000 2.215685 -0.006057
0.100000 2.212582 -0.006057
0.105000 2.218029 -0.006057
0.110000 2.208399 -0.006057
0.115000 2.211395 -0.006057
0.120000 2.212329 -0.006057
0.125000 2.216658 -0.006057
0.130000 2.206422 -0.006057
0.135000 2.209395 -0.006057
0.140000 2.207219 -0.006057
0.145000 2.209196 -0.006057
0.150000 2.199029 -0.006057
0.155000 2.213524 -0.006057
0.160000 2.211801 -0.006057
0.165000 2.205495 -0.006057
0.170000 2.208514 -0.006057
0.175000 2.207985 -0.006057
0.180000 2.211257 -0.006057
0.185000 2.209296 -0.006057
0.190000 2.207778 -0.006057
0.195000 2.207533 -0.006057
0.200000 2.213455 -0.006057
0.205000 2.205411 -0.006057
0.210000 2.213463 -0.006057
0.215000 2.207035 -0.006057
0.220000 2.215761 -0.006057
0.225000 2.205388 -0.006057
0.230000 2.209694 -0.006057
0.235000 2.207740 -0.006057
0.240000 2.208162 -0.006057
0.245000 2.208391 -0.006057
0.250000 2.214735 -0.006057
0.255000 2.217478 -0.006057
0.260000 2.208062 -0.006057
0.265000 2.210108 -0.006057
0.270000 2.203779 -0.006057
0.275000 2.211134 -0.006057
0.280000 2.214398 -0.006057
0.285000 2.208843 -0.006057
0.290000 2.207786 -0.006057
0.295000 2.209548 -0.006057
0.300000 2.207426 -0.006057
0.305000 2.206545 -0.006057
0.310000 2.208782 -0.006057
0.315000 2.206744 -0.006057
0.320000 2.209127 -0.006057
0.325000 2.200270 -0.006057
0.330000 2.203350 -0.006057
0.335000 2.212299 -0.006057
0.340000 2.200784 -0.006057
0.345000 2.205235 -0.006057
0.350000 2.204706 -0.006057
0.355000 2.210705 -0.006057
0.360000 2.207748 -0.006057
0.365000 2.203894 -0.006057
0.370000 2.205810 -0.006057
0.375000 2.206346 -0.006057
0.380000 2.206315 -0.006057
0.385000 2.198845 -0.006057
0.390000 2.207480 -0.006057
0.395000 2.207702 -0.006057
0.400000 2.210483 -0.006057
0.405000 2.209502 -0.006057
0.410000 2.203120 -0.006057
0.415000 2.213501 -0.006057
0.420000 2.204722 -0.006057
0.425000 2.206897 -0.006057
0.430000 2.202431 -0.006057
0.435000 2.212291 -0.006057
0.440000 2.203297 -0.006057
0.445000 2.207533 -0.006057
0.450000 2.204331 -0.006057
0.455000 2.202937 -0.006057
0.460000 2.204829 -0.006057
0.465000 2.199642 -0.006057
0.470000 2.207074 -0.006057
0.475000 2.202209 -0.006057
0.480000 2.204775 -0.006057
0.485000 2.199826 -0.006057
0.490000 2.203304 -0.006057
0.495000 2.202431 -0.006057
0.500000 2.202776 -0.006057
0.505000 2.205825 -0.006057
0.510000 2.208514 -0.006057
0.515000 2.200186 -0.006057
0.520000 2.206139 -0.006057
0.525000 2.197068 -0.006057
0.530000 2.201818 -0.006057
0.535000 2.204293 -0.006057
0.540000 2.204699 -0.006057
0.545000 2.201941 -0.006057
0.550000 2.202576 -0.006057
0.555000 2.203205 -0.006057
0.560000 2.201642 -0.006057
0.565000 2.207449 -0.006057
0.570000 2.205189 -0.006057
0.575000 2.203312 -0.006057
0.580000 2.207066 -0.006057
0.585000 2.205105 -0.006057
0.590000 2.200738 -0.006057
0.595000 2.205993 -0.006057
0.600000 2.209717 -0.006057
0.605000 2.197719 -0.006057
0.610000 2.204025 -0.006057
0.615000 2.205534 -0.006057
0.620000 2.209073 -0.006057
0.625000 2.198531 -0.006057
0.630000 2.201236 -0.006057
0.635000 2.203212 -0.006057
0.640000 2.204185 -0.006057
0.645000 2.200891 0.097944
0.650000 2.199106 2.593967
0.655000 2.197474 2.489966
0.660000 2.208376 -0.006057
0.665000 2.207947 -0.006057
0.670000 2.219148 -0.006057
0.675000 2.609402 -0.006057
0.680000 4.299673 -0.006057
0.685000 7.484639 -0.006057
0.690000 11.234405 -0.006057
0.695000 15.199175 -0.006057
0.700000 19.245047 -0.006057
0.705000 23.329248 -0.006057
0.710000 27.290716 -0.006057
0.715000 31.099504 -0.006057
0.720000 34.725082 -0.006057
0.725000 38.163696 -0.006057
0.730000 41.285412 -0.006057
0.735000 44.240829 -0.006057
0.740000 46.897327 -0.006057
0.745000 49.285065 -0.006057
0.750000 51.433853 -0.006057
0.755000 53.296753 -0.006057
0.760000 54.914249 -0.006057
0.765000 56.199818 -0.006057
0.770000 57.194489 -0.006057
0.775000 57.864723 -0.006057
0.780000 58.266827 -0.006057
0.785000 58.384979 -0.006057
0.790000 58.266922 -0.006057
0.795000 57.931774 -0.006057
0.800000 57.413170 -0.006057
0.805000 56.755745 -0.006057
0.810000 56.052769 -0.006057
0.815000 55.370659 -0.006057
0.820000 54.734932 -0.006057
0.825000 54.147285 -0.006057
0.830000 53.592140 -0.006057
0.835000 53.076832 -0.006057
0.840000 52.603981 -0.006057
0.845000 52.158833 -0.006057
0.850000 51.726665 -0.006057
0.855000 51.301083 -0.006057
0.860000 50.902012 -0.006057
0.865000 50.522827 -0.006057
0.870000 50.161587 -0.006057
0.875000 49.835693 -0.006057
0.880000 49.532982 -0.006057
0.885000 49.282017 -0.006057
0.890000 49.044456 -0.006057
0.895000 48.822727 -0.006057
0.900000 48.616917 -0.006057
0.905000 48.413448 -0.006057
0.910000 48.235355 -0.006057
0.915000 48.077152 -0.006057
0.920000 47.930012 -0.006057
0.925000 47.791927 -0.006057
0.930000 47.660046 -0.006057
0.935000 47.533344 -0.006057
0.940000 47.417126 -0.006057
0.945000 47.305744 -0.006057
0.950000 47.198704 -0.006057
0.955000 47.103519 -0.006057
0.960000 47.012688 -0.006057
0.965000 46.926914 -0.006057
0.970000 46.856815 -0.006057
0.975000 46.783188 -0.006057
0.980000 46.723476 -0.006057
0.985000 46.656780 -0.006057
0.990000 46.603088 -0.006057
0.995000 46.542995 -0.006057
1.000000 46.486164 -0.006057
1.005000 46.435936 -0.006057
1.010000 46.391197 -0.006057
1.015000 46.342625 -0.006057
1.020000 46.298187 -0.006057
1.025000 46.267544 -0.006057
1.030000 46.222664 -0.006057
1.035000 46.188663 -0.006057
1.040000 46.156258 -0.006057
1.045000 46.129257 -0.006057
1.050000 46.106228 -0.006057
1.055000 46.084763 -0.006057
1.060000 46.056126 -0.006057
1.065000 46.024975 -0.006057
1.070000 46.005470 -0.006057
1.075000 45.979435 -0.006057
1.080000 45.964741 -0.006057
1.085000 45.951183 -0.006057
1.090000 45.928352 -0.006057
1.095000 45.918819 -0.006057
1.100000 45.910500 -0.006057
1.105000 45.889923 -0.006057
1.110000 45.876286 -0.006057
1.115000 45.866665 -0.006057
1.120000 45.854038 -0.006057
1.125000 45.853409 -0.006057
1.130000 45.836079 -0.006057
1.135000 45.825768 -0.006057
1.140000 45.819744 -0.006057
1.145000 45.814812 -0.006057
1.150000 45.806614 -0.006057
1.155000 45.801514 -0.006057
1.160000 45.800884 -0.006057
1.165000 45.795937 -0.006057
1.170000 45.791416 -0.006057
1.175000 45.784870 -0.006057
1.180000 45.783478 -0.006057
1.185000 45.780933 -0.006057
1.190000 45.771923 -0.006057
1.195000 45.761688 -0.006057
1.200000 45.766117 -0.006057
1.205000 45.753658 -0.006057
1.210000 45.753185 -0.006057
1.215000 45.758869 -0.006057
1.220000 45.749889 -0.006057
1.225000 45.751331 -0.006057
1.230000 45.755882 -0.006057
1.235000 45.751560 -0.006057
1.240000 45.756050 -0.006057
1.245000 45.743885 -0.006057
1.250000 45.742443 -0.006057
1.255000 45.732578 -0.006057
1.260000 45.732315 -0.006057
1.265000 45.729603 -0.006057
1.270000 45.724655 -0.006057
1.275000 45.729927 -0.006057
1.280000 45.725143 -0.006057
1.285000 45.721359 -0.006057
1.290000 45.711246 -0.006057
1.295000 45.718510 -0.006057
1.300000 45.713009 -0.006057
1.305000 45.704308 -0.006057
1.310000 45.708458 -0.006057
1.315000 45.703419 -0.006057
1.320000 45.704506 -0.006057
1.325000 45.695267 -0.006057
1.330000 45.692448 -0.006057
1.335000 45.694103 -0.006057
1.340000 45.689537 -0.006057
1.345000 45.682076 -0.006057
1.350000 45.681248 -0.006057
1.355000 45.678825 -0.006057
1.360000 45.673447 -0.006057
1.365000 45.667042 -0.006057
1.370000 45.659580 -0.006057
1.375000 45.658062 -0.006057
1.380000 45.648487 -0.006057
1.385000 45.645714 -0.006057
1.390000 45.641209 -0.006057
1.395000 45.626911 -0.006057
1.400000 45.626945 -0.006057
1.405000 45.614120 -0.006057
1.410000 45.612217 -0.006057
1.415000 45.605846 -0.006057
1.420000 45.601402 -0.006057
1.425000 45.586246 -0.006057
1.430000 45.586662 -0.006057
1.435000 45.578217 -0.006057
1.440000 45.573883 -0.006057
1.445000 45.568794 -0.006057
1.450000 45.559357 -0.006057
1.455000 45.547100 -0.006057
1.460000 45.537704 -0.006057
1.465000 45.527763 -0.006057
1.470000 45.521095 -0.006057
1.475000 45.508854 -0.006057
1.480000 45.495461 -0.006057
1.485000 45.490208 -0.006057
1.490000 45.478561 -0.006057
1.495000 45.465260 -0.006057
1.500000 45.459530 -0.006057
1.505000 45.444912 -0.006057
1.510000 45.435108 -0.006057
1.515000 45.418774 -0.006057
1.520000 45.407280 -0.006057
1.525000 45.394688 -0.006057
1.530000 45.387054 -0.006057
1.535000 45.375103 -0.006057
1.540000 45.365238 -0.006057
1.545000 45.352303 -0.006057
1.550000 45.333534 -0.006057
1.555000 45.317509 -0.006057
1.560000 45.305878 -0.006057
1.565000 45.283554 -0.006057
1.570000 45.272934 -0.006057
1.575000 45.254547 -0.006057
1.580000 45.250458 -0.006057
1.585000 45.225788 -0.006057
1.590000 45.204521 -0.006057
1.595000 45.185169 -0.006057
1.600000 45.175240 -0.006057
1.605000 45.159855 -0.006057
1.610000 45.135891 -0.006057
1.615000 45.104649 -0.006057
1.620000 45.097263 -0.006057
1.625000 45.081757 -0.006057
1.630000 45.052765 -0.006057
1.635000 45.035515 -0.006057
1.640000 45.015579 -0.006057
1.645000 45.003288 -0.006057
1.650000 44.976429 -0.006057
1.655000 44.950951 -0.006057
1.660000 44.936867 -0.006057
1.665000 44.904060 -0.006057
1.670000 44.872974 -0.006057
1.675000 44.850849 -0.006057
1.680000 44.828079 -0.006057
1.685000 44.810749 -0.006057
1.690000 44.782986 -0.006057
1.695000 44.762928 -0.006057
1.700000 44.735287 -0.006057
1.705000 44.707783 -0.006057
1.710000 44.682026 -0.006057
1.715000 44.646873 -0.006057
1.720000 44.609947 -0.006057
1.725000 44.568993 -0.006057
1.730000 44.545715 -0.006057
1.735000 44.506844 -0.006057
1.740000 44.469471 -0.006057
1.745000 44.438259 -0.006057
1.750000 44.402973 -0.006057
1.755000 44.359947 -0.006057
1.760000 44.325916 -0.006057
1.765000 44.293110 -0.006057
1.770000 44.259617 -0.006057
1.775000 44.228313 -0.006057
1.780000 44.189301 -0.006057
1.785000 44.149540 -0.006057
1.790000 44.107555 -0.006057
1.795000 44.082138 -0.006057
1.800000 44.041870 -0.006057
1.805000 44.015224 -0.006057
1.810000 43.985634 -0.006057
1.815000 43.957809 -0.006057
1.820000 43.925739 -0.006057
1.825000 43.891052 -0.006057
1.830000 43.843338 -0.006057
1.835000 43.812538 -0.006057
1.840000 43.776424 -0.006057
1.845000 43.742699 -0.006057
1.850000 43.712868 -0.006057
1.855000 43.679081 -0.006057
1.860000 43.638306 -0.006057
1.865000 43.601227 -0.006057
1.870000 43.566185 -0.006057
