0.000000 -62.816296 -0.006057
0.005000 -1.023499 -0.006057
0.010000 0.171872 -0.006057
0.015000 0.208830 -0.006057
0.020000 0.211749 -0.006057
0.025000 0.209925 -0.006057
0.030000 0.213097 -0.006057
0.035000 0.205375 -0.006057
0.040000 0.210906 -0.006057
0.045000 0.214936 -0.006057
0.050000 0.225585 -0.006057
0.055000 0.220735 -0.006057
0.060000 0.209098 -0.006057
0.065000 0.216637 -0.006057
0.070000 0.212208 -0.006057
0.075000 0.223003 -0.006057
0.080000 0.212952 -0.006057
0.085000 0.215847 -0.006057
0.090000 0.207029 -0.006057
0.095000 0.210937 -0.006057
0.100000 0.212063 -0.006057
0.105000 0.217403 -0.006057
0.110000 0.212860 -0.006057
0.115000 0.212270 -0.006057
0.120000 0.213572 -0.006057
0.125000 0.215893 -0.006057
0.130000 0.223601 -0.006057
0.135000 0.211113 -0.006057
0.140000 0.212936 -0.006057
0.145000 0.214576 -0.006057
0.150000 0.216169 -0.006057
0.155000 0.211749 -0.006057
0.160000 0.220306 -0.006057
0.165000 0.219134 -0.006057
0.170000 0.217533 -0.006057
0.175000 0.213419 -0.006057
0.180000 0.213932 -0.006057
0.185000 0.222038 -0.006057
0.190000 0.216920 -0.006057
0.195000 0.222505 -0.006057
0.200000 0.208631 -0.006057
0.205000 0.225508 -0.006057
0.210000 0.217089 -0.006057
0.215000 0.221387 -0.006057
0.220000 0.213963 -0.006057
0.225000 0.222658 -0.006057
0.230000 0.216192 -0.006057
0.235000 0.216146 -0.006057
0.240000 0.215181 -0.006057
0.245000 0.215411 -0.006057
0.250000 0.211044 -0.006057
0.255000 0.210385 -0.006057
0.260000 0.224482 -0.006057
0.265000 0.214660 -0.006057
0.270000 0.216529 -0.006057
0.275000 0.202111 -0.006057
0.280000 0.216568 -0.006057
0.285000 0.216713 -0.006057
0.290000 0.227646 -0.006057
0.295000 0.215549 -0.006057
0.300000 0.213480 -0.006057
0.305000 0.211879 -0.006057
0.310000 0.215472 -0.006057
0.315000 0.211810 -0.006057
0.320000 0.213925 -0.006057
0.325000 0.214852 -0.006057
0.330000 0.215978 -0.006057
0.335000 0.217541 -0.006057
0.340000 0.217464 -0.006057
0.345000 0.219563 -0.006057
0.350000 0.215135 -0.006057
0.355000 0.217288 -0.006057
0.360000 0.212599 -0.006057
0.365000 0.216008 -0.006057
0.370000 0.215587 -0.006057
0.375000 0.216652 -0.006057
0.380000 0.205467 -0.006057
0.385000 0.224964 -0.006057
0.390000 0.222038 -0.006057
0.395000 0.210883 -0.006057
0.400000 0.216729 -0.006057
0.405000 0.216560 -0.006057
0.410000 0.230473 -0.006057
0.415000 0.222367 -0.006057
0.420000 0.222444 -0.006057
0.425000 0.220659 -0.006057
0.430000 0.226205 -0.006057
0.435000 0.221402 -0.006057
0.440000 0.221042 -0.006057
0.445000 0.215304 -0.006057
0.450000 0.221739 -0.006057
0.455000 0.210699 -0.006057
0.460000 0.220107 -0.006057
0.465000 0.218368 -0.006057
0.470000 0.225347 -0.006057
0.475000 0.218299 -0.006057
0.480000 0.218184 -0.006057
0.485000 0.228749 -0.006057
0.490000 0.219280 -0.006057
0.495000 0.217816 -0.006057
0.500000 0.212798 -0.006057
0.505000 0.222007 -0.006057
0.510000 0.224995 -0.006057
0.515000 0.214875 -0.006057
0.520000 0.222988 -0.006057
0.525000 0.218782 -0.006057
0.530000 0.219425 -0.006057
0.535000 0.214591 -0.006057
0.540000 0.220153 -0.006057
0.545000 0.219594 -0.006057
0.550000 0.212484 -0.006057
0.555000 0.210921 -0.006057
0.560000 0.210385 -0.006057
0.565000 0.220306 -0.006057
0.570000 0.219517 -0.006057
0.575000 0.215587 -0.006057
0.580000 0.215273 -0.006057
0.585000 0.218092 -0.006057
0.590000 0.219563 -0.006057
0.595000 0.213802 -0.006057
0.600000 0.213557 -0.006057
0.605000 0.217533 -0.006057
0.610000 0.225539 -0.006057
0.615000 0.217847 -0.006057
0.620000 0.219839 -0.006057
0.625000 0.218230 -0.006057
0.630000 0.218996 -0.006057
0.635000 0.219441 -0.006057
0.640000 0.214744 -0.006057
0.645000 0.226205 0.113954
0.650000 0.214668 2.994223
0.655000 0.214974 2.874212
0.660000 0.221210 -0.006057
0.665000 0.229944 -0.006057
0.670000 0.304426 -0.006057
0.675000 0.545142 -0.006057
0.680000 0.920725 -0.006057
0.685000 1.368837 -0.006057
0.690000 1.814521 -0.006057
0.695000 2.257844 0.113954
0.700000 2.689569 2.994223
0.705000 3.088933 2.874212
0.710000 3.469665 -0.006057
0.715000 3.826363 -0.006057
0.720000 4.225650 -0.006057
0.725000 4.735726 -0.006057
0.730000 5.286836 -0.006057
0.735000 5.846763 -0.006057
0.740000 6.379585 -0.006057
0.745000 6.928557 0.113954
0.750000 7.419120 2.994223
0.755000 7.864735 2.874212
0.760000 8.249757 -0.006057
0.765000 8.610018 -0.006057
0.770000 9.000425 -0.006057
0.775000 9.481473 -0.006057
0.780000 9.960406 -0.006057
0.785000 10.458592 -0.006057
0.790000 10.953851 -0.006057
0.795000 11.402185 0.113954
0.800000 11.826264 2.994223
0.805000 12.193949 2.874212
0.810000 12.537202 -0.006057
0.815000 12.803705 -0.006057
0.820000 13.125154 -0.006057
0.825000 13.486618 -0.006057
0.830000 13.845285 -0.006057
0.835000 14.188577 -0.006057
0.840000 14.515863 -0.006057
0.845000 14.832739 0.113954
0.850000 15.126080 2.994223
0.855000 15.372832 2.874212
0.860000 15.580106 -0.006057
0.865000 15.760550 -0.006057
0.870000 15.965481 -0.006057
0.875000 16.242104 -0.006057
0.880000 16.512384 -0.006057
0.885000 16.786234 -0.006057
0.890000 17.046509 -0.006057
0.895000 17.282749 0.113954
0.900000 17.487350 2.994223
0.905000 17.674866 2.874212
0.910000 17.818184 -0.006057
0.915000 17.925203 -0.006057
0.920000 18.070827 -0.006057
0.925000 18.299225 -0.006057
0.930000 18.542046 -0.006057
0.935000 18.786539 -0.006057
0.940000 19.037565 -0.006057
0.945000 19.266697 0.113954
0.950000 19.464893 2.994223
0.955000 19.619703 2.874212
0.960000 19.749353 -0.006057
0.965000 19.842354 -0.006057
0.970000 19.960459 -0.006057
0.975000 20.140474 -0.006057
0.980000 20.320688 -0.006057
0.985000 20.484303 -0.006057
0.990000 20.634363 -0.006057
0.995000 20.767561 0.113954
1.000000 20.865126 2.994223
1.005000 20.940205 2.874212
1.010000 20.978619 -0.006057
1.015000 21.005655 -0.006057
1.020000 21.055828 -0.006057
1.025000 21.173973 -0.006057
1.030000 21.297876 -0.006057
1.035000 21.422472 -0.006057
1.040000 21.519638 -0.006057
1.045000 21.612631 0.113954
1.050000 21.683834 2.994223
1.055000 21.719267 2.874212 20Hz
1.060000 21.745169 -0.006057
1.065000 21.747850 -0.006057
1.070000 21.773922 -0.006057
1.075000 21.843609 -0.006057
1.080000 21.931850 -0.006057
1.085000 22.011749 -0.006057
1.090000 22.085487 -0.006057
1.095000 22.137262 0.113954
1.100000 22.170498 2.994223
1.105000 22.179361 2.874212
1.110000 22.163158 -0.006057
1.115000 22.138382 -0.006057
1.120000 22.122944 -0.006057
1.125000 22.174902 -0.006057
1.130000 22.241701 -0.006057
1.135000 22.298792 -0.006057
1.140000 22.341143 -0.006057
1.145000 22.371796 0.113954
1.150000 22.398487 2.994223
1.155000 22.397230 2.874212
1.160000 22.363384 -0.006057
1.165000 22.323959 -0.006057
1.170000 22.310192 -0.006057
1.175000 22.338608 -0.006057
1.180000 22.374907 -0.006057
1.185000 22.404839 -0.006057
1.190000 22.426451 -0.006057
1.195000 22.434250 0.113954
1.200000 22.411144 2.994223
1.205000 22.388865 2.874212
1.210000 22.354412 -0.006057
1.215000 22.310980 -0.006057
1.220000 22.277050 -0.006057
1.225000 22.299160 -0.006057
1.230000 22.331774 -0.006057
1.235000 22.353914 -0.006057
1.240000 22.356764 -0.006057
1.245000 22.357048 0.113954
1.250000 22.335030 2.994223
1.255000 22.306108 2.874212
1.260000 22.264202 -0.006057
1.265000 22.220026 -0.006057
1.270000 22.183559 -0.006057
1.275000 22.212803 -0.006057
1.280000 22.234667 -0.006057
1.285000 22.272974 -0.006057
1.290000 22.283033 -0.006057
1.295000 22.279715 0.113954
1.300000 22.269327 2.994223
1.305000 22.246197 2.874212
1.310000 22.218357 -0.006057
1.315000 22.172873 -0.006057
1.320000 22.148279 -0.006057
1.325000 22.160820 -0.006057
1.330000 22.175852 -0.006057
1.335000 22.193672 -0.006057
1.340000 22.190777 -0.006057
1.345000 22.187435 0.113954
1.350000 22.163656 2.994223
1.355000 22.132421 2.874212
1.360000 22.091356 -0.006057
1.365000 22.045572 -0.006057
1.370000 22.021225 -0.006057
1.375000 22.030756 -0.006057
1.380000 22.037415 -0.006057
1.385000 22.043329 -0.006057
1.390000 22.045773 -0.006057
1.395000 22.033270 -0.006057
1.400000 22.010746 -0.006057
1.405000 21.983418 -0.006057
1.410000 21.940975 -0.006057
1.415000 21.901159 -0.006057
1.420000 21.847017 -0.006057
1.425000 21.799671 -0.006057
1.430000 21.744165 -0.006057
1.435000 21.672457 -0.006057
1.440000 21.598917 -0.006057
1.445000 21.525621 -0.006057
1.450000 21.454947 -0.006057
1.455000 21.360891 -0.006057
1.460000 21.251465 -0.006057
1.465000 21.150482 -0.006057
1.470000 21.018158 -0.006057
1.475000 20.865364 -0.006057
1.480000 20.664785 -0.006057
1.485000 20.434229 -0.006057
1.490000 20.185921 -0.006057
1.495000 19.931952 -0.006057
1.500000 19.662668 -0.006057
1.505000 19.383860 -0.006057
1.510000 19.111465 -0.006057
1.515000 18.826622 -0.006057
1.520000 18.528685 -0.006057
1.525000 18.200043 -0.006057
1.530000 17.872097 -0.006057
1.535000 17.515406 -0.006057
1.540000 17.130875 -0.006057
1.545000 16.720493 -0.006057
1.550000 16.284010 -0.006057
1.555000 15.822408 -0.006057
1.560000 15.342340 -0.006057
1.565000 14.873796 -0.006057
1.570000 14.406156 -0.006057
1.575000 13.934569 -0.006057
1.580000 13.477271 -0.006057
1.585000 13.030370 -0.006057
1.590000 12.593014 -0.006057
1.595000 12.158010 -0.006057
1.600000 11.744680 -0.006057
1.605000 11.330645 -0.006057
1.610000 10.937211 -0.006057
1.615000 10.542099 -0.006057
1.620000 10.168247 -0.006057
1.625000 9.801429 -0.006057
1.630000 9.444270 -0.006057
1.635000 9.086867 -0.006057
1.640000 8.755044 -0.006057
1.645000 8.424448 -0.006057
1.650000 8.117892 -0.006057
1.655000 7.808969 -0.006057
1.660000 7.509783 -0.006057
1.665000 7.234025 -0.006057
1.670000 6.958045 -0.006057
1.675000 6.693894 -0.006057
1.680000 6.440553 -0.006057
1.685000 6.209951 -0.006057
1.690000 5.966117 -0.006057
1.695000 5.751872 -0.006057
1.700000 5.530976 -0.006057
1.705000 5.329999 -0.006057
1.710000 5.126701 -0.006057
1.715000 4.940197 -0.006057
1.720000 4.740583 -0.006057
1.725000 4.571477 -0.006057
1.730000 4.400770 -0.006057
1.735000 4.238644 -0.006057
1.740000 4.082516 -0.006057
1.745000 3.942523 -0.006057
1.750000 3.811868 -0.006057
1.755000 3.675705 -0.006057
1.760000 3.549020 -0.006057
1.765000 3.416756 -0.006057
1.770000 3.315368 -0.006057
1.775000 3.205828 -0.006057
1.780000 3.098709 -0.006057
1.785000 3.002507 -0.006057
1.790000 2.905991 -0.006057
1.795000 2.808379 -0.006057
1.800000 2.729377 -0.006057
1.805000 2.646054 -0.006057
1.810000 2.558915 -0.006057
1.815000 2.491243 -0.006057
1.820000 2.415351 -0.006057
1.825000 2.351465 -0.006057
1.830000 2.280185 -0.006057
1.835000 2.214635 -0.006057
1.840000 2.150158 -0.006057
1.845000 2.095787 -0.006057
1.850000 2.042633 -0.006057
1.855000 1.989311 -0.006057
1.860000 1.933369 -0.006057
1.865000 1.879986 -0.006057
1.870000 1.837006 -0.006057
1.875000 1.788097 -0.006057
1.880000 1.735013 -0.006057
1.885000 1.698522 -0.006057
1.890000 1.658048 -0.006057
1.895000 1.614065 -0.006057
1.900000 1.575384 -0.006057
1.905000 1.536970 -0.006057
1.910000 1.514454 -0.006057
1.915000 1.477979 -0.006057
1.920000 1.441833 -0.006057
1.925000 1.411395 -0.006057
1.930000 1.386512 -0.006057
1.935000 1.353691 -0.006057
1.940000 1.339250 -0.006057
1.945000 1.305418 -0.006057
1.950000 1.277630 -0.006057
1.955000 1.246480 -0.006057
1.960000 1.230368 -0.006057
1.965000 1.205607 -0.006057
1.970000 1.186247 -0.006057
1.975000 1.170711 -0.006057
1.980000 1.147758 -0.006057
1.985000 1.132336 -0.006057
1.990000 1.117258 -0.006057
1.995000 1.098848 -0.006057
2.000000 1.078309 -0.006057
2.005000 1.060596 -0.006057
2.010000 1.054260 -0.006057
2.015000 1.027936 -0.006057
2.020000 1.016766 -0.006057
2.025000 0.999919 -0.006057
2.030000 0.991936 -0.006057
2.035000 0.977732 -0.006057
2.040000 0.958978 -0.006057
2.045000 0.946130 -0.006057
2.050000 0.940254 -0.006057
2.055000 0.925460 -0.006057
2.060000 0.919852 -0.006057
2.065000 0.906314 -0.006057
2.070000 0.893490 -0.006057
2.075000 0.888770 -0.006057
2.080000 0.865158 -0.006057
2.085000 0.867932 -0.006057
2.090000 0.861450 -0.006057
2.095000 0.851690 -0.006057
2.100000 0.840014 -0.006057
2.105000 0.833671 -0.006057
2.110000 0.835211 -0.006057
2.115000 0.830246 -0.006057
2.120000 0.812250 -0.006057
2.125000 0.811507 -0.006057
2.130000 0.802436 -0.006057
2.135000 0.806366 -0.006057
2.140000 0.789136 -0.006057
2.145000 0.779177 -0.006057
2.150000 0.787818 -0.006057
2.155000 0.779169 -0.006057
2.160000 0.775760 -0.006057
2.165000 0.759595 -0.006057
2.170000 0.757840 -0.006057
2.175000 0.743812 -0.006057
2.180000 0.748287 -0.006057
2.185000 0.740526 -0.006057
2.190000 0.743046 -0.006057
2.195000 0.733638 -0.006057
2.200000 0.735561 -0.006057
2.205000 0.719940 -0.006057
2.210000 0.725801 -0.006057
2.215000 0.723993 -0.006057
2.220000 0.708778 -0.006057
2.225000 0.718293 -0.006057
2.230000 0.707644 -0.006057
2.235000 0.710915 -0.006057
2.240000 0.701484 -0.006057
2.245000 0.707062 -0.006057
2.250000 0.698749 -0.006057
2.255000 0.690644 -0.006057
2.260000 0.688552 -0.006057
2.265000 0.689724 -0.006057
2.270000 0.683794 -0.006057
2.275000 0.676394 -0.006057
2.280000 0.673973 -0.006057
2.285000 0.685150 -0.006057
2.290000 0.672103 -0.006057
2.295000 0.665484 -0.006057
2.300000 0.667262 -0.006057
2.305000 0.658650 -0.006057
2.310000 0.664864 -0.006057
2.315000 0.660320 -0.006057
2.320000 0.659845 -0.006057
2.325000 0.649265 -0.006057
2.330000 0.654689 -0.006057
2.335000 0.650353 -0.006057
2.340000 0.646737 -0.006057
2.345000 0.646186 -0.006057
2.350000 0.640516 -0.006057
2.355000 0.635115 -0.006057
2.360000 0.638149 -0.006057
2.365000 0.640738 -0.006057
2.370000 0.628664 -0.006057
2.375000 0.635935 -0.006057
2.380000 0.631193 -0.006057
2.385000 0.620413 -0.006057
2.390000 0.618666 -0.006057
2.395000 0.616659 -0.006057
2.400000 0.617655 -0.006057
2.405000 0.614384 -0.006057
2.410000 0.609611 -0.006057
2.415000 0.611534 -0.006057
2.420000 0.614667 -0.006057
2.425000 0.606148 -0.006057
2.430000 0.604240 -0.006057
2.435000 0.603467 -0.006057
2.440000 0.605788 -0.006057
2.445000 0.594924 -0.006057
2.450000 0.599667 -0.006057
2.455000 0.593691 -0.006057
2.460000 0.588803 -0.006057
2.465000 0.587991 -0.006057
2.470000 0.596158 -0.006057
2.475000 0.592220 -0.006057
2.480000 0.591324 -0.006057
2.485000 0.583371 -0.006057
2.490000 0.569987 -0.006057
2.495000 0.576936 -0.006057
2.500000 0.580506 -0.006057
2.505000 0.581226 -0.006057
2.510000 0.579709 -0.006057
2.515000 0.589600 -0.006057
