0.000000 -62.719898 -0.006057
0.005000 -0.751442 -0.006057
0.010000 0.439578 -0.006057
0.015000 0.499121 -0.006057
0.020000 0.495566 -0.006057
0.025000 0.501779 -0.006057
0.030000 0.492678 -0.006057
0.035000 0.502645 -0.006057
0.040000 0.497244 -0.006057
0.045000 0.492808 -0.006057
0.050000 0.491490 -0.006057
0.055000 0.500661 -0.006057
0.060000 0.493758 -0.006057
0.065000 0.493076 -0.006057
0.070000 0.489506 -0.006057
0.075000 0.498761 -0.006057
0.080000 0.500937 -0.006057
0.085000 0.491483 -0.006057
0.090000 0.494448 -0.006057
0.095000 0.498554 -0.006057
0.100000 0.501029 -0.006057
0.105000 0.497252 -0.006057
0.110000 0.495321 -0.006057
0.115000 0.499879 -0.006057
0.120000 0.503603 -0.006057
0.125000 0.493168 -0.006057
0.130000 0.491559 -0.006057
0.135000 0.494026 -0.006057
0.140000 0.496348 -0.006057
0.145000 0.496110 -0.006057
0.150000 0.485231 -0.006057
0.155000 0.485752 -0.006057
0.160000 0.486955 -0.006057
0.165000 0.488525 -0.006057
0.170000 0.488066 -0.006057
0.175000 0.493720 -0.006057
0.180000 0.496608 -0.006057
0.185000 0.495520 -0.006057
0.190000 0.492555 -0.006057
0.195000 0.490885 -0.006057
0.200000 0.492632 -0.006057
0.205000 0.496110 -0.006057
0.210000 0.485423 -0.006057
0.215000 0.487407 -0.006057
0.220000 0.491590 -0.006057
0.225000 0.487039 -0.006057
0.230000 0.487361 -0.006057
0.235000 0.486940 -0.006057
0.240000 0.493375 -0.006057
0.245000 0.484365 -0.006057
0.250000 0.486863 -0.006057
0.255000 0.480657 -0.006057
0.260000 0.486135 -0.006057
0.265000 0.494631 -0.006057
0.270000 0.489123 -0.006057
0.275000 0.485882 -0.006057
0.280000 0.484021 -0.006057
0.285000 0.477371 -0.006057
0.290000 0.484227 -0.006057
0.295000 0.489835 -0.006057
0.300000 0.491345 -0.006057
0.305000 0.491529 -0.006057
0.310000 0.486143 -0.006057
0.315000 0.486863 -0.006057
0.320000 0.480527 -0.006057
0.325000 0.487008 -0.006057
0.330000 0.484595 -0.006057
0.335000 0.484565 -0.006057
0.340000 0.491843 -0.006057
0.345000 0.489667 -0.006057
0.350000 0.479945 -0.006057
0.355000 0.489690 -0.006057
0.360000 0.485599 -0.006057
0.365000 0.482327 -0.006057
0.370000 0.491031 -0.006057
0.375000 0.487591 -0.006057
0.380000 0.493865 -0.006057
0.385000 0.486457 -0.006057
0.390000 0.478934 -0.006057
0.395000 0.486074 -0.006057
0.400000 0.482910 -0.006057
0.405000 0.490931 -0.006057
0.410000 0.487162 -0.006057
0.415000 0.488119 -0.006057
0.420000 0.488387 -0.006057
0.425000 0.487736 -0.006057
0.430000 0.486242 -0.006057
0.435000 0.477171 -0.006057
0.440000 0.475126 -0.006057
0.445000 0.483783 -0.006057
0.450000 0.476114 -0.006057
0.455000 0.494524 -0.006057
0.460000 0.490609 -0.006057
0.465000 0.490571 -0.006057
0.470000 0.481845 -0.006057
0.475000 0.488487 -0.006057
0.480000 0.494141 -0.006057
0.485000 0.489920 -0.006057
0.490000 0.490134 -0.006057
0.495000 0.474835 -0.006057
0.500000 0.483576 -0.006057
0.505000 0.488479 -0.006057
0.510000 0.490096 -0.006057
0.515000 0.493781 -0.006057
0.520000 0.489085 -0.006057
0.525000 0.491942 -0.006057
0.530000 0.496256 -0.006057
0.535000 0.484656 -0.006057
0.540000 0.487123 -0.006057
0.545000 0.482802 -0.006057
0.550000 0.478681 -0.006057
0.555000 0.477087 -0.006057
0.560000 0.485392 -0.006057
0.565000 0.495045 -0.006057
0.570000 0.484128 -0.006057
0.575000 0.489429 -0.006057
0.580000 0.485629 -0.006057
0.585000 0.484220 -0.006057
0.590000 0.483768 -0.006057
0.595000 0.488502 -0.006057
0.600000 0.478688 -0.006057
0.605000 0.485055 -0.006057
0.610000 0.478880 -0.006057
0.615000 0.484013 -0.006057
0.620000 0.481293 -0.006057
0.625000 0.480673 -0.006057
0.630000 0.481853 -0.006057
0.635000 0.476359 -0.006057
0.640000 0.492532 -0.006057
0.645000 0.487499 0.009953
0.650000 0.493858 0.394198
0.655000 0.488709 0.378188
0.660000 0.491521 -0.006057
0.665000 0.493720 -0.006057
0.670000 0.551194 -0.006057
0.675000 1.356970 -0.006057
0.680000 3.910752 -0.006057
0.685000 7.889940 -0.006057
0.690000 12.067661 -0.006057
0.695000 16.331013 -0.006057
0.700000 20.512281 -0.006057
0.705000 24.605621 -0.006057
0.710000 28.352278 -0.006057
0.715000 31.764673 -0.006057
0.720000 34.885429 -0.006057
0.725000 37.669868 -0.006057
0.730000 40.043926 -0.006057
0.735000 42.086098 -0.006057
0.740000 43.645706 -0.006057
0.745000 44.590137 -0.006057
0.750000 44.633438 -0.006057
0.755000 43.720802 -0.006057
0.760000 42.064800 -0.006057
0.765000 39.839447 -0.006057
0.770000 37.397388 -0.006057
0.775000 34.994404 -0.006057
0.780000 32.670238 -0.006057
0.785000 30.487602 -0.006057
0.790000 28.518579 -0.006057
0.795000 26.812611 -0.006057
0.800000 25.364105 -0.006057
0.805000 24.156628 -0.006057
0.810000 23.130079 -0.006057
0.815000 22.272804 -0.006057
0.820000 21.563774 -0.006057
0.825000 20.980297 -0.006057
0.830000 20.494131 -0.006057
0.835000 20.107086 -0.006057
0.840000 19.783171 -0.006057
0.845000 19.507168 -0.006057
0.850000 19.265326 -0.006057
0.855000 19.041941 -0.006057
0.860000 18.860653 -0.006057
0.865000 18.687647 -0.006057
0.870000 18.545570 -0.006057
0.875000 18.437517 -0.006057
0.880000 18.338902 -0.006057
0.885000 18.247734 -0.006057
0.890000 18.168600 -0.006057
0.895000 18.099627 -0.006057
0.900000 18.043806 -0.006057
0.905000 17.993580 -0.006057
0.910000 17.945007 -0.006057
0.915000 17.914869 -0.006057
0.920000 17.887442 -0.006057
0.925000 17.849220 -0.006057
0.930000 17.818306 -0.006057
0.935000 17.794703 -0.006057
0.940000 17.770086 -0.006057
0.945000 17.748964 -0.006057
0.950000 17.730516 -0.006057
0.955000 17.707977 -0.006057
0.960000 17.700285 -0.006057
0.965000 17.686518 -0.006057
0.970000 17.674698 -0.006057
0.975000 17.662340 -0.006057
0.980000 17.660915 -0.006057
0.985000 17.656141 -0.006057
0.990000 17.639532 -0.006057
0.995000 17.639479 -0.006057
1.000000 17.645132 -0.006057
1.005000 17.638184 -0.006057
1.010000 17.629259 -0.006057
1.015000 17.634184 -0.006057
1.020000 17.633265 -0.006057
1.025000 17.630140 -0.006057
1.030000 17.625275 -0.006057
1.035000 17.628576 -0.006057
1.040000 17.628561 -0.006057
1.045000 17.631105 -0.006057
1.050000 17.629059 -0.006057
1.055000 17.626661 -0.006057
1.060000 17.641056 -0.006057
1.065000 17.638130 -0.006057
1.070000 17.646734 -0.006057
1.075000 17.644672 -0.006057
1.080000 17.658104 -0.006057
1.085000 17.650932 -0.006057
1.090000 17.655346 -0.006057
1.095000 17.656685 -0.006057
1.100000 17.670284 -0.006057
1.105000 17.667450 -0.006057
1.110000 17.663979 -0.006057
1.115000 17.673288 -0.006057
1.120000 17.678106 -0.006057
1.125000 17.682243 -0.006057
1.130000 17.682350 -0.006057
1.135000 17.687338 -0.006057
1.140000 17.701097 -0.006057
1.145000 17.699650 -0.006057
1.150000 17.698088 -0.006057
1.155000 17.707350 -0.006057
1.160000 17.718641 -0.006057
1.165000 17.713593 -0.006057
1.170000 17.730930 -0.006057
1.175000 17.728518 -0.006057
1.180000 17.737925 -0.006057
1.185000 17.734255 -0.006057
1.190000 17.734455 -0.006057
1.195000 17.745111 -0.006057
1.200000 17.759684 -0.006057
1.205000 17.750130 -0.006057
1.210000 17.757362 -0.006057
1.215000 17.766457 -0.006057
1.220000 17.775625 -0.006057
1.225000 17.770256 -0.006057
1.230000 17.771910 -0.006057
1.235000 17.787516 -0.006057
1.240000 17.785593 -0.006057
1.245000 17.793959 -0.006057
1.250000 17.787310 -0.006057
1.255000 17.800097 -0.006057
1.260000 17.796740 -0.006057
1.265000 17.805635 -0.006057
1.270000 17.809404 -0.006057
1.275000 17.814898 -0.006057
1.280000 17.820299 -0.006057
1.285000 17.818268 -0.006057
1.290000 17.813747 -0.006057
1.295000 17.820421 -0.006057
1.300000 17.829821 -0.006057
1.305000 17.839153 -0.006057
1.310000 17.830488 -0.006057
1.315000 17.831293 -0.006057
1.320000 17.841444 -0.006057
1.325000 17.829622 -0.006057
1.330000 17.840862 -0.006057
1.335000 17.839605 -0.006057
1.340000 17.843704 -0.006057
1.345000 17.840195 -0.006057
1.350000 17.843121 -0.006057
1.355000 17.843987 -0.006057
1.360000 17.846569 -0.006057
1.365000 17.854645 -0.006057
1.370000 17.853886 -0.006057
1.375000 17.851732 -0.006057
1.380000 17.854023 -0.006057
1.385000 17.847773 -0.006057
1.390000 17.847572 -0.006057
1.395000 17.848652 -0.006057
1.400000 17.849426 -0.006057
1.405000 17.854399 -0.006057
1.410000 17.854269 -0.006057
1.415000 17.850056 -0.006057
1.420000 17.852230 -0.006057
1.425000 17.852943 -0.006057
1.430000 17.852169 -0.006057
1.435000 17.846638 -0.006057
1.440000 17.850033 -0.006057
1.445000 17.846209 -0.006057
1.450000 17.840555 -0.006057
1.455000 17.847679 -0.006057
1.460000 17.843344 -0.006057
1.465000 17.849297 -0.006057
1.470000 17.846308 -0.006057
1.475000 17.840317 -0.006057
1.480000 17.841099 -0.006057
1.485000 17.832510 -0.006057
1.490000 17.845167 -0.006057
1.495000 17.842302 -0.006057
1.500000 17.831974 -0.006057
1.505000 17.836487 -0.006057
1.510000 17.824406 -0.006057
1.515000 17.823761 -0.006057
1.520000 17.826090 -0.006057
1.525000 17.821625 -0.006057
1.530000 17.822474 -0.006057
1.535000 17.812845 -0.006057
1.540000 17.815840 -0.006057
1.545000 17.812239 -0.006057
1.550000 17.799086 -0.006057
1.555000 17.801544 -0.006057
1.560000 17.796656 -0.006057
1.565000 17.793837 -0.006057
1.570000 17.789938 -0.006057
1.575000 17.784889 -0.006057
1.580000 17.780752 -0.006057
1.585000 17.782927 -0.006057
1.590000 17.773497 -0.006057
1.595000 17.770845 -0.006057
1.600000 17.762526 -0.006057
1.605000 17.762787 -0.006057
1.610000 17.755638 -0.006057
1.615000 17.752037 -0.006057
1.620000 17.749081 -0.006057
1.625000 17.732378 -0.006057
1.630000 17.734478 -0.006057
1.635000 17.729881 -0.006057
1.640000 17.728670 -0.006057
1.645000 17.716597 -0.006057
1.650000 17.711264 -0.006057
1.655000 17.712214 -0.006057
1.660000 17.694563 -0.006057
1.665000 17.696470 -0.006057
1.670000 17.686419 -0.006057
1.675000 17.680481 -0.006057
1.680000 17.680153 -0.006057
1.685000 17.669672 -0.006057
1.690000 17.662064 -0.006057
1.695000 17.658762 -0.006057
1.700000 17.651897 -0.006057
1.705000 17.648029 -0.006057
1.710000 17.637104 -0.006057
1.715000 17.630730 -0.006057
1.720000 17.624538 -0.006057
1.725000 17.622280 -0.006057
1.730000 17.616894 -0.006057
1.735000 17.600729 -0.006057
1.740000 17.602268 -0.006057
1.745000 17.593159 -0.006057
1.750000 17.589520 -0.006057
1.755000 17.578096 -0.006057
1.760000 17.568972 -0.006057
1.765000 17.563948 -0.006057
1.770000 17.554722 -0.006057
1.775000 17.548286 -0.006057
1.780000 17.543882 -0.006057
1.785000 17.532129 -0.006057
1.790000 17.530560 -0.006057
1.795000 17.513445 -0.006057
1.800000 17.509024 -0.006057
1.805000 17.506771 -0.006057
1.810000 17.486185 -0.006057
1.815000 17.483604 -0.006057
1.820000 17.479389 -0.006057
1.825000 17.478868 -0.006057
1.830000 17.456390 -0.006057
1.835000 17.449089 -0.006057
1.840000 17.444225 -0.006057
1.845000 17.433117 -0.006057
1.850000 17.423019 -0.006057
1.855000 17.415480 -0.006057
1.860000 17.404633 -0.006057
1.865000 17.403107 -0.006057
1.870000 17.383770 -0.006057
1.875000 17.372095 -0.006057
1.880000 17.363867 -0.006057
1.885000 17.349348 -0.006057
1.890000 17.348230 -0.006057
1.895000 17.330770 -0.006057
1.900000 17.321722 -0.006057
1.905000 17.318045 -0.006057
1.910000 17.304079 -0.006057
1.915000 17.291292 -0.006057
1.920000 17.279585 -0.006057
1.925000 17.264608 -0.006057
1.930000 17.257170 -0.006057
1.935000 17.242788 -0.006057
1.940000 17.232101 -0.006057
1.945000 17.219000 -0.006057
1.950000 17.200752 -0.006057
1.955000 17.187414 -0.006057
1.960000 17.179140 -0.006057
1.965000 17.169050 -0.006057
