% Model:                Glucose transport.mph
% Version:              COMSOL 4.1.0.88
% Date:                 May 6 2016, 18:52
% Dimension:            1
% Nodes:                1927
% Expressions:          1
% Description:          Line graph
% x                       Height
0                         5.352065558793515
0.05718577280640602       5.35240047803812
0.12461677193641663       5.351292919999288
0.2000601589679718        5.351781616411473
0.2780119776725769        5.352021033332425
0.3559637665748596        5.350352499303125
0.43391555547714233       5.351353004322767
0.511867344379425         5.351629546153737
0.5898191332817078        5.349903117601652
0.6677709221839905        5.350941409647359
0.7457227110862732        5.3507957870417915
0.8236744999885559        5.350669870657352
0.9016262888908386        5.3509112378413946
0.9795780777931213        5.349219375086695
1.0575299263000488        5.350293677501494
1.1354817152023315        5.3502457115331685
1.2134335041046143        5.350351693223277
1.291385293006897         5.348645846113456
1.3693370819091797        5.350203993861242
1.4472888708114624        5.349865076277474
1.5252406597137451        5.350068743422061
1.6031924486160278        5.348447479100036
1.6811442375183105        5.349434609859074
1.7590960264205933        5.349750790623245
1.837047815322876         5.348091441047526
1.9149996042251587        5.3491766033729
1.9929513931274414        5.349102194827375
2.0709033012390137        5.349005127695437
2.148855209350586         5.349324558874455
2.226807117462158         5.347735356286037
2.3047590255737305        5.348744337583031
2.3827109336853027        5.349075456137869
2.460662841796875         5.347439065896544
2.5386147499084473        5.348554891965352
2.6165666580200195        5.348467517374884
2.694518566131592         5.348394705222432
2.772470474243164         5.348707874504791
2.8504223823547363        5.347082744550394
2.9283742904663086        5.348208994395561
3.006326198577881         5.348184603760854
3.084278106689453         5.348353145031427
3.1622300148010254        5.3467079810725915
3.2401819229125977        5.348310577498839
3.31813383102417          5.348000746145074
3.396085739135742         5.34824153933231
3.4740376472473145        5.346659953323851
3.5519895553588867        5.347687736615264
3.629941463470459         5.348020366691413
3.7078933715820312        5.346406378574248
3.7858452796936035        5.347457316860775
3.863797187805176         5.347525435904731
3.941749095916748         5.347396042187172
4.01970100402832          5.3477336958047035
4.097652912139893         5.346171623662697
4.175604820251465         5.347218349513911
4.253556728363037         5.347577473360814
4.331508636474609         5.3459055888554445
4.409460544586182         5.346990183492069
4.487412452697754         5.347107634056633
4.565364360809326         5.346970660002371
4.643316268920898         5.347315700320696
4.721268177032471         5.345752641033812
4.799220085144043         5.346805743942511
4.877171993255615         5.3471707836184725
4.9551239013671875        5.345503421213218
5.03307580947876          5.3465824502114785
5.111027717590332         5.346701772494874
5.188979625701904         5.34656393007808
5.266931533813477         5.346901417372209
5.344883441925049         5.345327922069658
5.422835350036621         5.346316428874887
5.500787258148193         5.346419998841373
5.578739166259766         5.346635216085767
5.656691074371338         5.344889186384863
5.73464298248291          5.346606162781892
5.812594890594482         5.346317673446872
5.890546798706055         5.346563955085975
5.968498706817627         5.344979413159053
6.046450614929199         5.3459594226421565
6.1244025230407715        5.34606316860619
6.202354431152344         5.346283001712691
6.280306339263916         5.344540989748181
6.358258247375488         5.346252957905063
6.4362101554870605        5.345956359201829
6.514162063598633         5.3462050563045
6.592113971710205         5.34461684268535
6.670065879821777         5.345590071271563
6.74801778793335          5.345595125385555
6.825969696044922         5.3456059847352755
6.903921604156494         5.345829283834028
6.981873512268066         5.344464014473894
7.059825420379639         5.345471056704255
7.137777328491211         5.345497642501606
7.215729236602783         5.345761220327726
7.2936811447143555        5.344020271631801
7.371633052825928         5.345674758790572
7.4495849609375           5.345383534056849
7.527536869049072         5.345544781092398
7.6054887771606445        5.344195222361369
7.683440685272217         5.345267464472983
7.761392593383789         5.345546025099743
7.839344501495361         5.34392127295885
7.917296409606934         5.345046859058724
7.995248317718506         5.3450000718672515
8.073200225830078         5.344985089139843
8.151151657104492         5.345222736021635
8.229103088378906         5.3438961656107296
8.30705451965332          5.3449785707105795
8.385005950927734         5.345261111087683
8.462957382202148         5.34361923664968
8.540908813476562         5.344761541549159
8.618860244750977         5.344712062418905
8.69681167602539          5.344694986828945
8.774763107299805         5.344928718555611
8.852714538574219         5.343606315622017
8.930665969848633         5.344689471183636
9.008617401123047         5.344954847612016
9.086568832397461         5.3434201841295685
9.164520263671875         5.344469959256976
9.242471694946289         5.344428062576599
9.320423126220703         5.344433487879756
9.398374557495117         5.344662090393629
9.476325988769531         5.3433335490920255
9.554277420043945         5.344416076783844
9.63222885131836          5.344680598866289
9.710180282592773         5.34313765793833
9.788131713867188         5.344177529925927
9.866083145141602         5.344140070634854
9.944034576416016         5.344144558734563
10.02198600769043         5.344368844695188
10.099937438964844        5.343009303371362
10.177888870239258        5.34408300534631
10.255840301513672        5.344103749100294
10.333791732788086        5.344315128539646
10.4117431640625          5.34256228606143
10.489694595336914        5.34430136462489
10.567646026611328        5.344046706440232
10.645597457885742        5.3442639024983025
10.723548889160156        5.342686454754211
10.80150032043457         5.3438405432257055
10.879451751708984        5.3441682748095065
10.957403182983398        5.34259793843722
11.035354614257812        5.343733048096633
11.113306045532227        5.343681097525773
11.19125747680664         5.343669791790007
11.269208908081055        5.34398892751231
11.347160339355469        5.342425415678065
11.425111770629883        5.343582010757112
11.503063201904297        5.34392648206134
11.581014633178711        5.342387963614223
11.658966064453125        5.343428491731638
11.736917495727539        5.343388826544858
11.814868927001953        5.343404826181507
11.892820358276367        5.343733035260308
11.970771789550781        5.3421713948646445
12.048723220825195        5.343327252482224
12.12667465209961         5.343662020997136
12.204626083374023        5.34212643031811
12.282577514648438        5.343172682224536
12.360528945922852        5.343138132922455
12.438480377197266        5.343149273973658
12.51643180847168         5.3434805896875055
12.594383239746094        5.341921472135693
12.672334671020508        5.343073962873849
12.750286102294922        5.3433959520757375
12.828237533569336        5.341829310302646
12.90618896484375         5.342984496711468
12.984140396118164        5.3429657086052575
13.062091827392578        5.342917587689264
13.140043258666992        5.343232751476171
13.217994689941406        5.341619752256007
13.29594612121582         5.342861405842923
13.373897552490234        5.342880993779737
13.451848983764648        5.3430991728461965
13.529800415039062        5.341354487098402
13.607751846313477        5.343093700546216
13.68570327758789         5.342834007177481
13.763654708862305        5.343057526484355
13.841606140136719        5.341490617620627
13.919557571411133        5.342648400671345
13.997509002685547        5.342980311974097
14.075460433959961        5.341400811786902
14.153411865234375        5.342547924982252
14.231363296508789        5.342545929582204
14.309314727783203        5.342514904091585
14.387266159057617        5.342834855508846
14.465217590332031        5.341277831074681
14.543169021606445        5.34245017179681
14.62112045288086         5.342817396684918
14.699071884155273        5.341181373449845
14.777023315429688        5.342315456672118
14.854974746704102        5.342282839641556
14.932926177978516        5.342292155591408
15.01087760925293         5.342626625265785
15.088829040527344        5.341063938514927
15.166780471801758        5.34223120614194
15.244731903076172        5.342602991974506
15.322683334350586        5.340969070476296
15.400634765625           5.34210472360062
15.478586196899414        5.342068365178662
15.556537628173828        5.342080336577704
15.634489059448242        5.342419039940837
15.712440490722656        5.340857665196806
15.79039192199707         5.342016791460842
15.868343353271484        5.342392841296278
15.946294784545898        5.340810506813225
16.024246215820312        5.341921912751338
16.102197647094727        5.341872909255424
16.18014907836914         5.341891714144413
16.258100509643555        5.34223233016009
16.33605194091797         5.340605705094707
16.414003372192383        5.341829511709213
16.491954803466797        5.341869534774695
16.56990623474121         5.342094164751732
16.647857666015625        5.340358495016457
16.72580909729004         5.3420910309248155
16.803760528564453        5.341821024135045
16.881711959838867        5.342066761759773
16.95966339111328         5.34049763716855
17.037614822387695        5.34165223929539
17.11556625366211         5.342015057650761
17.193517684936523        5.340430685180921
17.271469116210938        5.341548649300305
17.34942054748535         5.341503713962138
17.427371978759766        5.341511112960071
17.50532341003418         5.341850436849927
17.583274841308594        5.340296263923276
17.661226272583008        5.341459554674507
17.739177703857422        5.3418381932877965
17.817129135131836        5.340182035448317
17.89508056640625         5.341362055772615
17.973031997680664        5.341322568484774
18.050983428955078        5.3413163211193915
18.128934860229492        5.341653806375828
18.206886291503906        5.340130630069407
18.28483772277832         5.34126465566569
18.362789154052734        5.341630574389163
18.44074058532715         5.340047112390036
18.518692016601562        5.341060229335983
18.596643447875977        5.341126943617391
18.67459487915039         5.341147641736561
18.752546310424805        5.341499480913032
18.83049774169922         5.339931802967269
18.908449172973633        5.341063309632316
18.986400604248047        5.341420874720943
19.06435203552246         5.3399224109817505
19.142303466796875        5.340848516057439
19.22025489807129         5.340933715690394
19.298206329345703        5.340959027362264
19.376157760620117        5.341298680864729
19.45410919189453         5.3397305100505355
19.532060623168945        5.340965201492488
19.61001205444336         5.341277740860025
19.687963485717773        5.339685863110519
19.765914916992188        5.3406832584177035
19.8438663482666          5.340747284018986
19.921817779541016        5.3407717191892985
19.99976921081543         5.341125549532234
20.077720642089844        5.33955432068033
20.155672073364258        5.340590705495791
20.233623504638672        5.340701626171021
20.311574935913086        5.340931879913511
20.3895263671875          5.339332663847998
20.467477798461914        5.340939684370923
20.545429229736328        5.3406831234629015
20.623380661010742        5.340943400889665
20.701332092285156        5.339370496398903
20.77928352355957         5.34058147791798
20.857234954833984        5.340834813373871
20.9351863861084          5.3393899138045695
21.013137817382812        5.340403558137057
21.091089248657227        5.340379126394804
21.16904067993164         5.340394865959364
21.246992111206055        5.340750942254737
21.32494354248047         5.339196487443072
21.402894973754883        5.340429763292449
21.480846405029297        5.340732026916501
21.55879783630371         5.339140974072557
21.636749267578125        5.340161126371747
21.71470069885254         5.34022437134412
21.792652130126953        5.340233166819589
21.870603561401367        5.340581464650497
21.94855499267578         5.339032004200737
22.026506423950195        5.34027053733733
22.10445785522461         5.340576640718277
22.182409286499023        5.338978490763746
22.260360717773438        5.339997488348226
22.33831214904785         5.3400708325979
22.416263580322266        5.34008481020631
22.49421501159668         5.340427848276003
22.572166442871094        5.338861419046138
22.650117874145508        5.340086695425308
22.728069305419922        5.340388317801369
22.806020736694336        5.338756964194343
22.88397216796875         5.33993198006521
22.961923599243164        5.339892680491126
23.039875030517578        5.3398931228491
23.117826461791992        5.340256212856096
23.195777893066406        5.338717370103411
23.27372932434082         5.339802340138167
23.351680755615234        5.340192609602709
23.42963218688965         5.338579862754991
23.507583618164062        5.3397566664218745
23.585535049438477        5.339720602853431
23.66348648071289         5.339715694766065
23.741437911987305        5.340069268793455
23.81938934326172         5.33850940840771
23.897340774536133        5.339738140938951
23.975292205810547        5.34002757042335
24.05324363708496         5.338416498272171
24.131195068359375        5.339588256033837
24.20914649963379         5.339552551498055
24.287097930908203        5.3395427065414385
24.365049362182617        5.339890531923922
24.44300079345703         5.338337434533377
24.520952224731445        5.339571475647701
24.59890365600586         5.339864747651554
24.676855087280273        5.3382480005605935
24.754806518554688        5.339388949201035
24.8327579498291          5.339446255265793
24.910709381103516        5.339403439102441
24.98866081237793         5.339731929651399
25.066612243652344        5.338180611588259
25.144563674926758        5.339421520928163
25.222515106201172        5.339715497167828
25.300466537475586        5.338083288861059
25.37841796875            5.339213653120727
25.456369400024414        5.339292100987976
25.534320831298828        5.339255314779116
25.612272262573242        5.339582372721715
25.690223693847656        5.338016538565584
25.76817512512207         5.339073323787448
25.846126556396484        5.339179481604895
25.9240779876709          5.339405129805487
26.002029418945312        5.337786435457239
26.079980850219727        5.339440598940282
26.15793228149414         5.339189900323524
26.235883712768555        5.339470088237885
26.31383514404297         5.337919627027067
26.391786575317383        5.339015822089152
26.469738006591797        5.339407985255892
26.54768943786621         5.337802754551154
26.625640869140625        5.338911666361198
26.70359230041504         5.338990998828954
26.781543731689453        5.338930995649715
26.859495162963867        5.339299859370898
26.93744659423828         5.337764951352863
27.015398025512695        5.338858733225686
27.09334945678711         5.339251429988847
27.171300888061523        5.33765099228104
27.249252319335938        5.338754087639437
27.32720375061035         5.338828865907255
27.405155181884766        5.338704144292918
27.48310661315918         5.338790713856523
27.561058044433594        5.339093072050651
27.639009475708008        5.337423651377392
27.716960906982422        5.339488180238005
27.794912338256836        5.33764739608085
27.87286376953125         5.338725333408944
27.950815200805664        5.338653931227701
28.028766632080078        5.338645110993644
28.106718063354492        5.3390017346105605
28.184669494628906        5.337422016835324
28.26262092590332         5.338593592723853
28.340572357177734        5.338631178515601
28.41852378845215         5.338835394375782
28.496475219726562        5.337231978873384
28.574426651000977        5.338883987875205
28.65237808227539         5.338623620789518
28.730329513549805        5.3389150485523675
28.80828094482422         5.3373924441583975
28.886232376098633        5.338470975985149
28.964183807373047        5.338868540689807
29.04213523864746         5.337294187791972
29.120086669921875        5.338326805225864
29.19803810119629         5.338409580244808
29.275989532470703        5.338387850311768
29.353940963745117        5.338756043909481
29.43189239501953         5.3372315187493085
29.509843826293945        5.338307786450232
29.58779525756836         5.338694239830379
29.665746688842773        5.337098969832177
29.743698120117188        5.338269432061748
29.8216495513916          5.338249531568651
29.899600982666016        5.338238936029694
29.97755241394043         5.338609850295131
30.055503845214844        5.337077990780101
30.133455276489258        5.338155328531676
30.211406707763672        5.338539741910339
30.289358139038086        5.336953593072959
30.3673095703125          5.3380509063991495
30.445261001586914        5.338156415041619
30.523212432861328        5.338075896096051
30.601163864135742        5.338458834869171
30.679115295410156        5.3369267636891955
30.75706672668457         5.338008521426518
30.835018157958984        5.33840242476326
30.9129695892334          5.336839790874657
30.990921020507812        5.337924596515055
31.068872451782227        5.3380288052792695
31.14682388305664         5.337948836450348
31.224775314331055        5.338331196295239
31.30272674560547         5.336796705943328
31.380678176879883        5.337871171810947
31.458629608154297        5.338275522703681
31.53658103942871         5.336644665584132
31.614532470703125        5.337766434262478
31.69248390197754         5.337903497806723
31.770435333251953        5.337802769138833
31.848386764526367        5.338191832839153
31.92633819580078         5.336663770918673
32.00429153442383         5.337739419264733
32.082244873046875        5.33813661034288
32.16019821166992         5.336515672152734
32.23815155029297         5.3376346680323445
32.316104888916016        5.337776894908761
32.39405822753906         5.337660342764277
32.47201156616211         5.338034552482064
32.549964904785156        5.336499340624073
32.6279182434082          5.337511695677675
32.70587158203125         5.337627035400291
32.7838249206543          5.3378623156717415
32.861778259277344        5.336237854548993
32.93973159790039         5.337886153316448
33.01768493652344         5.337537918497948
33.095638275146484        5.337566416937758
33.17359161376953         5.337832094819956
33.25154495239258         5.336103817897398
33.329498291015625        5.337836657454238
33.40745162963867         5.337572204047437
33.48540496826172         5.337751992303022
33.563358306884766        5.336426690527445
33.64131164550781         5.337524826735805
33.71926498413086         5.337824183154884
33.797218322753906        5.336261328428824
33.87517166137695         5.337268555113423
33.953125                 5.337300097913057
34.03107833862305         5.337325308716041
34.109031677246094        5.337578923690074
34.18698501586914         5.336278755462404
34.26493835449219         5.337385627154298
34.342891693115234        5.337691882849225
34.42084503173828         5.3361268883700115
34.49879837036133         5.337125157198894
34.576751708984375        5.337189911397417
34.65470504760742         5.337212750809375
34.73265838623047         5.337457204798124
34.810611724853516        5.336152137519832
34.88856506347656         5.337258825066328
34.96651840209961         5.337559244421313
35.044471740722656        5.3359421953370285
35.1224250793457          5.3370887134998055
35.20037841796875         5.337074064807369
35.2783317565918          5.337082030327704
35.356285095214844        5.337328949400913
35.43423843383789         5.336018163616665
35.51219177246094         5.337126918150128
35.590145111083984        5.33743297921019
35.66809844970703         5.335801790957774
35.74605178833008         5.336954578880475
35.824005126953125        5.336933009396084
35.90195846557617         5.336948931480502
35.97991180419922         5.337186198916452
36.057865142822266        5.335807188272895
36.13581848144531         5.336885655821437
36.21377182006836         5.336932569440036
36.291725158691406        5.337210478622925
36.36967849731445         5.335488779878448
36.4476318359375          5.337170063675148
36.52558517456055         5.336906190413488
36.603538513183594        5.337086666984571
36.68149185180664         5.335757363994426
36.75944519042969         5.336853670356798
36.837398529052734        5.337147759689397
36.91535186767578         5.3356333739319135
36.99330520629883         5.336688288047601
37.071258544921875        5.33665670143364
37.14921188354492         5.336682764293483
37.22716522216797         5.336942863007144
37.305118560791016        5.335631760945539
37.38307189941406         5.336728371546738
37.46102523803711         5.337029445386269
37.538978576660156        5.335422441343289
37.6169319152832          5.33657972535844
37.69488525390625         5.3365496309701825
37.7728385925293          5.33656294660515
37.850791931152344        5.336908694311739
37.92874526977539         5.335367898223203
38.00669860839844         5.336536566889355
38.084651947021484        5.336867350280951
38.16260528564453         5.335317062064078
38.24055862426758         5.336479443044158
38.318511962890625        5.336462002728696
38.39646530151367         5.336432837874398
38.47441864013672         5.336766123701839
38.552371978759766        5.335234692850377
38.63032531738281         5.336414356053381
38.70827865600586         5.336762287474438
38.786231994628906        5.335230603969456
38.86418533325195         5.3362941611771735
38.942138671875           5.336279665494849
39.02009201049805         5.336307494641289
39.098045349121094        5.3366346363379975
39.17599868774414         5.335027134679682
39.25395202636719         5.33628855047409
39.331905364990234        5.336307267806389
39.40985870361328         5.336532590244751
39.48781204223633         5.334794267762514
39.565765380859375        5.336548031408297
39.64371871948242         5.336300399532941
39.72167205810547         5.3365296053467
39.799625396728516        5.334967239919166
39.87757873535156         5.336138595743236
39.95553207397461         5.336481195752385
40.033485412597656        5.334915144938824
40.1114387512207          5.336076555305543
40.18939208984375         5.336074762773193
40.2673454284668          5.336053769393684
40.345298767089844        5.336384885402968
40.42325210571289         5.334835885772024
40.50120544433594         5.336010812010421
40.579158782958984        5.336363146304591
40.65711212158203         5.334802790362583
40.73506546020508         5.335958590731797
40.813018798828125        5.335954029281932
40.89097213745117         5.335937445263885
40.96892547607422         5.336269433385092
41.046878814697266        5.334722366741468
41.12483215332031         5.335891656273755
41.20278549194336         5.3362455731488385
41.280738830566406        5.334684115055374
41.35869216918945         5.33583282064619
41.4366455078125          5.3358457999199445
41.51459884643555         5.335817805262183
41.592552185058594        5.336152723155315
41.67050552368164         5.334607202338495
41.74845886230469         5.335779281746982
41.826412200927734        5.33615301538096
41.90436553955078         5.33453453803443
41.98231887817383         5.33568335128976
42.060272216796875        5.335654223715744
42.13822555541992         5.335668966569663
42.21617889404297         5.336015123122441
42.294132232666016        5.3344012353156804
42.37208557128906         5.3356458431245155
42.45003890991211         5.335673402886163
42.527992248535156        5.33590478105508
42.6059455871582          5.334171126469998
42.68389892578125         5.335922562963454
42.7618522644043          5.335671799323692
42.839805603027344        5.335916473870882
42.91775894165039         5.334362671975915
42.99571228027344         5.335529976080388
43.073665618896484        5.335899520753118
43.15161895751953         5.33431387337154
43.22957229614258         5.335434941588176
43.307525634765625        5.33539522551348
43.38547897338867         5.3354101979247615
43.46343231201172         5.335747905367226
43.541385650634766        5.33419930845266
43.61933898925781         5.335372073064581
43.69729232788086         5.33574838016775
43.775245666503906        5.334164837227762
43.85319900512695         5.335286748430078
43.93115234375            5.335257368055463
44.00910568237305         5.335279561991885
44.087059020996094        5.335622365132742
44.16501235961914         5.334067302817906
44.24296569824219         5.335239394648726
44.320919036865234        5.3356168092578775
44.39887237548828         5.334033682145965
44.47682571411133         5.335148929682055
44.554779052734375        5.335116723863718
44.63273239135742         5.3351422079491
44.71068572998047         5.335486152918943
44.788639068603516        5.333863726805177
44.86659240722656         5.33510352432686
44.94454574584961         5.335164365190167
45.022499084472656        5.3353968977130855
45.1004524230957          5.333663244811685
45.17840576171875         5.335405386958743
45.2563591003418          5.335156214254369
45.334312438964844        5.335412283761307
45.41226577758789         5.333872238314625
45.49021911621094         5.334994552377679
45.568172454833984        5.335369288047124
45.64612579345703         5.3338006944551895
45.72407913208008         5.334814537383129
45.802032470703125        5.33487088425146
45.87998580932617         5.334897094467641
45.95793914794922         5.3352644490563215
46.035892486572266        5.333702859583234
46.11384582519531         5.334823931023057
46.19179916381836         5.335173480753059
46.269752502441406        5.333763020553597
46.34770584106445         5.334639029431165
46.4256591796875          5.334737860412688
46.50361251831055         5.334766013606706
46.581565856933594        5.335124130395384
46.65951919555664         5.333575246792564
46.73747253417969         5.3348122838112
46.815425872802734        5.335115652672173
46.89337921142578         5.3335369636138905
46.97133255004883         5.334551524124245
47.049285888671875        5.3346246623034705
47.12723922729492         5.3346413055201
47.20519256591797         5.3349959234188145
47.283145904541016        5.3334403397507595
47.36109924316406         5.334489145786766
47.43905258178711         5.334596887411509
47.517005920410156        5.334825471440236
47.5949592590332          5.333240896018525
47.67291259765625         5.334864723679858
47.7508659362793          5.334609682224937
47.828819274902344        5.334863957735403
47.90677261352539         5.33330308095616
47.98472595214844         5.334534332096611
48.062679290771484        5.334800253338426
48.14063262939453         5.333350003481053
48.21858596801758         5.334378331858323
48.296539306640625        5.334372180922333
48.37449264526367         5.334401309771289
48.45244598388672         5.334753623246115
48.530399322509766        5.333199371690751
48.60835266113281         5.33444614300877
48.68630599975586         5.3347625857903385
48.764259338378906        5.333169907499325
48.84221267700195         5.334183626503792
48.920166015625           5.3342548903627565
48.99811935424805         5.3342759640673965
49.076072692871094        5.33462437242377
49.15402603149414         5.333061065153796
49.23197937011719         5.3342978412311535
49.309932708740234        5.334612488477834
49.38788604736328         5.333016715212432
49.46583938598633         5.334024342780538
49.543792724609375        5.334094387443233
49.62174606323242         5.334121704024223
49.69969940185547         5.3344775042977615
49.777652740478516        5.332920067446871
49.85560607910156         5.334153958955846
49.93355941772461         5.334463874151358
50.011512756347656        5.332838125807749
50.0894660949707          5.334016319153283
50.16741943359375         5.333979513472938
50.2453727722168          5.333983656524392
50.323326110839844        5.334346510042131
50.40127944946289         5.3327797421245515
50.47923278808594         5.333828155745792
50.557186126708984        5.333936757427384
50.63513946533203         5.334169798441935
50.71309280395508         5.332586035922553
50.791046142578125        5.3342087242703125
50.86899948120117         5.333948860524321
50.94695281982422         5.334219532651433
51.024906158447266        5.3326590165925785
51.10285949707031         5.333891942507228
51.18081283569336         5.334186365767622
51.258766174316406        5.332579996562727
51.33671951293945         5.333758022444302
51.4146728515625          5.333729171176907
51.49262619018555         5.333725286062804
51.570579528808594        5.334079266410146
51.64853286743164         5.332532040374629
51.72648620605469         5.333769213629255
51.804439544677734        5.334062152624959
51.88239288330078         5.332446346333439
51.96034622192383         5.333590742478011
52.038299560546875        5.3336512430242555
52.11625289916992         5.333608812791182
52.19420623779297         5.333936103857349
52.272159576416016        5.332386376818849
52.35011291503906         5.333632151541075
52.42806625366211         5.333936467106261
52.506019592285156        5.332309658978593
52.5839729309082          5.333373161403396
52.66192626953125         5.333568044537154
52.7398796081543          5.333500272873303
52.817832946777344        5.333839149470723
52.89578628540039         5.332301258694025
52.97373962402344         5.333402398215901
53.051692962646484        5.333790320280183
53.12964630126953         5.332172616543912
53.20759963989258         5.333283506971816
53.285552978515625        5.333407181422476
53.36350631713867         5.333357336142918
53.44145965576172         5.333697082585282
53.519412994384766        5.332132596202473
53.59736633300781         5.333190752957689
53.67531967163086         5.3333072611268095
53.753273010253906        5.333538649539485
53.83122634887695         5.331919546076095
53.9091796875             5.333563076336849
53.98713302612305         5.3333168152180095
54.065086364746094        5.333601530444464
54.14303970336914         5.332053879664504
54.22099304199219         5.33314322948683
54.298946380615234        5.333538542139442
54.37689971923828         5.3319431652734774
54.45485305786133         5.3331093213011185
54.532806396484375        5.333070878670964
54.61075973510742         5.333061245079342
54.68871307373047         5.33342738302125
54.766666412353516        5.331870596757884
54.84461975097656         5.3331079002133475
54.92257308959961         5.333398473608111
55.000526428222656        5.3317999498490325
55.0784797668457          5.33296925229267
55.15643310546875         5.33293569401421
55.2343864440918          5.332919210877612
55.312339782714844        5.333285419010916
55.39029312133789         5.3317313357648874
55.46824645996094         5.332974394338417
55.546199798583984        5.33326867615163
55.62415313720703         5.331690906352829
55.70210647583008         5.33271009284377
55.780059814453125        5.332808341366314
55.85801315307617         5.332792989569289
55.93596649169922         5.333165934449303
56.013919830322266        5.331649972497846
56.09187316894531         5.332726056776442
56.16982650756836         5.3331046711929995
56.247779846191406        5.331510204579503
56.32573318481445         5.332609911396962
56.4036865234375          5.332730264313047
56.48163986206055         5.332633624519946
56.559593200683594        5.332982570578356
56.63754653930664         5.331415910795635
56.71549987792969         5.332590879488115
56.793453216552734        5.332624635189049
56.87140655517578         5.332828967894914
56.94935989379883         5.331226489551356
57.027313232421875        5.332883448352329
57.10526657104492         5.332623414761405
57.18321990966797         5.332904341186267
57.261173248291016        5.331363783294867
57.33912658691406         5.332440269866495
57.41707992553711         5.332826238471888
57.495033264160156        5.3312422193650315
57.5729866027832          5.332340852578952
57.65093994140625         5.332447666021906
57.7288932800293          5.332367502080369
57.806846618652344        5.332747964782627
57.88479995727539         5.331210227815088
57.96275329589844         5.3322863345460725
58.040706634521484        5.332676347017022
58.11865997314453         5.331112025168674
58.19661331176758         5.3321963743757115
58.274566650390625        5.332302103846249
58.35251998901367         5.332226006546531
58.43047332763672         5.3326125240231335
58.508426666259766        5.331080051213485
58.58638000488281         5.3321537130036845
58.66433334350586         5.3325570595051754
58.742286682128906        5.330926789748635
58.82024002075195         5.332049520100766
58.898193359375           5.332185494622091
58.97614669799805         5.332082721513648
59.054100036621094        5.332469687538416
59.13205337524414         5.330939610057761
59.21000671386719         5.332011383068268
59.287960052490234        5.332404526780119
59.36591339111328         5.330782190578262
59.44386672973633         5.3319018167505945
59.521820068359375        5.332044347160192
59.59977340698242         5.33192746007953
59.67772674560547         5.332302813351641
59.755680084228516        5.330770890683378
59.83363342285156         5.331786897563077
59.91158676147461         5.331907185459638
59.989540100097656        5.332155320553143
60.0674934387207          5.330449038308555
60.14544677734375         5.3321959787119395
60.2234001159668          5.33191998062243
60.301353454589844        5.332189432659585
60.37930679321289         5.330643406521085
60.45726013183594         5.331656763327228
60.535213470458984        5.331774886533272
60.61316680908203         5.332010862956626
60.69112014770508         5.330304281658508
60.769073486328125        5.332053069357346
60.84702682495117         5.331776362148247
60.92498016357422         5.332035270492395
61.002933502197266        5.330476428725132
61.08088684082031         5.331484017893203
61.15884017944336         5.331504720660411
61.236793518066406        5.331469359257817
61.31474685668945         5.3315302151392645
61.3927001953125          5.331878847942464
61.47065353393555         5.330190783571902
61.548606872558594        5.331820891276523
61.62656021118164         5.331908872645845
61.70451354980469         5.330137762976422
61.782466888427734        5.33180518247138
61.86042022705078         5.331521462327219
61.93837356567383         5.331688125893748
62.016326904296875        5.330365568057045
62.09428024291992         5.331470653272381
62.17223358154297         5.331774358693638
62.250186920166016        5.330197615698977
62.32814025878906         5.331190377946348
62.40609359741211         5.331254650921338
62.484046936035156        5.331280940698379
62.5620002746582          5.33152581321408
62.63995361328125         5.330211924355255
62.7179069519043          5.331322353879747
62.795860290527344        5.331638163585666
62.87381362915039         5.330056441517418
62.95176696777344         5.33104081502035
63.029720306396484        5.33109797671847
63.10767364501953         5.331129385134407
63.18562698364258         5.3313781240222875
63.263580322265625        5.330059379404864
63.34153366088867         5.3311600329124476
63.41948699951172         5.331451951571466
63.497440338134766        5.3299338155170455
63.57539367675781         5.331003338316189
63.65334701538086         5.3309527456853925
63.731300354003906        5.330985181365071
63.80925369262695         5.33124487866194
63.88720703125            5.329929170848461
63.96516036987305         5.331021167490251
64.0431137084961          5.331312333536668
64.12106323242188         5.329799206242054
64.19901275634766         5.330854278061423
64.27696228027344         5.33082168296713
64.35491180419922         5.330852868395407
64.432861328125           5.331103844423451
64.51081085205078         5.329735592817293
64.58876037597656         5.330810173241029
64.66670989990234         5.330854878993071
64.74465942382812         5.331109620796896
64.8226089477539          5.329382918389893
64.90055847167969         5.331109948440877
64.97850799560547         5.330863230409106
65.05645751953125         5.331105013914094
65.13440704345703         5.329554608913518
65.21235656738281         5.330715505133026
65.2903060913086          5.331041310206783
65.36825561523438         5.3294986699528755
65.44620513916016         5.330662158613783
65.52415466308594         5.330629650772142
65.60210418701172         5.3306230383146875
65.6800537109375          5.330948388385685
65.75800323486328         5.3293950891381945
65.83595275878906         5.330570655143931
65.91390228271484         5.330926324075648
65.99185180664062         5.32939588890534
66.0698013305664          5.3304470149376835
66.14775085449219         5.330427800592356
66.22570037841797         5.330464979077707
66.30364990234375         5.330804670384669
66.38159942626953         5.329254966374436
66.45954895019531         5.330424366835743
66.5374984741211          5.330780981646878
66.61544799804688         5.329253922156043
66.69339752197266         5.330309032475153
66.77134704589844         5.33028606257645
66.84929656982422         5.330318180619258
66.92724609375            5.330661748742731
67.00519561767578         5.329112027993299
67.08314514160156         5.330277449664275
67.16109466552734         5.330614787132192
67.23904418945312         5.3290576062785355
67.3169937133789          5.330226129611305
67.39494323730469         5.330208878590103
67.47289276123047         5.330175298596168
67.55084228515625         5.330509212331624
67.62879180908203         5.328965452925581
67.70674133300781         5.330132101079405
67.7846908569336          5.330468470871669
67.86264038085938         5.328911366109382
67.94058990478516         5.3300769368640015
68.01853942871094         5.3300818224285615
68.09648895263672         5.330039273805179
68.1744384765625          5.330366989316656
68.25238800048828         5.328828042218799
68.33033752441406         5.329999456052853
68.40828704833984         5.33033961915128
68.48623657226562         5.328771227721245
68.5641860961914          5.329931490232612
68.64213562011719         5.329945406722195
68.72008514404297         5.329913462823147
68.79803466796875         5.330230731518484
68.87598419189453         5.328622185911392
68.95393371582031         5.329875459726973
69.0318832397461          5.329906335934325
69.10983276367188         5.330129310579072
69.18778228759766         5.328393019570318
69.26573181152344         5.33014926226593
69.34368133544922         5.329900881423143
69.421630859375           5.330137069328025
69.49958038330078         5.328576003303789
69.57752990722656         5.329753172794927
69.65547943115234         5.330127854310577
69.73342895507812         5.328499177581957
69.8113784790039          5.3296460364544656
69.88932800292969         5.329619959470326
69.96727752685547         5.329633320391802
70.04522705078125         5.329981581807972
70.12317657470703         5.328423202629496
70.20112609863281         5.329592396918613
70.2790756225586          5.329970645037545
70.35702514648438         5.328384736714471
70.43497467041016         5.329487303854829
70.51292419433594         5.329420567257096
70.59087371826172         5.329363404269242
70.6688232421875          5.329331246318214
70.74677276611328         5.329298845545256
70.82472229003906         5.329043556104694
70.90267181396484         5.329724737358514
70.98062133789062         5.32817847948682
71.0585708618164          5.329378447653955
71.13652038574219         5.329343932663088
71.21446990966797         5.329357183607384
71.29241943359375         5.3297061353311825
71.37036895751953         5.328087741226259
71.44831848144531         5.329319266669256
71.5262680053711          5.329367248378259
71.60421752929688         5.3296000968101085
71.68216705322266         5.327872219284402
71.76011657714844         5.329611097044392
71.83806610107422         5.32934779395695
71.916015625              5.329603316682809
71.99396514892578         5.328041918065476
72.07191467285156         5.329202599533971
72.14986419677734         5.329571870649808
72.22781372070312         5.327994620321393
72.3057632446289          5.329119323583807
72.38371276855469         5.329079945038256
72.46166229248047         5.329092984215713
72.53961181640625         5.329441093492986
72.61756134033203         5.327912511167732
72.69551086425781         5.329071444042501
72.7734603881836          5.3294585671078085
72.85140991210938         5.327860362347633
72.92935943603516         5.328882112609376
73.00730895996094         5.328948788381121
73.08525848388672         5.32897024798627
73.1632080078125          5.329326599038621
73.24115753173828         5.32777139856873
73.31910705566406         5.328902274555712
73.39705657958984         5.3292499836087455
73.47500610351562         5.327812684026454
73.5529556274414          5.328694413263093
73.63090515136719         5.328797991927605
73.70885467529297         5.328827171852689
73.78680419921875         5.32917078190631
73.86475372314453         5.3276156463824655
73.94270324707031         5.328861912930617
74.0206527709961          5.329168093453085
74.09860229492188         5.327539913651279
74.17655181884766         5.3287165291360825
74.25450134277344         5.328686900086331
74.33245086669922         5.32869559894402
74.410400390625           5.329039623891174
74.48834991455078         5.327473921627353
74.56629943847656         5.3287090430113375
74.64424896240234         5.329022244743808
74.72219848632812         5.327499989767655
74.8001480102539          5.3287649501516015
74.87559509277344         5.328033066031828
74.94302368164062         5.329039449744546
75.00020599365234         5.328680713759751
75.05738830566406         5.329029715014986
75.12481689453125         5.327977184322693
75.20026397705078         5.3285620097172215
75.27821350097656         5.328921628939169
75.35616302490234         5.327384732388128
75.43411254882812         5.3285198133248315
75.5120620727539          5.328930425585461
75.59001159667969         5.327336796603205
75.66796112060547         5.328504517775737
75.74591064453125         5.328483010236553
75.82386016845703         5.328476090501013
75.90180969238281         5.32883078591327
75.9797592163086          5.327247385492231
76.05770874023438         5.328425099541893
76.13565826416016         5.3284749160144935
76.21360778808594         5.328674747060815
76.29155731201172         5.327059872356717
76.3695068359375          5.3287065992838665
76.44745635986328         5.328452810198662
76.52540588378906         5.32873800986011
76.60335540771484         5.327196450297471
76.68130493164062         5.328261612446002
76.7592544555664          5.328653421359256
76.83720397949219         5.3270670390991475
76.91515350341797         5.328222458520655
76.99310302734375         5.328215603651873
77.07105255126953         5.328184002994875
77.14900207519531         5.328566845959934
77.2269515991211          5.327039430344296
77.30490112304688         5.32810754450981
77.38285064697266         5.328494710668818
77.46080017089844         5.326912258917011
77.53874969482422         5.328080816020174
77.61669921875            5.328045511639478
77.69464874267578         5.328024631013325
77.77259826660156         5.328388884974585
77.85054779052734         5.326813733244202
77.92849731445312         5.327988311463846
78.0064468383789          5.3280104194612665
78.08439636230469         5.328225067747941
78.16234588623047         5.326627040158216
78.24029541015625         5.32827745783797
78.31824493408203         5.3280140607054145
78.39619445800781         5.32829866538531
78.4741439819336          5.3267598814988215
78.55209350585938         5.327830536240788
78.63004302978516         5.328206026066124
78.70799255371094         5.3266352306163265
78.78594207763672         5.327729335600856
78.8638916015625          5.327840097615367
78.94184112548828         5.327751821707964
79.01979064941406         5.328128681219331
79.09774017333984         5.3266048098984085
79.17568969726562         5.327689039741899
79.2536392211914          5.328085113140001
79.33158874511719         5.326450079467176
79.40953826904297         5.327570868036969
79.48748779296875         5.3277231827605105
79.56543731689453         5.3276192364344785
79.64338684082031         5.32799536948545
79.7213363647461          5.326462842233609
79.79928588867188         5.327547922649056
79.87723541259766         5.327947040173394
79.95518493652344         5.326314573983532
80.03313446044922         5.327427558967838
80.111083984375           5.327579527425002
80.18903350830078         5.327473330555903
80.26698303222656         5.327841698173885
80.34493255615234         5.326299036018082
80.42288208007812         5.32731843527723
80.5008316040039          5.3274527136822805
80.57878112792969         5.3276982482658
80.65673065185547         5.3259814400273315
80.73468017578125         5.327726381355699
80.81262969970703         5.327464867402254
80.89057922363281         5.327737849542542
80.9685287475586          5.326180122350237
81.04647827148438         5.3271864783618605
81.12442779541016         5.327315976111195
81.20237731933594         5.327562087392095
81.28032684326172         5.325847633678086
81.3582763671875          5.327587571220408
81.43622589111328         5.327318108862792
81.51417541503906         5.327593091248376
81.59212493896484         5.326031342484381
81.67007446289062         5.327031226478921
81.7480239868164          5.3270625342894045
81.82597351074219         5.32709887758699
81.90392303466797         5.327346773717217
81.98187255859375         5.32600617794783
82.05982208251953         5.327038009040979
82.13777160644531         5.327089223228185
82.2157211303711          5.327376863998584
82.29367065429688         5.325659226933499
82.37162017822266         5.327336605191584
82.44956970214844         5.327068055922956
82.52751922607422         5.327251621497448
82.60546875               5.3259242995973395
82.68341827392578         5.327018637900295
82.76136779785156         5.327319303098858
82.83931732177734         5.325716838397948
82.91726684570312         5.32686441898572
82.9952163696289          5.326838686695593
83.07316589355469         5.326843916890981
83.15111541748047         5.327101077439896
83.22906494140625         5.325793644473434
83.30701446533203         5.326894827935539
83.38496398925781         5.327196583889482
83.4629135131836          5.325575139365586
83.54086303710938         5.326738359869325
83.61881256103516         5.326709220579218
83.69676208496094         5.326711310373731
83.77471160888672         5.326962845246045
83.8526611328125          5.32565722979028
83.93061065673828         5.3267561051250905
84.00856018066406         5.327035792058204
84.08650970458984         5.325513864762604
84.16445922851562         5.32657614674927
84.2424087524414          5.326548922179937
84.32035827636719         5.326572681761807
84.39830780029297         5.326822241622294
84.47625732421875         5.32551489962468
84.55420684814453         5.326617026727522
84.63215637207031         5.326899791922525
84.7101058959961          5.325374536553283
84.78805541992188         5.326431515596647
84.86600494384766         5.326410556429536
84.94395446777344         5.326430769413435
85.02190399169922         5.326669690761874
85.099853515625           5.325324275194341
85.17780303955078         5.326412220936756
85.25575256347656         5.326447398909913
85.33370208740234         5.3266731056202365
85.41165161132812         5.324934914113279
85.4896011352539          5.326689677700954
85.56755065917969         5.326451567864223
85.64550018310547         5.326684875148493
85.72344970703125         5.325122596990324
85.80139923095703         5.326290891544925
85.87934875488281         5.32663202141733
85.9572982788086          5.325074695881144
86.03524780273438         5.326222557951963
86.11319732666016         5.326183669246481
86.19114685058594         5.326186573091752
86.26909637451172         5.326520787677323
86.3470458984375          5.3249719440392465
86.42499542236328         5.326141517751887
86.50294494628906         5.32649737359221
86.58089447021484         5.324970477618353
86.65884399414062         5.3260246278781285
86.7367935180664          5.326001054409286
86.81474304199219         5.326034082842984
86.89269256591797         5.326378523082851
86.97064208984375         5.324831635108383
87.04859161376953         5.326000881798149
87.12654113769531         5.326348093883903
87.2044906616211          5.324824740628114
87.28244018554688         5.325883570938171
87.36038970947266         5.325862461355736
87.43833923339844         5.325887571724146
87.51628875732422         5.326232375065258
87.59423828125            5.324685695153815
87.67218780517578         5.32584971180135
87.75013732910156         5.326182941769936
87.82808685302734         5.324627996408102
87.90603637695312         5.325794992436961
87.9839859008789          5.325787499724541
88.06193542480469         5.325749811994583
88.13988494873047         5.326074580069834
88.21783447265625         5.324470700580969
88.29578399658203         5.325721252588156
88.37373352050781         5.325749675283141
88.4516830444336          5.325976842371456
88.52963256835938         5.324241627225541
88.60758209228516         5.3259905026345615
88.68553161621094         5.325740168267346
88.76348114013672         5.3259728695404895
88.8414306640625          5.324415253784699
88.91938018798828         5.3255818663690535
88.99732971191406         5.325921766433863
89.07527923583984         5.3243495889734564
89.15322875976562         5.325503344898129
89.2311782836914          5.325507319682843
89.30912780761719         5.325482653409817
89.38707733154297         5.325810030166961
89.46502685546875         5.324261068537948
89.54297637939453         5.32544168780629
89.62092590332031         5.325817642178636
89.6988754272461          5.324190779284658
89.77682495117188         5.325334117525678
89.85477447509766         5.325310675416584
89.93272399902344         5.325329013264237
90.01067352294922         5.325672569691573
90.088623046875           5.324119282343468
90.16657257080078         5.325295660696663
90.24452209472656         5.3256759344287925
90.32247161865234         5.324049941908847
90.40042114257812         5.32519315936637
90.4783706665039          5.325164116740389
90.55632019042969         5.325183091686478
90.63426971435547         5.325528207694205
90.71221923828125         5.323972519353681
90.79016876220703         5.325136705015614
90.86811828613281         5.325517516718467
90.9460678100586          5.323940001120363
91.02401733398438         5.325056131321601
91.10196685791016         5.325012040362782
91.17991638183594         5.325036424683013
91.25786590576172         5.325383053089097
91.3358154296875          5.3237628929730585
91.41376495361328         5.324993608063855
91.49171447753906         5.325040612059735
91.56966400146484         5.325271727122341
91.64761352539062         5.323541763992938
91.7255630493164          5.325279528529569
91.80351257324219         5.325014760797548
91.88146209716797         5.3252661002036925
91.95941162109375         5.323702965218405
92.03736114501953         5.324863657530272
92.11531066894531         5.32523242510402
92.1932601928711          5.323653537012565
92.27120971679688         5.324776491314071
92.34915924072266         5.3247366485063194
92.42710876464844         5.324749929621589
92.50505828857422         5.325095849094355
92.5830078125             5.323548745967525
92.66095733642578         5.324719124059496
92.73890686035156         5.325104538708163
92.81685638427734         5.323454835947559
92.89480590820312         5.32464131837958
92.9727554321289          5.324608567190515
93.05070495605469         5.324609064217001
93.12865447998047         5.324952715565185
93.20660400390625         5.323434965818777
93.28455352783203         5.32457391495003
93.36250305175781         5.324944680846778
93.4404525756836          5.323366684828725
93.51840209960938         5.324385755492482
93.59635162353516         5.324458411143227
93.67430114746094         5.324484560582915
93.75225067138672         5.324841202356025
93.8302001953125          5.323278207252522
93.90814971923828         5.324414715701983
93.98609924316406         5.324777258951601
94.06404876708984         5.323283323378825
94.14199829101562         5.324214178046852
94.2199478149414          5.324305234587001
94.29789733886719         5.324337485492798
94.37584686279297         5.324684296257293
94.45379638671875         5.3231228337653675
94.53174591064453         5.324363530531499
94.60969543457031         5.324681429384974
94.6876449584961          5.323094557298647
94.76559448242188         5.324096638422268
94.84354400634766         5.324165060168066
94.92149353027344         5.324193931148649
94.99944305419922         5.324552611421236
95.077392578125           5.322986975960134
95.15534210205078         5.3240291760414955
95.23329162597656         5.324145636186974
95.31124114990234         5.324381371853655
95.38919067382812         5.322788143237928
95.4671401977539          5.324401612583221
95.54508972167969         5.324151694346634
95.62303924560547         5.324418514089278
95.70098876953125         5.322851993498695
95.77893829345703         5.324069183060656
95.85688781738281         5.324328461738528
95.9348373413086          5.322889248900485
96.01278686523438         5.323908338364255
96.09073638916016         5.323889337684683
96.16868591308594         5.323910839624712
96.24663543701172         5.324272964821334
96.3245849609375          5.3227245482822685
96.40253448486328         5.3239634693918285
96.48048400878906         5.324270884616971
96.55843353271484         5.322684907717075
96.63638305664062         5.323710065774306
96.7143325805664          5.323777827450317
96.79228210449219         5.323790529489775
96.87023162841797         5.32414238526365
96.94818115234375         5.322596503647855
97.02613067626953         5.323838798904347
97.10408020019531         5.324148771845235
97.1820297241211          5.322554539935153
97.25997924804688         5.3235779597062765
97.33792877197266         5.323656912618498
97.41587829589844         5.323677712869262
97.49382781982422         5.324027951195288
97.57177734375            5.3224685109945895
97.64972686767578         5.323700612438393
97.72767639160156         5.324009055628525
97.80562591552734         5.3223844220584375
97.88357543945312         5.323565920893047
97.9615249633789          5.323533170850222
98.03947448730469         5.3235408615580235
98.11742401123047         5.323912087184341
98.19537353515625         5.322381805129717
98.27332305908203         5.323474772914379
98.35127258300781         5.323871973011265
98.4292221069336          5.322264949193921
98.50717163085938         5.323446505840479
98.58512115478516         5.323414619083824
98.66307067871094         5.323414003065963
98.74102020263672         5.323772009896121
98.8189697265625          5.32221643399518
98.89691925048828         5.323449478002556
98.97486877441406         5.323743738774145
99.05281829833984         5.322138366407221
99.13076782226562         5.323316361906158
99.2087173461914          5.323287121986516
99.28666687011719         5.323284000538133
99.36461639404297         5.323638426463749
99.44256591796875         5.322090677547133
99.52051544189453         5.3233284930739595
99.59846496582031         5.323624831403135
99.6764144897461          5.322012332440092
99.75436401367188         5.323159040131061
99.83231353759766         5.323222715555585
99.91026306152344         5.323185185954022
99.98821258544922         5.323516895140876
100.066162109375          5.321967250176651
100.14411163330078        5.323210363597893
100.22206115722656        5.3235086675471885
100.30001068115234        5.321882936861622
100.37796020507812        5.32302049492488
100.4559097290039         5.323106097585612
100.53385925292969        5.323076254063464
100.61180877685547        5.323409725768277
100.68975830078125        5.321849500877479
100.76770782470703        5.322911251202163
100.84565734863281        5.323022231299078
100.9236068725586         5.323253081575135
101.00155639648438        5.321639783922682
101.07950592041016        5.323298930288953
101.15745544433594        5.32305207984398
101.23540496826172        5.32333495397638
101.3133544921875         5.32178682912698
101.39130401611328        5.322886092014225
101.46925354003906        5.323281970748292
101.54720306396484        5.321680085870072
101.62515258789062        5.322791659283182
101.7031021118164         5.322873201860598
101.78105163574219        5.322815066530674
101.85900115966797        5.323185460022069
101.93695068359375        5.321651924727161
102.01490020751953        5.322747060307319
102.09284973144531        5.323141173945048
102.1707992553711         5.321542349831648
102.24874877929688        5.322647457338434
102.32669830322266        5.322724734656865
102.40464782714844        5.3226023127808215
102.48259735107422        5.322690114848116
102.560546875             5.322992602070301
102.63849639892578        5.321322859644689
102.71644592285156        5.3233871624104
102.79439544677734        5.321547081530757
102.87234497070312        5.3226274206699715
102.9502944946289         5.322560878520153
103.02824401855469        5.322559267503774
103.10619354248047        5.322924600532207
103.18414306640625        5.321353936867621
103.26209259033203        5.322533877736336
103.34004211425781        5.322578685515642
103.4179916381836         5.322788504599026
103.49594116210938        5.321187901254584
103.57389068603516        5.322839632914539
103.65184020996094        5.322575698274612
103.72978973388672        5.322862043971581
103.8077392578125         5.321335421704936
103.88568878173828        5.322412040955484
103.96363830566406        5.322809236163894
104.04158782958984        5.321235781319517
104.11953735351562        5.322270937672401
104.1974868774414         5.322358233221268
104.27543640136719        5.322342828979663
104.35338592529297        5.322718689551277
104.43133544921875        5.321202747047171
104.50928497314453        5.322287213734119
104.58723449707031        5.32268034661691
104.6651840209961         5.321089755467493
104.74313354492188        5.322263753928871
104.82108306884766        5.3222473189720105
104.89903259277344        5.322241003227162
104.97698211669922        5.322617132022864
105.054931640625          5.321091062767782
105.13288116455078        5.3221744013766825
105.21083068847656        5.322565413162086
105.28878021240234        5.320986919468797
105.36672973632812        5.322092195589587
105.4446792602539         5.322204545071131
105.52262878417969        5.322127931258414
105.60057830810547        5.322511647075522
105.67852783203125        5.320978407524976
105.75647735595703        5.3220586255152345
105.83442687988281        5.322450952279631
105.9123764038086         5.320887381522105
105.99032592773438        5.321973293902311
106.06827545166016        5.3220811338339535
106.14622497558594        5.322006318006303
106.22417449951172        5.32239403747846
106.3021240234375         5.320863675232638
106.38007354736328        5.321940651455146
106.45802307128906        5.3223471451594335
106.53597259521484        5.320720222824331
106.61392211914062        5.321847601880407
106.6918716430664         5.321990280817108
106.76982116699219        5.321893251338559
106.84777069091797        5.322284066912913
106.92572021484375        5.320756161770296
107.00366973876953        5.321830579821928
107.08161926269531        5.322226055166555
107.1595687866211         5.320605190983207
107.23751831054688        5.3217264799215815
107.31546783447266        5.321871932774536
107.39341735839844        5.321758198677231
107.47136688232422        5.32213492152245
107.54931640625           5.320601979060962
107.62726593017578        5.321616244061679
107.70521545410156        5.321733381050047
107.78316497802734        5.321970722026781
107.86111450195312        5.320348314433232
107.9390640258789         5.32199844275248
108.01701354980469        5.321652180166422
108.09496307373047        5.321682900198063
108.17291259765625        5.321950354814911
108.25086212158203        5.320222605788617
108.32881164550781        5.321954648719358
108.4067611694336         5.321687494811688
108.48471069335938        5.321862841804
108.56266021728516        5.320532294097008
108.64060974121094        5.321625752562333
108.71855926513672        5.3219223053641995
108.7965087890625         5.320359977425035
108.87445831298828        5.32137047464606
108.95240783691406        5.321406512832323
109.03035736083984        5.321436194116412
109.10830688476562        5.32169382130416
109.1862564086914         5.3203965004539295
109.26420593261719        5.3215046312208045
109.34215545654297        5.321810782822867
109.42010498046875        5.320244695894041
109.49805450439453        5.32124174902848
109.57600402832031        5.3213066084199765
109.6539535522461         5.321331717945111
109.73190307617188        5.321579558888303
109.80985260009766        5.320277090406706
109.88780212402344        5.32138460786412
109.96575164794922        5.32168460229686
110.043701171875          5.320067733377312
110.12165069580078        5.321215628521088
110.19960021972656        5.321202774751209
110.27754974365234        5.321212234949382
110.35549926757812        5.321460725429778
110.4334487915039         5.320152511252236
110.51139831542969        5.321265343475767
110.58934783935547        5.321576735554478
110.66729736328125        5.319951081151845
110.74524688720703        5.321108886294815
110.82319641113281        5.321091372952376
110.9011459350586         5.32111060648409
110.97909545898438        5.3213512206024625
111.05704498291016        5.319975806557875
111.13499450683594        5.321057103199868
111.21294403076172        5.321105333902524
111.2908935546875         5.321383502806005
111.36884307861328        5.319661950633958
111.44679260253906        5.321343304950114
111.52474212646484        5.321078688138995
111.60269165039062        5.321257531978237
111.6806411743164         5.31992571866796
111.75859069824219        5.321018774709372
111.83654022216797        5.321309715749599
111.91448974609375        5.319793868085085
111.99243927001953        5.320849478549084
112.07038879394531        5.320820333081369
112.1483383178711         5.3208491396345305
112.22628784179688        5.321111066258634
112.30423736572266        5.319800925644927
112.38218688964844        5.32089867488255
112.46013641357422        5.321201778722203
112.5380859375            5.319597523377494
112.61603546142578        5.32075759476361
112.69398498535156        5.32072967167338
112.77193450927734        5.320744300869802
112.84988403320312        5.321091436130405
112.9278335571289         5.319553631043473
113.00578308105469        5.320726651618598
113.08373260498047        5.321062225987533
113.16168212890625        5.3195167580919644
113.23963165283203        5.3206837934019
113.31758117675781        5.320669645008516
113.3955307006836         5.320640911433899
113.47348022460938        5.320971931159032
113.55142974853516        5.319437380966161
113.62937927246094        5.3206150632540545
113.70732879638672        5.320962924581319
113.7852783203125         5.319433024146225
113.86322784423828        5.320499164467756
113.94117736816406        5.320486892711908
114.01912689208984        5.320515908546655
114.09707641601562        5.320843327505477
114.1750259399414         5.319235779281648
114.25297546386719        5.320497583787449
114.33092498779297        5.320517693985645
114.40887451171875        5.3207453909470095
114.48682403564453        5.3190104007748324
114.56477355957031        5.320768837089081
114.6427230834961         5.3205273835256355
114.72067260742188        5.320762406288884
114.79862213134766        5.319203213321468
114.87657165527344        5.320375049290664
114.95452117919922        5.32071707212549
115.032470703125          5.319151515167475
115.11042022705078        5.320314096898489
115.18836975097656        5.320312458681656
115.26631927490234        5.320290291246204
115.34426879882812        5.320620376470393
115.4222183227539         5.319071495001092
115.50016784667969        5.320247325117137
115.57811737060547        5.320600852994214
115.65606689453125        5.319041495997428
115.73401641845703        5.320198054177188
115.81196594238281        5.32019402781401
115.8899154663086         5.320177134779998
115.96786499023438        5.320507602374619
116.04581451416016        5.318958713129583
116.12376403808594        5.320126862094754
116.20171356201172        5.320480205279126
116.2796630859375         5.318918471764057
116.35761260986328        5.320067226808073
116.43556213378906        5.320080419926664
116.51351165771484        5.320052582136683
116.59146118164062        5.320387667877127
116.6694107055664         5.318842574690387
116.74736022949219        5.320015647575426
116.82530975341797        5.320391137478285
116.90325927734375        5.318775026163935
116.98120880126953        5.319926424747319
117.05915832519531        5.319899224231417
117.1371078491211         5.319914207474585
117.21505737304688        5.320259312235522
117.29300689697266        5.318644488400678
117.37095642089844        5.319888896023504
117.44890594482422        5.319916543355223
117.52685546875           5.320147235997523
117.60480499267578        5.318411523092262
117.68275451660156        5.320160043035148
117.76070404052734        5.319905970390842
117.83865356445312        5.32014755276716
117.9166030883789         5.3185916629787755
117.99455261230469        5.319758402529949
118.07250213623047        5.320129082092042
118.15045166015625        5.318546130063743
118.22840118408203        5.319671109210404
118.30635070800781        5.319636422627636
118.3843002319336         5.319657046412933
118.46224975585938        5.320000184771441
118.54019927978516        5.318455563891279
118.61814880371094        5.319629964206046
118.69609832763672        5.320005560838448
118.7740478515625         5.318420446983302
118.85199737548828        5.3195415532888495
118.92994689941406        5.319512826684355
119.00789642333984        5.31953712039417
119.08584594726562        5.3198830203547445
119.1637954711914         5.31833133727256
119.24174499511719        5.319506731264709
119.31969451904297        5.319887286676032
119.39764404296875        5.318306805000634
119.47559356689453        5.31942397219873
119.55354309082031        5.3193927013910915
119.6314926147461         5.31941779765638
119.70944213867188        5.319759291309832
119.78739166259766        5.318131863239157
119.86534118652344        5.319365799210849
119.94329071044922        5.319421427811273
120.021240234375          5.319649927245469
120.09918975830078        5.317913301916572
120.17713928222656        5.319652964491475
120.25508880615234        5.31940187998655
120.33303833007812        5.319657186986723
120.4109878540039         5.318118081737209
120.48893737792969        5.319242666541145
120.56688690185547        5.319620360276681
120.64483642578125        5.318055072878755
120.72278594970703        5.319072526817057
120.80073547363281        5.319132412446407
120.8786849975586         5.319161733242625
120.95663452148438        5.319531742705813
121.03458404541016        5.317971601617997
121.11253356933594        5.319091728110977
121.19048309326172        5.319437695513869
121.2684326171875         5.318022239017363
121.34638214111328        5.318893257196916
121.42433166503906        5.318987435610961
121.50228118896484        5.319011514676713
121.58023071289062        5.3193670000206525
121.6581802368164         5.317817759284479
121.73612976074219        5.319056007015541
121.81407928466797        5.319360647025776
121.89202880859375        5.3177823357116765
121.96997833251953        5.318797399906629
122.04792785644531        5.318872077033127
122.1258773803711         5.318891284979106
122.20382690429688        5.319248309274198
122.28177642822266        5.317693753202844
122.35972595214844        5.318742602253914
122.43767547607422        5.318849878464046
122.515625                5.319077695210965
122.59357452392578        5.3174922664564015
122.67152404785156        5.319115442415377
122.74947357177734        5.318860366228633
122.82742309570312        5.319115145982753
122.9053726196289         5.317554105438498
122.98332214355469        5.318783661349879
123.06127166748047        5.319046625711244
123.13922119140625        5.317592592987143
123.21717071533203        5.31861632056434
123.29512023925781        5.318605457197332
123.3730697631836         5.318630987262523
123.45101928710938        5.318981309535821
123.52896881103516        5.317426312465818
123.60691833496094        5.318672732282316
123.68486785888672        5.318989229415586
123.7628173828125         5.317397761593606
123.84076690673828        5.318414091843511
123.91871643066406        5.3184890309461395
123.99666595458984        5.318514163285004
124.07461547851562        5.318866580870184
124.1525650024414         5.317307252068232
124.23051452636719        5.318548461517585
124.30846405029297        5.318868185478087
124.38641357421875        5.317277064902273
124.46436309814453        5.318287647780886
124.54231262207031        5.318358550430128
124.6202621459961         5.318385253013256
124.69821166992188        5.318740010181579
124.77616119384766        5.3171825038267855
124.85411071777344        5.318417863512138
124.93206024169922        5.318730326389572
125.010009765625          5.317106911387943
125.08795928955078        5.318286551693571
125.16590881347656        5.318250150443314
125.24385833740234        5.318254251243743
125.32180786132812        5.318617376293612
125.3997573852539         5.317051551918744
125.47770690917969        5.318101003370782
125.55565643310547        5.318209969375854
125.63360595703125        5.318442658856688
125.71155548095703        5.316858474257516
125.78950500488281        5.318480947289939
125.8674545288086         5.318221136975945
125.94540405273438        5.318492171508121
126.02335357666016        5.31693202623808
126.10130310058594        5.318164746844716
126.17925262451172        5.318458315118035
126.2572021484375         5.316850887913346
126.33515167236328        5.318027707366204
126.41310119628906        5.317997425929361
126.49105072021484        5.317992026559941
126.56900024414062        5.318344606540775
126.6469497680664         5.316796290106729
126.72489929199219        5.318032844431883
126.80284881591797        5.318325667061768
126.88079833984375        5.316710087939077
126.95874786376953        5.317854970123538
127.03669738769531        5.317916346322349
127.1146469116211         5.317875149960834
127.19259643554688        5.31820334714013
127.27054595947266        5.31665309563226
127.34849548339844        5.317896890157387
127.42644500732422        5.318198426102524
127.50439453125           5.316568769395192
127.58234405517578        5.317629492109549
127.66029357910156        5.317821921849245
127.73824310302734        5.317752816652375
127.81619262695312        5.3180921671910815
127.8941421508789         5.316556816040753
127.97209167480469        5.31766172230248
128.050048828125          5.318053797558324
128.1280059814453         5.316439673276359
128.20596313476562        5.317553023154604
128.28392028808594        5.3176780426948635
128.36187744140625        5.317628775883161
128.43983459472656        5.317968311610017
128.51779174804688        5.316402779057789
128.5957489013672         5.317459917875354
128.6737060546875         5.317576398430022
128.7516632080078         5.317809156504295
128.82962036132812        5.316192069149128
128.90757751464844        5.317836958466557
128.98553466796875        5.31759076312504
129.06349182128906        5.317874776326226
129.14144897460938        5.316326210046348
129.2194061279297         5.317414771532216
129.29736328125           5.317809332168603
129.3753204345703         5.316213333528441
129.45327758789062        5.317379648020185
129.53123474121094        5.317342346079885
129.60919189453125        5.317334150129399
129.68714904785156        5.317701683785962
129.76510620117188        5.316146481121371
129.8430633544922         5.317385580483913
129.9210205078125         5.317677851893963
129.9989776611328         5.31608048371761
130.07693481445312        5.317250660362573
130.15489196777344        5.317218392371684
130.23284912109375        5.317203935968732
130.31080627441406        5.3175726369585545
130.38876342773438        5.316021037529022
130.4667205810547         5.317266249052756
130.544677734375          5.317562239956872
130.6226348876953         5.315985738909184
130.70059204101562        5.317005857663596
130.77854919433594        5.317104708330639
130.85650634765625        5.317089892790448
130.93446350097656        5.317464252001455
131.01242065429688        5.315951303101678
131.0903778076172         5.317030977613356
131.1683349609375         5.3174128443014705
131.2462921142578         5.3158209687142
131.32424926757812        5.316922681506493
131.40220642089844        5.317044393457881
131.48016357421875        5.316948477961686
131.55812072753906        5.3172977878759555
131.63607788085938        5.315731506191585
131.7140350341797         5.316907344190356
131.7919921875            5.316942888424
131.8699493408203         5.317149748430813
131.94790649414062        5.315549967000222
132.02586364746094        5.317209211623225
132.10382080078125        5.316950701352004
132.18177795410156        5.3172325797884294
132.25973510742188        5.315692802071386
132.3376922607422         5.316770158197939
132.4156494140625         5.317156810502455
132.4936065673828         5.3155729449707225
132.57156372070312        5.31667162676857
132.64952087402344        5.316778954110238
132.72747802734375        5.316700009288037
132.80543518066406        5.317081989047678
132.88339233398438        5.315545409141815
132.9613494873047         5.316622098809619
133.039306640625          5.317012172107674
133.1172637939453         5.315447448764277
133.19522094726562        5.316531204781982
133.27317810058594        5.3166367641283605
133.35113525390625        5.316561519520202
133.42909240722656        5.316949515014756
133.50704956054688        5.315418489214112
133.5850067138672         5.316493493989821
133.6629638671875         5.316898425471091
133.7409210205078         5.315270492497088
133.81887817382812        5.31639639603192
133.89683532714844        5.316536204480515
133.97479248046875        5.316437213282725
134.05274963378906        5.316827300345577
134.13070678710938        5.315299663361362
134.2086639404297         5.316373428968641
134.28662109375           5.316768217942303
134.3645782470703         5.3151474552924975
134.44253540039062        5.316268805425078
134.52049255371094        5.3164131804498345
134.59844970703125        5.316298087435785
134.67640686035156        5.316675042802013
134.75436401367188        5.315144451101332
134.8323211669922         5.316161741530566
134.9102783203125         5.316283609046942
134.9882354736328         5.316533664183743
135.06619262695312        5.314829284287226
135.14414978027344        5.316577935698945
135.22210693359375        5.3163035389111295
135.30006408691406        5.316574623213142
135.37802124023438        5.315030210835333
135.4559783935547         5.316045116262638
135.533935546875          5.316164906950194
135.6118927001953         5.316402777484593
135.68984985351562        5.314698188999726
135.76780700683594        5.316449142065454
135.84576416015625        5.316174860769168
135.92372131347656        5.316436300869427
136.00167846679688        5.314880048746553
136.0796356201172         5.315890151202147
136.1575927734375         5.315913360149875
136.2355499267578         5.3158807929829734
136.31350708007812        5.315944852228877
136.39146423339844        5.31629700349849
136.46942138671875        5.314612319494975
136.54737854003906        5.316245330993105
136.62533569335938        5.316335847027546
136.7032928466797         5.314567248981287
136.78125                 5.3162370084350865
136.8592071533203         5.315954984146416
136.93716430664062        5.316122620960575
137.01512145996094        5.314800664489449
137.09307861328125        5.31590657542743
137.17103576660156        5.316211710056
137.24899291992188        5.314636918232825
137.3269500732422         5.3156317150514925
137.4049072265625         5.315697854949022
137.4828643798828         5.3157258902948294
137.56082153320312        5.315972474817703
137.63877868652344        5.314660269754102
137.71673583984375        5.315772353456846
137.79469299316406        5.316089880275397
137.87265014648438        5.314509903903365
137.9506072998047         5.315495953188641
138.028564453125          5.3155548217886395
138.1065216064453         5.3155879399212616
138.18447875976562        5.315838086479723
138.26243591308594        5.314520211558986
138.34039306640625        5.315621309268468
138.41835021972656        5.315913527663791
138.49630737304688        5.314395749401285
138.5742645263672         5.315465718822721
138.6522216796875         5.315415597112418
138.7301788330078         5.315448525730087
138.80813598632812        5.315709065056834
138.88609313964844        5.314394797143074
138.96405029296875        5.315488599040784
139.04200744628906        5.315781783024918
139.11996459960938        5.31427078915946
139.1979217529297         5.315327687060787
139.27587890625           5.31529598913527
139.3538360595703         5.315327126401127
139.43179321289062        5.3155778255979484
139.50975036621094        5.314209510363664
139.58770751953125        5.315283984102549
139.66566467285156        5.315328261317073
139.74362182617188        5.3155823684028025
139.8215789794922         5.313855276875028
139.8995361328125         5.31558246251563
139.9774932861328         5.315336524539727
140.05545043945312        5.315579359505626
140.13340759277344        5.314030017085098
140.21136474609375        5.315191789380736
140.28932189941406        5.315518282475809
140.36727905273438        5.313976515509348
140.4452362060547         5.315141203404277
140.523193359375          5.315109971205628
140.6011505126953         5.3151042704964615
140.67910766601562        5.315429930452187
140.75706481933594        5.313876467111254
140.83502197265625        5.315051881766541
140.91297912597656        5.3154077613273
140.99093627929688        5.313878207711039
141.0688934326172         5.3149309084792336
141.1468505859375         5.314913727915507
141.2248077392578         5.314953095374684
141.30276489257812        5.315295137035464
141.38072204589844        5.313748212668563
141.45867919921875        5.314920722175921
141.53663635253906        5.315280394596888
141.61459350585938        5.313755981361296
141.6925506591797         5.3148134533818014
141.7705078125            5.314792826593744
141.8484649658203         5.314827423453861
141.92642211914062        5.315173482474223
142.00437927246094        5.31362582183516
142.08233642578125        5.314792732787402
142.16029357910156        5.315131284533456
142.23825073242188        5.313575290079345
142.3162078857422         5.314744947642654
142.3941650390625         5.314728820040581
142.4721221923828         5.314696365558717
142.55007934570312        5.315031417662552
142.62803649902344        5.3134889251249176
142.70599365234375        5.3146569812153315
142.78395080566406        5.314994758952294
142.86190795898438        5.313438839680918
142.9398651123047         5.314605495142939
143.017822265625          5.314611797891943
143.0957794189453         5.314571145533719
143.17373657226562        5.314900818641274
143.25169372558594        5.313363407546585
143.32965087890625        5.314536110964345
143.40760803222656        5.314877846276713
143.48556518554688        5.31331144534721
143.5635223388672         5.314473637484113
143.6414794921875         5.314489228762268
143.7194366455078         5.314459003593355
143.79739379882812        5.314778039194865
143.87535095214844        5.313170907968381
143.95330810546875        5.314425126771149
144.03126525878906        5.314456648662137
144.10922241210938        5.314680242371055
144.1871795654297         5.312944787577237
144.26513671875           5.314702100069421
144.3430938720703         5.3144547389978
144.42105102539062        5.3146915074886
144.49900817871094        5.31313062997825
144.57696533203125        5.314307992190625
144.65492248535156        5.314683107548507
144.73287963867188        5.313055139031793
144.8108367919922         5.314202714562172
144.8887939453125         5.314177291368643
144.9667510986328         5.314191674354568
145.04470825195312        5.314541456765697
145.12266540527344        5.31298463710627
145.20062255859375        5.314154879849557
145.27857971191406        5.314533425619553
145.35653686523438        5.3129470333223665
145.4344940185547         5.3140484425522825
145.512451171875          5.3139801017685855
145.5904083251953         5.313921645061139
145.66836547851562        5.313889171975952
145.74632263183594        5.313857473322028
145.82427978515625        5.3136034934668
145.90223693847656        5.314286050932773
145.98019409179688        5.312740795523982
146.0581512451172         5.313941413852863
146.1361083984375         5.313907288353898
146.2140655517578         5.313920673321944
146.29202270507812        5.31426949269359
146.36997985839844        5.312650841770084
146.44793701171875        5.3138821134842855
146.52589416503906        5.313929908422746
146.60385131835938        5.314162759461342
146.6818084716797         5.312435081969804
146.759765625             5.314174042133107
146.8377227783203         5.313910356231461
146.91567993164062        5.314165332219172
146.99363708496094        5.312603914185518
147.07159423828125        5.313765455447617
147.14955139160156        5.314136352070804
147.22750854492188        5.312560703017165
147.3054656982422         5.313686309022629
147.3834228515625         5.313647230817843
147.4613800048828         5.313660460562653
147.53933715820312        5.31400869060379
147.61729431152344        5.31247988123741
147.69525146484375        5.313638126290241
147.77320861816406        5.314024307231115
147.85116577148438        5.312425417097563
147.9291229248047         5.313446909274122
148.007080078125          5.313513633369895
148.0850372314453         5.313535202326227
148.16299438476562        5.313891621127413
148.24095153808594        5.312336582566749
148.31890869140625        5.313467759837858
148.39686584472656        5.313815712767009
148.47482299804688        5.312378278210894
148.5527801513672         5.313259432511942
148.6307373046875         5.3133621598706355
148.7086944580078         5.313390466547446
148.78665161132812        5.313733237619902
148.86460876464844        5.312177048654521
148.94256591796875        5.3134219150631345
149.02052307128906        5.313726690623881
149.09848022460938        5.312097705223674
149.1764373779297         5.313274179061343
149.25439453125           5.313244975745905
149.3323516845703         5.313254238616318
149.41030883789062        5.313598784930733
149.48826599121094        5.312034019687022
149.56622314453125        5.313270825196163
149.64418029785156        5.313586296705759
149.72213745117188        5.312066389341323
149.8000946044922         5.31333382728989
149.8755340576172         5.312605359005674
149.94296264648438        5.313616322122763
150.00015258789062        5.3132605991456225
