% Model:                Glucose transport.mph
% Version:              COMSOL 4.1.0.88
% Date:                 May 6 2016, 18:41
% Dimension:            1
% Nodes:                1707
% Expressions:          1
% Description:          Line graph
% x                       Height
0                         5.351762875173573
0.0779244676232338        5.352260700595672
0.1644252985715866        5.352080223861889
0.25237810611724854       5.352577129036912
0.34033089876174927       5.351149005795207
0.42828369140625          5.35125360170523
0.5162364840507507        5.352196588655869
0.6041892766952515        5.351057620932711
0.6921420693397522        5.350908282266914
0.7800948619842529        5.351888921412921
0.8680476546287537        5.350509883182762
0.9560004472732544        5.350073411316346
1.0439531803131104        5.351226364405126
1.1319060325622559        5.351102560441894
1.2198588848114014        5.349295141794884
1.3078117370605469        5.350734081104822
1.3957645893096924        5.350870004970344
1.483717441558838         5.349407792453987
1.5716702938079834        5.34954315067185
1.659623146057129         5.350547973882187
1.7475759983062744        5.349430959718425
1.83552885055542          5.3492838855326745
1.9234817028045654        5.350308437809442
2.011434555053711         5.349010802794685
2.0993874073028564        5.348596180456182
2.187340259552002         5.34977108228659
2.2752931118011475        5.3496935384393
2.363245964050293         5.34796835690379
2.4511988162994385        5.349440454864055
2.539151668548584         5.349559972132539
2.6271045207977295        5.348118675379717
2.715057373046875         5.348340551487223
2.8030102252960205        5.34937952056513
2.890963077545166         5.348253340470889
2.9789159297943115        5.348125871045552
3.066868782043457         5.349218413393754
3.1548216342926025        5.347941255023462
3.242774486541748         5.347535031428366
3.3307273387908936        5.3487108987625716
3.418680191040039         5.348684725554615
3.5066330432891846        5.3470033744168655
3.59458589553833          5.348450821202763
3.6825387477874756        5.348558796225297
3.770491600036621         5.3471631608980585
3.8584444522857666        5.347428696573493
3.946397304534912         5.34845233139811
4.0343499183654785        5.34731125207412
4.122302532196045         5.347222247727401
4.210255146026611         5.348353613832612
4.298207759857178         5.3470216855925425
4.386160373687744         5.346628400115272
4.4741129875183105        5.347834925162616
4.562065601348877         5.347861872102963
4.650018215179443         5.346165612371686
4.73797082901001          5.347596573389441
4.825923442840576         5.347723411059109
4.913876056671143         5.346373768607369
5.001828670501709         5.3466436584351555
5.089781284332275         5.34764102075536
5.177733898162842         5.346510619557586
5.265686511993408         5.346470523500694
5.353639125823975         5.34760940426627
5.441591739654541         5.346259000227674
5.529544353485107         5.3458683167584
5.617496967315674         5.347115791145212
5.70544958114624          5.347155942787846
5.793402194976807         5.345441026847333
5.881354808807373         5.346851151343925
5.9693074226379395        5.347014992530144
6.057260036468506         5.345690759035148
6.145212650299072         5.345942250789877
6.233165264129639         5.346925188651032
6.321117877960205         5.345840770435869
6.4090704917907715        5.345839922817444
6.497023105621338         5.346959162187662
6.584975719451904         5.345523791084773
6.672928333282471         5.345211796017773
6.760880947113037         5.346502419389282
6.8488335609436035        5.346518225843941
6.93678617477417          5.344822599736658
7.024738788604736         5.346233474088864
7.112691402435303         5.346432558651202
7.200644016265869         5.345086672719658
7.2885966300964355        5.345314068666926
7.376549243927002         5.346313361647647
7.464501857757568         5.345269545398004
7.552454471588135         5.34526090019534
7.640407085418701         5.346346023452285
7.728359699249268         5.345025265179079
7.816312313079834         5.344510693991019
7.9042649269104           5.345971163186002
7.992217540740967         5.3459311669636
8.080170631408691         5.344230735359163
8.168123245239258         5.345693488935142
8.256075859069824         5.345881270763523
8.34402847290039          5.344480554084264
8.431981086730957         5.344718500103379
8.519933700561523         5.345746331362903
8.60788631439209          5.344728140862905
8.695838928222656         5.344678339809677
8.783791542053223         5.3457387591792
8.871744155883789         5.344470547858971
8.959696769714355         5.344045107077531
9.047649383544922         5.345379370502746
9.135601997375488         5.345336178251227
9.223554611206055         5.343689853098656
9.311507225036621         5.345162701757386
9.399459838867188         5.345347555072186
9.487412452697754         5.3439459760258945
9.57536506652832          5.344217620012992
9.663317680358887         5.345255427887837
9.751270294189453         5.344210275573482
9.83922290802002          5.344130236222728
9.927175521850586         5.3452276330491175
10.015128135681152        5.343966066512659
10.103080749511719        5.343543039960368
10.191033363342285        5.344875377097356
10.278985977172852        5.344846700840803
10.366938591003418        5.343246533527404
10.454891204833984        5.344683992613306
10.54284381866455         5.344820752126034
10.630796432495117        5.34344438907469
10.718749046325684        5.343745390828387
10.80670166015625         5.3447667618529495
10.894654273986816        5.343727758730149
10.982606887817383        5.343657641577184
11.07055950164795         5.344803989735969
11.158512115478516        5.343449604585187
11.246464729309082        5.34302293665247
11.334417343139648        5.3443694242187565
11.422369956970215        5.34437954290539
11.510322570800781        5.342785570021412
11.598275184631348        5.344210035842571
11.686227798461914        5.344339616224997
11.77418041229248         5.342990507297447
11.862133026123047        5.343306309420655
11.950085639953613        5.344269308622622
12.03803825378418         5.343200909144265
12.125990867614746        5.343164743957634
12.213943481445312        5.34429388114309
12.301896095275879        5.343064424028181
12.389848709106445        5.342670814705662
12.477801322937012        5.343880367750386
12.565753936767578        5.343932102739204
12.653706550598145        5.342308346027806
12.741659164428711        5.343692975920511
12.829611778259277        5.343855670683283
12.917564392089844        5.342533232505695
13.00551700592041         5.342858330760909
13.093469619750977        5.34382018526994
13.181422233581543        5.342767291423455
13.26937484741211         5.342781296937122
13.357327461242676        5.343892884205849
13.445280075073242        5.34260168432757
13.533232688903809        5.342044062130684
13.621185302734375        5.343490862521573
13.709137916564941        5.343528418325134
13.797090530395508        5.341895761918404
13.885043144226074        5.3432772465323195
13.97299575805664         5.343472525935701
14.060948371887207        5.3421419650059905
14.148900985717773        5.342407366073452
14.23685359954834         5.343353933691014
14.324806213378906        5.3423353360495
14.412758827209473        5.342351135645772
14.500711441040039        5.343444418516301
14.588664054870605        5.342157872683384
14.676616668701172        5.341813961407258
14.764569282531738        5.343075741264834
14.852521896362305        5.343074394789202
14.940474510192871        5.341429777273688
15.028427124023438        5.342853524900017
15.116379737854004        5.343074088528564
15.20433235168457         5.341734582014668
15.292284965515137        5.342006175405996
15.380237579345703        5.342970859446721
15.46819019317627         5.341986414701839
15.556142807006836        5.3419642092760045
15.644095420837402        5.342999963436155
15.732048034667969        5.341755078462651
15.820000648498535        5.3414743732255365
15.907953262329102        5.342808967283424
15.995905876159668        5.342609169592971
16.083858489990234        5.341031279365855
16.171812057495117        5.342518201578944
16.259765625              5.342709437625136
16.347719192504883        5.341309677255437
16.435672760009766        5.341586663351403
16.52362632751465         5.342601633170612
16.61157989501953         5.341608726236566
16.699533462524414        5.341585060176559
16.787487030029297        5.342632277906518
16.87544059753418         5.341417250795299
16.963394165039062        5.341135699089405
17.051347732543945        5.342417100124238
17.139301300048828        5.34219567120829
17.22725486755371         5.340695533361954
17.315208435058594        5.3421705055990945
17.403162002563477        5.342348477960315
17.49111557006836         5.340953138084128
17.579069137573242        5.34126088630611
17.667022705078125        5.342281389244627
17.754976272583008        5.341243204293715
17.84292984008789         5.3411831212377034
17.930883407592773        5.342267832069901
18.018836975097656        5.341074456966381
18.10679054260254         5.340778454755658
18.194744110107422        5.342060827410969
18.282697677612305        5.341859953164264
18.370651245117188        5.3403845924683555
18.45860481262207         5.341826325207806
18.546558380126953        5.341955907923646
18.634511947631836        5.340586257272581
18.72246551513672         5.340937759672514
18.8104190826416          5.34194533065004
18.898372650146484        5.34090200607541
18.986326217651367        5.340856244488772
19.07427978515625         5.341973210694284
19.162233352661133        5.340764680783448
19.250186920166016        5.340421267884099
19.3381404876709          5.341701572936301
19.42609405517578         5.341547546023944
19.514047622680664        5.340063751521772
19.602001190185547        5.341495340786137
19.68995475769043         5.341626530469967
19.777908325195312        5.340286114760774
19.865861892700195        5.340634335601324
19.953815460205078        5.341594244325487
20.04176902770996         5.340521123805323
20.129722595214844        5.340530949233582
20.217676162719727        5.341658447552103
20.30562973022461         5.340438399985412
20.393583297729492        5.3400985103837915
20.481536865234375        5.34140135720236
20.569490432739258        5.341260349404375
20.65744400024414         5.339741948621819
20.745397567749023        5.34112854033193
20.833351135253906        5.341286692262485
20.92130470275879         5.3399701766775625
21.009258270263672        5.340263964083632
21.097211837768555        5.341370185068162
21.185165405273438        5.340208415678186
21.27311897277832         5.340252636541113
21.361072540283203        5.34135647330613
21.449026107788086        5.340109282968825
21.53697967529297         5.33970417439448
21.62493324279785         5.34113206120881
21.712886810302734        5.340980901415787
21.800840377807617        5.339367864072894
21.8887939453125          5.340853998726702
21.976747512817383        5.341034903733078
22.064701080322266        5.3396768934945955
22.15265464782715         5.339961651354525
22.24060821533203         5.341027698164588
22.328561782836914        5.339917036983208
22.416515350341797        5.339956247188554
22.50446891784668         5.341042773659562
22.592422485351562        5.339800959332687
22.680376052856445        5.3394115265360025
22.768329620361328        5.34084621384371
22.85628318786621         5.340653442597945
22.944236755371094        5.339125621923278
23.032190322875977        5.340664102889006
23.12014389038086         5.3406618213299435
23.208097457885742        5.339347678237725
23.296051025390625        5.339636962214099
23.384004592895508        5.340739973425151
23.47195816040039         5.339651090775648
23.559911727905273        5.339661865750731
23.647865295410156        5.340704290890612
23.73581886291504         5.339456675310537
23.823772430419922        5.339154700978072
23.911725997924805        5.340547595447568
23.999679565429688        5.340324485810198
24.08763313293457         5.338823465798339
24.175586700439453        5.340390859227331
24.263540267944336        5.340363747610091
24.35149383544922         5.339016446356095
24.4394474029541          5.339326543205118
24.527400970458984        5.340464868297088
24.615354537963867        5.339354279839576
24.70330810546875         5.339336114038783
24.791261672973633        5.340393497367748
24.879215240478516        5.339185596696332
24.9671688079834          5.338864880724965
25.05512237548828         5.340235224454524
25.143075942993164        5.340019029213633
25.231029510498047        5.338556714383931
25.31898307800293         5.340121270693314
25.406936645507812        5.340028140450608
25.494890213012695        5.3383674125150185
25.582843780517578        5.339864688242078
25.67079734802246         5.340115278833745
25.758750915527344        5.338723713960127
25.846704483032227        5.338973914128022
25.93465805053711         5.340040368377244
26.022611618041992        5.339028418249994
26.110565185546875        5.338970327250737
26.198518753051758        5.340063962415926
26.28647232055664         5.338841217842997
26.374425888061523        5.338496236838155
26.462379455566406        5.33977067393206
26.55033302307129         5.339762842182851
26.638286590576172        5.338063290864831
26.726240158081055        5.33960865343078
26.814193725585938        5.339834130017018
26.90214729309082         5.338443201378982
26.990100860595703        5.338677652571234
27.078054428100586        5.339784570086006
27.16600799560547         5.33874470428512
27.25396156311035         5.338655395523498
27.341915130615234        5.339785025948826
27.429868698120117        5.33859624927813
27.517822265625           5.338235121017407
27.605775833129883        5.33947753426569
27.693729400634766        5.339475651793418
27.78168296813965         5.337813447949245
27.86963653564453         5.339353382965356
27.957590103149414        5.339544535307545
28.045543670654297        5.3381549159704855
28.13349723815918         5.338433685994929
28.221450805664062        5.339543674013329
28.309404373168945        5.338476954417466
28.397357940673828        5.338397625418471
28.48531150817871         5.339569563480706
28.573265075683594        5.338369513351956
28.661218643188477        5.337958919984852
28.74917221069336         5.339195737843309
28.837125778198242        5.339240844535135
28.925079345703125        5.337596463770636
29.013032913208008        5.339097578488862
29.10098648071289         5.3392644517853185
29.188940048217773        5.337929580070536
29.276893615722656        5.338225882340341
29.36484718322754         5.339273560405333
29.452800750732422        5.338178628692621
29.540754318237305        5.338141478334058
29.628707885742188        5.339316499038261
29.71666145324707         5.33810817466369
29.804615020751953        5.337693889356835
29.892568588256836        5.3389510478316735
29.98052215576172         5.33902337758897
30.0684757232666          5.33733722201972
30.156429290771484        5.338800997219412
30.244382858276367        5.339000658494789
30.33233642578125         5.33768836560806
30.420289993286133        5.337986594460715
30.508243560791016        5.339026130640744
30.5961971282959          5.337942823061303
30.68415069580078         5.337952071325714
30.772104263305664        5.339097905942906
30.860057830810547        5.337841577073026
30.94801139831543         5.337442026030591
31.035964965820312        5.338728132541808
31.123918533325195        5.338797607235084
31.211872100830078        5.33710646361947
31.29982566833496         5.338565684518518
31.387779235839844        5.3387869408304205
31.475732803344727        5.337476073326854
31.56368637084961         5.337715569627777
31.651639938354492        5.3387436171523435
31.739593505859375        5.337697103012437
31.827547073364258        5.33770577677557
31.91550064086914         5.338837008585501
32.00345230102539         5.337575890735696
32.09140396118164         5.3371960870137505
32.17935562133789         5.338507024575211
32.26730728149414         5.33852627584192
32.35525894165039         5.3368084792820465
32.44321060180664         5.338307302820542
32.53116226196289         5.338543218534496
32.61911392211914         5.337225464357126
32.70706558227539         5.337463815483826
32.79501724243164         5.338508394940693
32.88296890258789         5.33750009060364
32.97092056274414         5.337478508307749
33.05887222290039         5.338573651553981
33.14682388305664         5.337254817834268
33.23477554321289         5.336966706464262
33.32272720336914         5.33827127271032
33.41067886352539         5.338279342264402
33.49863052368164         5.336559873899805
33.58658218383789         5.338092442819871
33.67453384399414         5.3383134721443
33.76248550415039         5.336941704708227
33.85043716430664         5.337192895477214
33.93838882446289         5.338268511968363
34.02634048461914         5.337258578787953
34.11429214477539         5.337228983505182
34.20224380493164         5.338318387753505
34.29019546508789         5.337027234517098
34.37814712524414         5.336742842663714
34.46609878540039         5.3379921648326105
34.55405044555664         5.337990204651329
34.64200210571289         5.33631819093324
34.72995376586914         5.337854022303287
34.81790542602539         5.338064090639666
34.90585708618164         5.336683713989713
34.99380874633789         5.336960338644296
35.08176040649414         5.33805990207138
35.16971206665039         5.3370025471698055
35.25766372680664         5.33694499697711
35.34561538696289         5.338080943500828
35.43356704711914         5.336717770095174
35.52151870727539         5.3365163971273795
35.60947036743164         5.337768394493549
35.69742202758789         5.337768463630307
35.78537368774414         5.336174889413314
35.87332534790039         5.337642115372863
35.96127700805664         5.337794537633506
36.04922866821289         5.336440336338446
36.13718032836914         5.336762472115222
36.22513198852539         5.337841285253456
36.31308364868164         5.336769600769643
36.40103530883789         5.3367140156886785
36.48898696899414         5.337880014555471
36.57693862915039         5.336645795324393
36.66489028930664         5.33610206066637
36.75284194946289         5.337520932949476
36.84079360961914         5.337554699315882
36.92874526977539         5.3359479641692475
37.01669692993164         5.337395723197518
37.10464859008789         5.337550670174994
37.19260025024414         5.336226834631551
37.28055191040039         5.336546623614304
37.36850357055664         5.337566293989421
37.45645523071289         5.336483942226512
37.54440689086914         5.336484626028224
37.63235855102539         5.337661774553947
37.72031021118164         5.336406472482399
37.80826187133789         5.335863353961188
37.89621353149414         5.337309937566179
37.98416519165039         5.337356388582698
38.07211685180664         5.335719691973262
38.16006851196289         5.33712120655251
38.24802017211914         5.337308017384707
38.33597183227539         5.336009812188921
38.42392349243164         5.336319494736668
38.51187515258789         5.337311105594266
38.59982681274414         5.336257233467889
38.68777847290039         5.336282060358161
38.77573013305664         5.337421097345764
38.86368179321289         5.336109086250028
38.95163345336914         5.335657555620981
39.03958511352539         5.337071622643247
39.12753677368164         5.337111569730519
39.21548843383789         5.33547343877132
39.30344009399414         5.336882713547992
39.39139175415039         5.337095975406482
39.47934341430664         5.3357792904830506
39.56729507446289         5.336044798018058
39.65524673461914         5.337012650601079
39.74319839477539         5.336034254736017
39.83115005493164         5.336058066576073
39.91910171508789         5.337189978501491
40.00705337524414         5.335859191867691
40.09500503540039         5.335345058496659
40.18295669555664         5.336873881991193
40.27090835571289         5.336855884546329
40.35886001586914         5.335179395007279
40.44681167602539         5.336627774319018
40.53476333618164         5.336858790622746
40.62271499633789         5.335526808576179
40.71066665649414         5.335789453407741
40.79861831665039         5.336769651621534
40.88656997680664         5.335801784593445
40.97452163696289         5.335779751732478
41.06247329711914         5.336833345912624
41.15042495727539         5.335593850059452
41.23837661743164         5.335294388702165
41.32632827758789         5.336559293846114
41.41427993774414         5.336565807177061
41.50223159790039         5.3349247698961655
41.59018325805664         5.3364089847542315
41.67813491821289         5.3366191528358735
41.76608657836914         5.335236533060989
41.85403823852539         5.335515344171345
41.94198989868164         5.336549013468471
42.02994155883789         5.335570364373786
42.11789321899414         5.33554636672583
42.20584487915039         5.33660982089163
42.29379653930664         5.335388630287889
42.38174819946289         5.334972908746185
42.46969985961914         5.336311640368273
42.55765151977539         5.3362951291299945
42.64560317993164         5.334709822117765
42.73355484008789         5.336191537903417
42.82150650024414         5.336387079956658
42.90945816040039         5.33500421790006
42.99740982055664         5.335310277454949
43.08536148071289         5.336347785484306
43.17331314086914         5.335325975649981
43.26126480102539         5.335269344458979
43.34921646118164         5.33637851650064
43.43716812133789         5.335192907125074
43.52511978149414         5.3348531127624845
43.61307144165039         5.3360383224822625
43.70102310180664         5.336062590758137
43.78897476196289         5.3345234660724765
43.87692642211914         5.335952775558836
43.96487808227539         5.33609816672915
44.05282974243164         5.334743942346324
44.14078140258789         5.335095829300876
44.22873306274414         5.336101197303967
44.31668472290039         5.3350420421157585
44.40463638305664         5.335007286790174
44.49258804321289         5.336138132023451
44.58053970336914         5.334921012373596
44.66849136352539         5.334552329994825
44.75644302368164         5.335757773634991
44.84439468383789         5.335815654651137
44.93234634399414         5.334252529949327
45.02029800415039         5.335655356086029
45.10824966430664         5.335809594799963
45.19620132446289         5.3344926924240825
45.28415298461914         5.3348453074314826
45.37210464477539         5.335817374627812
45.46005630493164         5.334762039843713
45.54800796508789         5.334772351153217
45.63595962524414         5.335906402244194
45.72391128540039         5.334662473122578
45.81186294555664         5.334317034856101
45.89981460571289         5.335646361323536
45.98776626586914         5.335520822386658
46.07571792602539         5.3339920301677255
46.16366958618164         5.335403044319355
46.25162124633789         5.335585472711443
46.33957290649414         5.334286131663832
46.42752456665039         5.334604427282398
46.51547622680664         5.335550431260661
46.60342788696289         5.334526703530616
46.69137954711914         5.334568080310715
46.77933120727539         5.335675674606706
46.86728286743164         5.334410636099302
46.95523452758789         5.334086982889117
47.04318618774414         5.335448236637867
47.13113784790039         5.335292435530738
47.21908950805664         5.3337432091386665
47.30704116821289         5.3351600355461
47.39499282836914         5.335370181280286
47.48294448852539         5.334043767647121
47.57089614868164         5.334334552068823
47.65884780883789         5.3352925561860705
47.74679946899414         5.3343048305987955
47.83475112915039         5.334334134989812
47.92270278930664         5.335402382774045
48.01065444946289         5.334137668925836
48.09860610961914         5.3338572372376305
48.18655776977539         5.335215599632572
48.27450942993164         5.335022461301208
48.36246109008789         5.333468514573113
48.45041275024414         5.33492160076343
48.53836441040039         5.335137889679127
48.62631607055664         5.333781051202265
48.71426773071289         5.334055122427126
48.80221939086914         5.335047368511434
48.89017105102539         5.334073365696793
48.97812271118164         5.334077038951473
49.06607437133789         5.335121160076889
49.15402603149414         5.333891120191949
49.24197769165039         5.333632701900304
49.32992935180664         5.334956176922695
49.41788101196289         5.334739610160902
49.50583267211914         5.333240821328328
49.59378433227539         5.334725908678914
49.68173599243164         5.334884854323766
49.76968765258789         5.3334875456103115
49.85763931274414         5.333814393606724
49.94559097290039         5.334865931799216
50.03354263305664         5.333845059914962
50.12149429321289         5.333816258512553
50.20944595336914         5.334893680352297
50.29739761352539         5.333739393428866
50.38534927368164         5.333361734520297
50.47330093383789         5.334709983425891
50.56125259399414         5.3345189611027415
50.64920425415039         5.333040282576747
50.73715591430664         5.334528610872197
50.82510757446289         5.334662915683701
50.91305923461914         5.333249506212914
51.00101089477539         5.333608185197943
51.08896255493164         5.334734673108885
51.17691421508789         5.3335685674490705
51.26486587524414         5.333550312335126
51.35281753540039         5.3346607436032105
51.44076919555664         5.333508545968291
51.52872085571289         5.333118200867832
51.61667251586914         5.334470128120959
51.70462417602539         5.3343144726398
51.79257583618164         5.332859221071058
51.88052749633789         5.334364016724479
51.96847915649414         5.334287499890483
52.05643081665039         5.332986012812599
52.14438247680664         5.3333676339249605
52.23233413696289         5.334484153871871
52.32028579711914         5.333312368028237
52.40823745727539         5.333324524640632
52.49618911743164         5.334457344720689
52.58414077758789         5.333257745523986
52.67209243774414         5.332828483372775
52.76004409790039         5.33422513682826
52.84799575805664         5.334085524321126
52.93594741821289         5.332625546468518
53.02389907836914         5.3341261758452845
53.11185073852539         5.334068758831804
53.19980239868164         5.332810765967435
53.28775405883789         5.333159929367543
53.37570571899414         5.334225195452671
53.46365737915039         5.333080048045239
53.55160903930664         5.333123875742535
53.63956069946289         5.334253058760213
53.72751235961914         5.332997721991189
53.81546401977539         5.332605676324676
53.90341567993164         5.334039119620565
53.99136734008789         5.333886693327383
54.07931900024414         5.332374400757408
54.16727066040039         5.3338764450873235
54.25522232055664         5.333824060671513
54.34317398071289         5.332254291935429
54.43112564086914         5.333740872526695
54.51907730102539         5.33391257620518
54.60702896118164         5.332543573461236
54.69498062133789         5.332875731040503
54.78293228149414         5.333981793097493
54.87088394165039         5.332710984763393
54.95883560180664         5.332375589360441
55.04678726196289         5.333809379898224
55.13473892211914         5.333644044145297
55.22269058227539         5.332127329112923
55.31064224243164         5.333661763379967
55.39859390258789         5.333585731130918
55.48654556274414         5.331987643558337
55.57449722290039         5.333447007835922
55.66244888305664         5.333644711687982
55.75040054321289         5.33229838176881
55.83835220336914         5.3326241392054134
55.92630386352539         5.333655050429045
56.01425552368164         5.332570928594745
56.10220718383789         5.332531586062496
56.19015884399414         5.333704527029469
56.27811050415039         5.332437589995103
56.36606216430664         5.3320331046867775
56.45401382446289         5.33334483036811
56.54196548461914         5.333409410712055
56.62991714477539         5.3317069073002745
56.71786880493164         5.333172742827531
56.80582046508789         5.3334094020064535
56.89377212524414         5.3320912636881115
56.98172378540039         5.332324066326367
57.06967544555664         5.3333599773998435
57.15762710571289         5.332334975921625
57.24557876586914         5.332328487464838
57.33353042602539         5.333467755512938
57.42148208618164         5.332206081629159
57.50943374633789         5.3318283478715465
57.59738540649414         5.3331371997885215
57.68533706665039         5.333151793434966
57.77328872680664         5.331419701936362
57.86124038696289         5.332932792179055
57.94919204711914         5.333185209015556
58.03714370727539         5.331849447729789
58.12509536743164         5.332078239104836
58.21304702758789         5.333128323901573
58.30099868774414         5.332106955067515
58.38895034790039         5.332067742102691
58.47690200805664         5.333157918670969
58.56485366821289         5.331927988738258
58.65280532836914         5.331596219939409
58.74075698852539         5.332891929422464
58.82870864868164         5.332905887982634
58.91666030883789         5.331190645061131
59.00461196899414         5.332736344660467
59.09256362915039         5.332964497993571
59.18051528930664         5.331575870803091
59.26846694946289         5.33181861780564
59.35641860961914         5.33291909508993
59.44437026977539         5.331897604205141
59.53232192993164         5.331856961866974
59.62027359008789         5.332947274167486
59.70822525024414         5.331755404180458
59.79617691040039         5.331390563973806
59.88412857055664         5.332634834873427
59.97208023071289         5.332627117129975
60.06003189086914         5.3309591490691
60.14798355102539         5.332496209808808
60.23593521118164         5.332706265664899
60.32388687133789         5.331317085723617
60.41183853149414         5.331586411494365
60.49979019165039         5.33268973999423
60.58774185180664         5.331623653634103
60.67569351196289         5.331546762024699
60.76364517211914         5.332685103521739
60.85159683227539         5.331473166244145
60.93954849243164         5.331136208040996
61.02750015258789         5.332389204219655
61.11545181274414         5.332405908244237
61.20340347290039         5.330773448193951
61.29135513305664         5.3322789487020295
61.37930679321289         5.3324367397756225
61.46725845336914         5.331085314279104
61.55521011352539         5.331395550223621
61.64316177368164         5.332481980014352
61.73111343383789         5.33140932739241
61.81906509399414         5.331346448579006
61.90701675415039         5.332517522593789
61.99496841430664         5.331238512427381
62.08292007446289         5.330886705961147
62.17087173461914         5.332133041899663
62.25882339477539         5.332201509364284
62.34677505493164         5.330561469246815
62.43472671508789         5.332059674066516
62.52267837524414         5.332226295096533
62.61063003540039         5.330909928654382
62.69858169555664         5.331220091091366
62.78653335571289         5.332259038394269
62.87448501586914         5.331163186416199
62.96243667602539         5.331155557677594
63.05038833618164         5.332334695912097
63.13833999633789         5.331041103740965
63.22629165649414         5.330693857821284
63.31424331665039         5.331958276320715
63.40219497680664         5.332034157627418
63.49014663696289         5.3303521474119515
63.57809829711914         5.33179638735055
63.66604995727539         5.331990044029675
63.75400161743164         5.330696416636046
63.84195327758789         5.330991587113638
63.92990493774414         5.332022300969508
64.01786041259766         5.330942973252015
64.1058120727539          5.330968119660642
64.19376373291016         5.33212326188369
64.2817153930664          5.330684766746368
64.36966705322266         5.330446452849721
64.4576187133789          5.331771421837529
64.54557037353516         5.331812462132686
64.6335220336914          5.330138360210392
64.72147369384766         5.331581306019695
64.8094253540039          5.331813193862484
64.89737701416016         5.330499040589294
64.9853286743164          5.330751935365112
65.07328033447266         5.331774072353341
65.1612319946289          5.330749760178247
65.24918365478516         5.3307629248107835
65.3371353149414          5.33187346832638
65.42508697509766         5.330583841624596
65.5130386352539          5.330098499759414
65.60099029541016         5.331589289090551
65.6889419555664          5.3315840154580005
65.77689361572266         5.32990688576838
65.8648452758789          5.331374669052044
65.95279693603516         5.331608539536032
66.0407485961914          5.330259811603727
66.12870025634766         5.330498401569194
66.2166519165039          5.331544695412499
66.30460357666016         5.330539770460294
66.3925552368164          5.330516609970512
66.48050689697266         5.331599071915873
66.5684585571289          5.330331381920616
66.65641021728516         5.329866304504735
66.7443618774414          5.331330159966316
66.83231353759766         5.331295728441511
66.9202651977539          5.329650045390538
67.00821685791016         5.331145306056578
67.0961685180664          5.3313558616196115
67.18412017822266         5.329977169800532
67.2720718383789          5.3302488599902205
67.36002349853516         5.331318747992545
67.4479751586914          5.330312511296114
67.53592681884766         5.330254744493286
67.6238784790039          5.331346044155865
67.71183013916016         5.330107103906652
67.7997817993164          5.329697502323222
67.88773345947266         5.33104618015172
67.9756851196289          5.331021927273117
68.06363677978516         5.329420011321588
68.1515884399414          5.330903730942647
68.23954010009766         5.331073248637652
68.3274917602539          5.329686156014746
68.41544342041016         5.32999624601391
68.5033950805664          5.331044681201356
68.59134674072266         5.330025484491593
68.6792984008789          5.329969004594413
68.76725006103516         5.331106323749593
68.8552017211914          5.329871084548555
68.94315338134766         5.329450860559748
69.0311050415039          5.330779832490076
69.11905670166016         5.3307892131591235
69.2070083618164          5.3292153959308175
69.29496002197266         5.330664295392816
69.3829116821289          5.330811717738874
69.47086334228516         5.329458637297877
69.5588150024414          5.329797217847259
69.64676666259766         5.330805894916532
69.7347183227539          5.32975288385485
69.82266998291016         5.329709638623608
69.9106216430664          5.330856347952346
69.99857330322266         5.329648940270028
70.0865249633789          5.329271076650375
70.17447662353516         5.330488660891742
70.2624282836914          5.330551846117049
70.35037994384766         5.3289693250283205
70.4383316040039          5.330391448611317
70.52628326416016         5.33056691183382
70.6142349243164          5.329270102724016
70.70218658447266         5.3295807615440935
70.7901382446289          5.330538079951722
70.87808990478516         5.329511429958872
70.9660415649414          5.3295184586668025
71.05399322509766         5.330662737823569
71.1419448852539          5.329407118538484
71.22989654541016         5.328919285499671
71.3178482055664          5.330316821471425
71.40579986572266         5.330358555321899
71.4937515258789          5.328713548819029
71.58170318603516         5.330124004387239
71.6696548461914          5.330329751007798
71.75760650634766         5.329034161617137
71.8455581665039          5.329341816658487
71.93350982666016         5.330295641989228
72.0214614868164          5.3292985499650065
72.10941314697266         5.32931536705844
72.1973648071289          5.3303933286687855
72.28531646728516         5.3291181499384255
72.3732681274414          5.328778161214017
72.46121978759766         5.330057882985308
72.5491714477539          5.330102300743954
72.63712310791016         5.328468607870136
72.7250747680664          5.329897033199049
72.81302642822266         5.3301280379180405
72.9009780883789          5.32878347557109
72.98892974853516         5.329051886703182
73.0768814086914          5.3300385803211565
73.16483306884766         5.329058684009116
73.2527847290039          5.329077741536688
73.34073638916016         5.330149038704765
73.4286880493164          5.328888719686571
73.51663970947266         5.328600918462768
73.6045913696289          5.329849879286276
73.69254302978516         5.329845290305438
73.7804946899414          5.328243829392337
73.86844635009766         5.32969349589412
73.9563980102539          5.329919413865075
74.04434967041016         5.3285641481971755
74.1323013305664          5.328838095962688
74.22025299072266         5.329859774875012
74.3082046508789          5.328871648466429
74.39615631103516         5.328830867704958
74.4841079711914          5.329886668949536
74.57205963134766         5.328660113817676
74.6600112915039          5.328357744467601
74.74796295166016         5.329601355886498
74.8359146118164          5.329130978977922
74.92227935791016         5.3291225871188015
74.99956512451172         5.328706937900564
75.07685089111328         5.329204257554801
75.16321563720703         5.329105457119471
75.25116729736328         5.329714263766877
75.33911895751953         5.328454208228414
75.42707061767578         5.328739918434726
75.51502227783203         5.3297835963606035
75.60297393798828         5.328770843192401
75.69092559814453         5.3287875084668865
75.77887725830078         5.329905001747682
75.86682891845703         5.32850431975822
75.95478057861328         5.3282577119464065
76.04273223876953         5.329569164156906
76.13068389892578         5.329571078237794
76.21863555908203         5.327894108725452
76.30658721923828         5.3293648712525785
76.39453887939453         5.32959672253645
76.48249053955078         5.328244393582833
76.57044219970703         5.328477430410865
76.65839385986328         5.329531325135896
76.74634552001953         5.3285183936779
76.83429718017578         5.328495705970889
76.92224884033203         5.329579374340087
77.01020050048828         5.328316201217555
77.09815216064453         5.3278471374660485
77.18610382080078         5.329301087869617
77.27405548095703         5.329265816708782
77.36200714111328         5.3276167365582765
77.44995880126953         5.32911292997143
77.53791046142578         5.3293210060291365
77.62586212158203         5.327938836726274
77.71381378173828         5.328203721010034
77.80176544189453         5.329277894499451
77.88971710205078         5.328257432008447
77.97766876220703         5.3281960635757795
78.06562042236328         5.329286998508305
78.15357208251953         5.328049951927369
78.24152374267578         5.32763943748983
78.32947540283203         5.328985795720648
78.41742706298828         5.328959788637069
78.50537872314453         5.327352477684439
78.59333038330078         5.328836463062056
78.68128204345703         5.329006348196628
78.76923370361328         5.327620793255563
78.85718536376953         5.327928511377605
78.94513702392578         5.328982787498012
79.03308868408203         5.327947559681039
79.12104034423828         5.327882017192823
79.20899200439453         5.329010872784714
79.29694366455078         5.327778497423434
79.38489532470703         5.327339150496703
79.47284698486328         5.328673398241901
79.56079864501953         5.328700580280555
79.64875030517578         5.327103324101992
79.73670196533203         5.328528384008957
79.82465362548828         5.328683029302152
79.91260528564453         5.327342306776194
80.00055694580078         5.327678535304035
80.08850860595703         5.328686950303957
80.17646026611328         5.327640166114598
80.26441192626953         5.32762777879783
80.35236358642578         5.328800967740204
80.44031524658203         5.32742793771884
80.52826690673828         5.3270026037945115
80.61621856689453         5.32838848290324
80.70417022705078         5.328430531829107
80.79212188720703         5.326824893397864
80.88007354736328         5.328235555199025
80.96802520751953         5.32840382577035
81.05597686767578         5.327103421919781
81.14392852783203         5.327411107405923
81.23188018798828         5.328369656908242
81.31983184814453         5.327342982114575
81.40778350830078         5.327347185737376
81.49573516845703         5.328485244601155
81.58368682861328         5.327233661133792
81.67163848876953         5.326852741582658
81.75959014892578         5.328126258488338
81.84754180908203         5.328176056502263
81.93549346923828         5.326533695903201
82.02344512939453         5.327947539322609
82.11139678955078         5.328151842555244
82.19934844970703         5.3268538424221115
82.28730010986328         5.327155876078233
82.37525177001953         5.32811059747126
82.46320343017578         5.327115996250589
82.55115509033203         5.327139848213656
82.63910675048828         5.328233593487793
82.72705841064453         5.326957808433181
82.81501007080078         5.326436757785136
82.90296173095703         5.32792108216712
82.99091339111328         5.3279476031541435
83.07886505126953         5.32629512040435
83.16681671142578         5.327720351910863
83.25476837158203         5.327948564695343
83.34272003173828         5.326600832773325
83.43067169189453         5.326862310136943
83.51862335205078         5.327845618826534
83.60657501220703         5.32686090906704
83.69452667236328         5.32687057893367
83.78247833251953         5.327937730620225
83.87042999267578         5.326673745270661
83.95838165283203         5.326376612654338
84.04633331298828         5.327623594319251
84.13428497314453         5.327616220569021
84.22223663330078         5.326013365487712
84.31018829345703         5.3274617447541015
84.39813995361328         5.327686920402818
84.48609161376953         5.326328051773549
84.57404327392578         5.326596600934251
84.66199493408203         5.327614247364224
84.74994659423828         5.326620850765239
84.83789825439453         5.326575081609924
84.92584991455078         5.3276341911105165
85.01380157470703         5.3264278418664945
85.10175323486328         5.326131209857508
85.18970489501953         5.327363092722424
85.27765655517578         5.327353171952827
85.36560821533203         5.325778165708172
85.45355987548828         5.3272440039049425
85.54151153564453         5.327410160854058
85.62946319580078         5.326016415404344
85.71741485595703         5.326340523074284
85.80536651611328         5.327371735780575
85.89331817626953         5.326363994274294
85.98126983642578         5.326321288063567
86.06922149658203         5.327404302159227
86.15717315673828         5.3262230956505885
86.24512481689453         5.32592149219984
86.33307647705078         5.327190649810582
86.42102813720703         5.327013063370503
86.50897979736328         5.325548296575455
86.59693145751953         5.327013552365224
86.68488311767578         5.327172864553211
86.77283477783203         5.325792701411592
86.86078643798828         5.32615022147946
86.94873809814453         5.327152785008848
87.03668975830078         5.326091475614072
87.12464141845703         5.326061638425038
87.21259307861328         5.3271883835638585
87.30054473876953         5.325992838041672
87.38849639892578         5.32568392184867
87.47644805908203         5.326961828601118
87.56439971923828         5.326808463091107
87.65235137939453         5.325325981338508
87.74030303955078         5.326742591667929
87.82825469970703         5.326882764948784
87.91620635986328         5.3255531449968245
88.00415802001953         5.325909174566037
88.09210968017578         5.326900684351386
88.18006134033203         5.32584254917702
88.26801300048828         5.325842949267368
88.35596466064453         5.326974618164982
88.44391632080078         5.325735920968368
88.53186798095703         5.32538694787293
88.61981964111328         5.3267070077341
88.70777130126953         5.326569619822166
88.79572296142578         5.325072455020458
88.88367462158203         5.3264851233294825
88.97162628173828         5.326643191837679
89.05957794189453         5.3253384375348265
89.14752960205078         5.325663216476256
89.23548126220703         5.326603891832336
89.32343292236328         5.3255690418824475
89.41138458251953         5.325613806065951
89.49933624267578         5.326729816280777
89.58728790283203         5.325486483614254
89.67523956298828         5.325149612244144
89.76319122314453         5.326504726757076
89.85114288330078         5.326347771117761
89.93909454345703         5.324798430399246
90.02704620361328         5.3262121870601735
90.11499786376953         5.3264112968553565
90.20294952392578         5.325086040172699
90.29090118408203         5.325360557087192
90.37885284423828         5.32645711658505
90.46680450439453         5.3253493516213215
90.55475616455078         5.32539305664893
90.64270782470703         5.326465585187184
90.73065948486328         5.325222485676446
90.81861114501953         5.324860408466184
90.90656280517578         5.326297496573794
90.99451446533203         5.326129170593208
91.08246612548828         5.324531934578541
91.17041778564453         5.326020398346806
91.25836944580078         5.326228841992943
91.34632110595703         5.324846700511783
91.43427276611328         5.325122704236808
91.52222442626953         5.326235630664877
91.61017608642578         5.325154282837411
91.69812774658203         5.325165254257573
91.78607940673828         5.32621283049612
91.87403106689453         5.325012968324644
91.96198272705078         5.324673629911787
92.04993438720703         5.3260787494492225
92.13788604736328         5.325866555338632
92.22583770751953         5.324373118879609
92.31378936767578         5.325947482566726
92.40174102783203         5.325928119361754
92.48969268798828         5.324587992662164
92.57764434814453         5.324905602982691
92.66559600830078         5.32605073520988
92.75354766845703         5.324943846327425
92.84149932861328         5.3249241517480455
92.92945098876953         5.325982115790671
93.01740264892578         5.324820028151078
93.10535430908203         5.324454877900986
93.19330596923828         5.3258298261464745
93.28125762939453         5.325617440143279
93.36920928955078         5.32415808766367
93.45716094970703         5.325727393942239
93.54511260986328         5.325670652560901
93.63306427001953         5.3243266175316775
93.72101593017578         5.324681613855626
93.80896759033203         5.325828655947567
93.89691925048828         5.32468853404289
93.98487091064453         5.324662202677794
94.07282257080078         5.325762212175683
94.16077423095703         5.324572597225822
94.24872589111328         5.324224915492645
94.33667755126953         5.325570819783324
94.42462921142578         5.325388687173351
94.51258087158203         5.323952300849202
94.60053253173828         5.325486354729314
94.68848419189453         5.325373758052297
94.77643585205078         5.32374720228767
94.86438751220703         5.325278575931276
94.95233917236328         5.3255075567337276
95.04029083251953         5.324084983815274
95.12824249267578         5.324359470566606
95.21619415283203         5.32545595685387
95.30414581298828         5.324362790237052
95.39209747314453         5.323948941043134
95.48004913330078         5.325322080035011
95.56800079345703         5.325175601782489
95.65595245361328         5.3237251381511035
95.74390411376953         5.325247089946777
95.83185577392578         5.325096848651684
95.91980743408203         5.3235248581866275
96.00775909423828         5.325058449399879
96.09571075439453         5.3252463331745785
96.18366241455078         5.323864499081874
96.27161407470703         5.3241585968121345
96.35956573486328         5.325241486651227
96.44751739501953         5.32414951615886
96.53546905517578         5.324060095278428
96.62342071533203         5.3252376279358975
96.71137237548828         5.324057150454258
96.79932403564453         5.323662504516888
96.88727569580078         5.324891423661627
96.97522735595703         5.324946295058054
97.06317901611328         5.323290144990942
97.15113067626953         5.324776287082586
97.23908233642578         5.3249564873781114
97.32703399658203         5.323614044228203
97.41498565673828         5.323915464956363
97.50293731689453         5.324989222258914
97.59088897705078         5.3238921105076935
97.67884063720703         5.323850376075653
97.76679229736328         5.325028732620711
97.85474395751953         5.323796505244071
97.94269561767578         5.323374764328438
98.03064727783203         5.324644756118649
98.11859893798828         5.324714462537178
98.20655059814453         5.323048906396077
98.29450225830078         5.324525239422135
98.38245391845703         5.324719523449158
98.47040557861328         5.323417088327019
98.55835723876953         5.323688512379672
98.64630889892578         5.324715611823168
98.73426055908203         5.323643966328176
98.82221221923828         5.323632339184163
98.91016387939453         5.324808748805367
98.99811553955078         5.323564287138546
99.08606719970703         5.323147765592711
99.17401885986328         5.324452141208021
99.26197052001953         5.324506295315812
99.34992218017578         5.3227853115829475
99.43787384033203         5.324263196645527
99.52582550048828         5.324489312014012
99.61377716064453         5.323187344802436
99.70172882080078         5.323453889618087
99.78968048095703         5.324475338576199
99.87763214111328         5.323439442351161
99.96558380126953         5.323443365695883
100.05353546142578        5.32455748576325
100.14148712158203        5.323306605059639
100.22943878173828        5.322922562380062
100.31739044189453        5.324236108958968
100.40534210205078        5.324283809280757
100.49329376220703        5.322564046440868
100.58124542236328        5.324057504836828
100.66919708251953        5.3242995658347985
100.75714874267578        5.322958873092296
100.84510040283203        5.323179869560411
100.93305206298828        5.324231352498511
101.02100372314453        5.323208931547992
101.10895538330078        5.323204111517884
101.19690704345703        5.324305626965463
101.28485870361328        5.3230619519022175
101.37281036376953        5.32271632174214
101.46076202392578        5.323992315596895
101.54871368408203        5.32398270656408
101.63666534423828        5.322293131371341
101.72461700439453        5.323836272836876
101.81256866455078        5.324066593046165
101.90052032470703        5.322714124420959
101.98847198486328        5.32294598702418
102.07642364501953        5.324036791430861
102.16437530517578        5.323007619030806
102.25232696533203        5.322948014500739
102.34027862548828        5.324051019361991
102.42823028564453        5.32277496577886
102.51618194580078        5.322495314478885
102.60413360595703        5.323764600152613
102.69208526611328        5.323760642339866
102.78003692626953        5.322093891504396
102.86798858642578        5.323626138588671
102.95594024658203        5.3238044692724795
103.04389190673828        5.3224193686645
103.13184356689453        5.322703465976677
103.21979522705078        5.323800237283321
103.30774688720703        5.322753252522329
103.39569854736328        5.322693641623147
103.48365020751953        5.323817975710391
103.57160186767578        5.322556372656759
103.65955352783203        5.322242818023084
103.74750518798828        5.323464307319109
103.83545684814453        5.323490347460293
103.92340850830078        5.321859368024246
104.01136016845703        5.323374284964909
104.09931182861328        5.323549182312184
104.18726348876953        5.322178850990397
104.27521514892578        5.3224977086869245
104.36316680908203        5.323569610894693
104.45111846923828        5.322476023131517
104.53907012939453        5.322434353134462
104.62702178955078        5.323608452603534
104.71497344970703        5.322235251810691
104.80292510986328        5.321996202200028
104.89087677001953        5.323235469284818
104.97882843017578        5.323277563500717
105.06678009033203        5.321672370810552
105.15473175048828        5.3231105773330825
105.24268341064453        5.323270651768404
105.33063507080078        5.321953135096629
105.41858673095703        5.322271450724294
105.50653839111328        5.323327342204774
105.59449005126953        5.322233502722594
105.68244171142578        5.322218524306821
105.77039337158203        5.3233916824085314
105.85834503173828        5.322125889250752
105.94629669189453        5.321567311198061
106.03424835205078        5.323018217359236
106.12220001220703        5.323065916003582
106.21015167236328        5.321440191720357
106.29810333251953        5.322860826257069
106.38605499267578        5.323033679628005
106.47400665283203        5.321735030405478
106.56195831298828        5.322022928800402
106.64990997314453        5.323017944015579
106.73786163330078        5.321964596814063
106.82581329345703        5.321988391845027
106.91376495361328        5.323143552150064
107.00171661376953        5.3218569752057485
107.08966827392578        5.321313682174298
107.17761993408203        5.322806100038319
107.26557159423828        5.322833609629609
107.35352325439453        5.321160992384065
107.44147491455078        5.322586291404777
107.52942657470703        5.322808476472993
107.61737823486328        5.3214991341427265
107.70532989501953        5.321785459276532
107.79328155517578        5.322763750980827
107.88123321533203        5.321755703498652
107.96918487548828        5.321773627039228
108.05713653564453        5.322876850350539
108.14508819580078        5.321570675204595
108.23303985595703        5.32116305626366
108.32099151611328        5.32258155084534
108.40894317626953        5.322578575404431
108.49689483642578        5.320913536330967
108.58484649658203        5.322374156193567
108.67279815673828        5.322605374773757
108.76074981689453        5.3212550128765725
108.84870147705078        5.321505595426788
108.93665313720703        5.32251557727287
109.02460479736328        5.321558547717521
109.11255645751953        5.321544924160737
109.20050811767578        5.322626979367388
109.28845977783203        5.321333060857052
109.37641143798828        5.320892970053716
109.46436309814453        5.322351651635839
109.55231475830078        5.322315261172545
109.64026641845703        5.320677839662815
109.72821807861328        5.322164556998547
109.81616973876953        5.3223712521504725
109.90412139892578        5.320987652052262
109.99207305908203        5.321264109754182
110.08002471923828        5.322300666423365
110.16797637939453        5.321311535773987
110.25592803955078        5.321252798377225
110.34387969970703        5.322325603888219
110.43183135986328        5.32112838915067
110.51978302001953        5.320813229237567
110.60773468017578        5.32202935381603
110.69568634033203        5.322023081761379
110.78363800048828        5.320439758347173
110.87158966064453        5.321923364211969
110.95954132080078        5.322096800221031
111.04749298095703        5.320713850859674
111.13544464111328        5.321036491477788
111.22339630126953        5.3220788003118935
111.31134796142578        5.321058735415492
111.39929962158203        5.321000535622282
111.48725128173828        5.32211722953459
111.57520294189453        5.320925892158214
111.66315460205078        5.3204790484754465
111.75110626220703        5.321793240121911
111.83905792236328        5.321809099896854
111.92700958251953        5.320249068957982
112.01496124267578        5.3216924082628285
112.10291290283203        5.321842234957509
112.19086456298828        5.320491165467134
112.27881622314453        5.320843951463355
112.36676788330078        5.321853300955352
112.45471954345703        5.320799914742132
112.54267120361328        5.320765103959549
112.63062286376953        5.321903430046944
112.71857452392578        5.320690942893202
112.80652618408203        5.320325173422965
112.89447784423828        5.321554493801445
112.98242950439453        5.3216299364364525
113.07038116455078        5.320042616359733
113.15833282470703        5.321439918946643
113.24628448486328        5.321619079735976
113.33423614501953        5.3203113710904235
113.42218780517578        5.320655038310382
113.51013946533203        5.32162739807596
113.59809112548828        5.320583610322729
113.68604278564453        5.320616357340862
113.77399444580078        5.321730223533599
113.86194610595703        5.320459239370251
113.94989776611328        5.3201046550695015
114.03784942626953        5.321354456810207
114.12580108642578        5.321419147661184
114.21375274658203        5.3198247909313015
114.30170440673828        5.321214188295599
114.38965606689453        5.321424317624881
114.47760772705078        5.32011076366441
114.56555938720703        5.320404654969525
114.65351104736328        5.321363070541418
114.74146270751953        5.32035636973775
114.82941436767578        5.320390091598992
114.91736602783203        5.32149143678252
115.00531768798828        5.320220491296564
115.09326934814453        5.319921904891468
115.18122100830078        5.321279783847737
115.26917266845703        5.321095329701309
115.35712432861328        5.319524042321762
115.44507598876953        5.320976775854464
115.53302764892578        5.321192097634889
115.62097930908203        5.319864511162825
115.70893096923828        5.320148401896532
115.79688262939453        5.321121432313406
115.88483428955078        5.320148668836853
115.97278594970703        5.320148040520791
116.06073760986328        5.32120257077172
116.14868927001953        5.319966545496167
116.23664093017578        5.319689399254876
116.32459259033203        5.321046292494856
116.41254425048828        5.320851987169659
116.50049591064453        5.3193053289535905
116.58844757080078        5.320784477318588
116.67639923095703        5.320985962966274
116.76435089111328        5.319603507166009
116.85230255126953        5.319898768838581
116.94025421142578        5.320905245620079
117.02820587158203        5.319931574018509
117.11615753173828        5.319926240971018
117.20410919189453        5.320974907480512
117.29206085205078        5.319767773318477
117.38001251220703        5.319496365102209
117.46796417236328        5.32079461025764
117.55591583251953        5.320584935628134
117.64386749267578        5.319078824287635
117.73181915283203        5.320567601295251
117.81977081298828        5.320762962086695
117.90772247314453        5.319376825490547
117.99567413330078        5.319693508101318
118.08362579345703        5.32072257230947
118.17157745361328        5.319690800360626
118.25952911376953        5.319642736467877
118.34748077392578        5.320729359134683
118.43543243408203        5.319545510924423
118.52338409423828        5.319256559718735
118.61133575439453        5.320545203245805
118.69928741455078        5.3203472050979626
118.78723907470703        5.318877917460045
118.87519073486328        5.320325651404908
118.96314239501953        5.320450655247048
119.05109405517578        5.319074481087912
119.13904571533203        5.319438467581436
119.22699737548828        5.320471374758487
119.31494903564453        5.319412673290501
119.40290069580078        5.319376596609966
119.49085235595703        5.3204947248523675
119.57880401611328        5.319298766647167
119.66675567626953        5.318963893766647
119.75470733642578        5.32025575448386
119.84265899658203        5.3201099755890136
119.93061065673828        5.318634531008422
120.01856231689453        5.320073859855549
120.10651397705078        5.320202316224204
120.19446563720703        5.318842207702066
120.28241729736328        5.319197252772265
120.37036895751953        5.320286561242207
120.45832061767578        5.319113088916502
120.54627227783203        5.319132053657335
120.63422393798828        5.320266304645233
120.72217559814453        5.319081642366929
120.81012725830078        5.318665973831508
120.89807891845703        5.320050315358199
120.98603057861328        5.319919170928317
121.07398223876953        5.318436704478251
121.16193389892578        5.319921372422049
121.24988555908203        5.3198826812382505
121.33783721923828        5.318628237399052
121.42578887939453        5.318992763916168
121.51374053955078        5.320078985783452
121.60169219970703        5.318920000842566
121.68964385986328        5.318973462763379
121.77759552001953        5.320076999713664
121.86554718017578        5.318840806077702
121.95349884033203        5.318429306638003
122.04145050048828        5.319867695717557
122.12940216064453        5.319725509196404
122.21735382080078        5.318234163573932
122.30530548095703        5.319727075992639
122.39325714111328        5.319712055434045
122.48120880126953        5.318437828573959
122.56916046142578        5.318748934148606
122.65711212158203        5.31981735260685
122.74506378173828        5.318711821933704
122.83301544189453        5.318767022450631
122.92096710205078        5.31986075303044
123.00891876220703        5.31858633735771
123.09687042236328        5.318240952309394
123.18482208251953        5.3196835857671845
123.27277374267578        5.319491392278614
123.36072540283203        5.317963720254731
123.44867706298828        5.319496953032764
123.53662872314453        5.3194893255616975
123.62458038330078        5.318184486129278
123.71253204345703        5.318470931201659
123.80048370361328        5.319538631423533
123.88843536376953        5.318443074051876
123.97638702392578        5.318469356214561
124.06433868408203        5.319522544350678
124.15229034423828        5.318290365856631
124.24024200439453        5.318008877509318
124.32819366455078        5.319444387872912
124.41614532470703        5.3192585849449925
124.50409698486328        5.317759945402151
124.59204864501953        5.319357357129156
124.68000030517578        5.3192745528762
124.76795196533203        5.317653182712158
124.85590362548828        5.319145169827011
124.94385528564453        5.31939358015922
125.03180694580078        5.318033566653505
125.11975860595703        5.318289084950862
125.20771026611328        5.319302039673747
125.29566192626953        5.318256869047165
125.38361358642578        5.31822261540542
125.47156524658203        5.31934395098948
125.55951690673828        5.318096009470796
125.64746856689453        5.317754239878547
125.73542022705078        5.319086881300284
125.82337188720703        5.319128913922773
125.91132354736328        5.3174270626815385
125.99927520751953        5.318971107197727
126.08722686767578        5.319245678234378
126.17517852783203        5.31790631337378
126.26313018798828        5.318133511303467
126.35108184814453        5.31921864152102
126.43903350830078        5.318219860661942
126.52698516845703        5.3181800354015705
126.61493682861328        5.319274938711224
126.70288848876953        5.318053788255751
126.79084014892578        5.317717022878761
126.87879180908203        5.318996256325358
126.96674346923828        5.318991026066975
127.05469512939453        5.317294848089445
127.14264678955078        5.31884261192716
127.23059844970703        5.319067850838905
127.31855010986328        5.317678835457125
127.40650177001953        5.317919791633526
127.49445343017578        5.319025368910868
127.58240509033203        5.317982542720672
127.67035675048828        5.317908627818215
127.75830841064453        5.319028615311978
127.84626007080078        5.317839291792335
127.93421173095703        5.317486858339481
128.0221710205078         5.318728149902375
128.11012268066406        5.3187230484234025
128.1980743408203         5.317058114339151
128.28602600097656        5.318594055578633
128.3739776611328         5.318778073203805
128.46192932128906        5.317385405254209
128.5498809814453         5.317670473637559
128.63783264160156        5.318779037027851
128.7257843017578         5.317715265008147
128.81373596191406        5.317642973001951
128.9016876220703         5.318794377167968
128.98963928222656        5.317639406496993
129.0775909423828         5.317252327109412
129.16554260253906        5.318481406225391
129.2534942626953         5.31851702905077
129.34144592285156        5.3168834567693946
129.4293975830078         5.318390247184755
129.51734924316406        5.318561147670124
129.6053009033203         5.317230624667617
129.69325256347656        5.317539149954474
129.7812042236328         5.318587155579263
129.86915588378906        5.317493107264731
129.9571075439453         5.317460815609964
130.04505920410156        5.318629738657006
130.1330108642578         5.317429015524016
130.22096252441406        5.317004703862501
130.3089141845703         5.3182661755782545
130.39686584472656        5.31834230763125
130.4848175048828         5.316664433711392
130.57276916503906        5.318123401007659
130.6607208251953         5.318311289999499
130.74867248535156        5.317004314942197
130.8366241455078         5.317299462472794
130.92457580566406        5.318331269306004
131.0125274658203         5.317246373483372
131.10047912597656        5.3172617312023
131.1884307861328         5.318413364484563
131.27638244628906        5.317076948145316
131.3643341064453         5.316733569351564
131.45228576660156        5.3180219734088245
131.5402374267578         5.31808953576396
131.62818908691406        5.31639334298221
131.7161407470703         5.317844113818354
131.80409240722656        5.318062396796092
131.8920440673828         5.316751787139417
131.97999572753906        5.317000499143791
132.0679473876953         5.318028688245282
132.15589904785156        5.316987045397342
132.2438507080078         5.317006563338041
132.33180236816406        5.318148500583243
132.4197540283203         5.3168046402653175
132.50770568847656        5.316497641896493
132.5956573486328         5.317811154822947
132.68360900878906        5.317832659254772
132.7715606689453         5.316115306142095
132.85951232910156        5.317612472596188
132.9474639892578         5.317849714661614
133.03541564941406        5.316532694797603
133.1233673095703         5.316777465366695
133.21131896972656        5.317817050917175
133.2992706298828         5.31680765525126
133.38722229003906        5.316786391719333
133.4751739501953         5.317876670658143
133.56312561035156        5.316554173304715
133.6510772705078         5.3162659654486495
133.73902893066406        5.317569363098051
133.8269805908203         5.317579705181449
133.91493225097656        5.315874453634543
134.0028839111328         5.317399495002381
134.09083557128906        5.317617250548594
134.1787872314453         5.3162394775787245
134.26673889160156        5.316490847129302
134.3546905517578         5.317554671671858
134.44264221191406        5.316533714334972
134.5305938720703         5.31649720586517
134.61854553222656        5.317572769537965
134.7064971923828         5.316331972461445
134.79444885253906        5.315850928836664
134.8824005126953         5.3172842918856675
134.97035217285156        5.317265140373091
135.0583038330078         5.315655615332199
135.14625549316406        5.317161376121407
135.2342071533203         5.3173683828647125
135.32215881347656        5.315995120005686
135.4101104736328         5.316281243208903
135.49806213378906        5.317370804323247
135.5860137939453         5.316315769718479
135.67396545410156        5.31625528277163
135.7619171142578         5.3173931680421385
135.84986877441406        5.316174936866756
135.9378204345703         5.315675897828031
136.02577209472656        5.317096841619122
136.1137237548828         5.31707508389735
136.20167541503906        5.315474502609378
136.2896270751953         5.316930021960955
136.37757873535156        5.317080843748796
136.4655303955078         5.3157279636359975
136.55348205566406        5.316060233532776
136.6414337158203         5.3171193095853715
136.72938537597656        5.316077835254067
136.8173370361328         5.316023507518996
136.90528869628906        5.317189998332332
136.9932403564453         5.315948327511856
137.08119201660156        5.315481119421719
137.1691436767578         5.316825961863274
137.25709533691406        5.31686245516454
137.3450469970703         5.315267593470096
137.43299865722656        5.316712918741107
137.5209503173828         5.316868894996052
137.60890197753906        5.315546473416531
137.6968536376953         5.315877306234249
137.78480529785156        5.316866077698718
137.8727569580078         5.315811020778946
137.96070861816406        5.315807036002377
138.0486602783203         5.316968803744747
138.13661193847656        5.315690853946464
138.2245635986328         5.3152334188102115
138.31251525878906        5.3166007155973105
138.4004669189453         5.316650625640556
138.48841857910156        5.3150233659738
138.5763702392578         5.3164174092863625
138.66432189941406        5.316600723370973
138.7522735595703         5.3153005544065595
138.84022521972656        5.315613561320358
138.9281768798828         5.316582315410062
139.01612854003906        5.315538597292444
139.1040802001953         5.315551501558356
139.19203186035156        5.316665628758153
139.2799835205078         5.3153906455720294
139.36793518066406        5.315023792179338
139.4558868408203         5.316304318145546
139.54383850097656        5.316363091433526
139.6317901611328         5.314737840033872
139.71974182128906        5.31614491117188
139.8076934814453         5.3163583732836335
139.89564514160156        5.315042881326811
139.9835968017578         5.315317191412075
140.07154846191406        5.316282805745685
140.1595001220703         5.315302654712019
140.24745178222656        5.315324685663737
140.3354034423828         5.316435843296179
140.42335510253906        5.315160235690529
140.5113067626953         5.3147135513751405
140.59925842285156        5.3161157315212355
140.6872100830078         5.316114373845669
140.77516174316406        5.314456242599641
140.8631134033203         5.315902293451384
140.95106506347656        5.316132605153918
141.0390167236328         5.3148020899426225
141.12696838378906        5.3150746404610105
141.2149200439453         5.316052986282679
141.30287170410156        5.315082514459337
141.3908233642578         5.315063623166763
141.47877502441406        5.316116596773547
141.5667266845703         5.314880632789262
141.65467834472656        5.314586474489939
141.7426300048828         5.315830192802204
141.83058166503906        5.315816891528267
141.9185333251953         5.31420879325678
142.00648498535156        5.315687485947365
142.0944366455078         5.315891804327598
142.18238830566406        5.314505287852001
142.2703399658203         5.3147892404919475
142.35829162597656        5.315818993684288
142.4462432861328         5.31482428729746
142.53419494628906        5.314772693703065
142.6221466064453         5.315834869879214
142.71009826660156        5.3146270968333456
142.7980499267578         5.314316210814311
142.88600158691406        5.315517886983684
142.9739532470703         5.3155048217707765
143.06190490722656        5.313942483336525
143.1498565673828         5.315415829238731
143.23780822753906        5.31559570670234
143.3257598876953         5.314219419164893
143.41371154785156        5.3145603538592034
143.5016632080078         5.315603369716571
143.58961486816406        5.314583443959417
143.6775665283203         5.314534533045894
143.76551818847656        5.315642147142426
143.8534698486328         5.314467529124948
143.94142150878906        5.314157687907867
144.0293731689453         5.315433375521627
144.11732482910156        5.3152625406958425
144.2052764892578         5.313779179409581
144.29322814941406        5.315235619967349
144.3811798095703         5.3153708117936045
144.46913146972656        5.314006139251532
144.5570831298828         5.3143594651794395
144.64503479003906        5.315364257300806
144.7329864501953         5.314312812211524
144.82093811035156        5.314295491899777
144.9088897705078         5.315440601238939
144.99684143066406        5.314245177575182
145.0847930908203         5.31391899595102
145.17274475097656        5.315218068029027
145.2606964111328         5.315086269818447
145.34864807128906        5.3136074216926374
145.4365997314453         5.3150292690145635
145.52455139160156        5.3151817935096295
145.6125030517578         5.313867780044914
145.70045471191406        5.314228661051946
145.7884063720703         5.315201215396739
145.87635803222656        5.314144851580865
145.9643096923828         5.314161405147396
146.05226135253906        5.315292302988418
146.1402130126953         5.314050743310963
146.22816467285156        5.313712389901985
146.3161163330078         5.315069764337017
146.40406799316406        5.314923567475881
146.4920196533203         5.313384008628666
146.57997131347656        5.314797902728795
146.6679229736328         5.3149894467756615
146.75587463378906        5.313684643411681
146.8438262939453         5.314002003923465
146.93177795410156        5.314943044096148
147.0197296142578         5.3139297350186325
147.10768127441406        5.313954694702343
147.1956329345703         5.3150148413057225
147.28358459472656        5.313739211235264
147.3715362548828         5.313434631851535
147.45948791503906        5.314800652561614
147.5474395751953         5.314647987569542
147.63539123535156        5.3131076976967
147.7233428955078         5.314546102562166
147.81129455566406        5.314761956123516
147.8992462158203         5.313406501837517
147.98719787597656        5.313696185011536
148.0751495361328         5.31469396337643
148.16310119628906        5.313700364664912
148.2510528564453         5.3137370426122725
148.33900451660156        5.31480336287826
148.4269561767578         5.31355695881845
148.51490783691406        5.313299053584279
148.6028594970703         5.314636286634099
148.69081115722656        5.31442566840818
148.7787628173828         5.312899171537145
148.86671447753906        5.314362045832889
148.9546661376953         5.314565452863253
149.04261779785156        5.313177907802009
149.1305694580078         5.313454908109094
149.21852111816406        5.314588922077536
149.3064727783203         5.313480557486359
149.39442443847656        5.313449745039648
149.4823760986328         5.314504058888112
149.57032775878906        5.313315938866556
149.6582794189453         5.3128970286818715
149.74623107910156        5.314234303255261
149.8341827392578         5.313764154263546
149.92068481445312        5.313912199850503
149.9986114501953         5.313195493846207
