% Model:                Glucose transport.mph
% Version:              COMSOL 4.1.0.88
% Date:                 May 6 2016, 18:54
% Dimension:            1
% Nodes:                1927
% Expressions:          1
% Description:          Line graph
% x                       Height
0                         3.134433141063594
0.05718577280640602       3.1374167011035468
0.12461677193641663       3.1257324910820343
0.2000601589679718        3.131111275185524
0.2780119776725769        3.1342761248040625
0.3559637665748596        3.116746594296795
0.43391555547714233       3.128487371911519
0.511867344379425         3.1324469839212106
0.5898191332817078        3.1144299351515348
0.6677709221839905        3.1268846183149406
0.7457227110862732        3.126393208229295
0.8236744999885559        3.1259533601249596
0.9016262888908386        3.1291809698663973
0.9795780777931213        3.111302277687384
1.0575299263000488        3.1238460975672173
1.1354817152023315        3.123954306835399
1.2134335041046143        3.1255780216296936
1.291385293006897         3.107188752068818
1.3693370819091797        3.125071440104217
1.4472888708114624        3.122216116432759
1.5252406597137451        3.1250393382580746
1.6031924486160278        3.107939657201442
1.6811442375183105        3.1192243950115657
1.7590960264205933        3.1233440026864008
1.837047815322876         3.1058355993798608
1.9149996042251587        3.1184244369509755
1.9929513931274414        3.1182889053481877
2.0709033012390137        3.117709394844744
2.148855209350586         3.1213968695279424
2.226807117462158         3.1044203390287635
2.3047590255737305        3.1157291911963054
2.3827109336853027        3.119825445977903
2.460662841796875         3.1024820467509917
2.5386147499084473        3.1152464642083624
2.6165666580200195        3.1149214538177072
2.694518566131592         3.1145971499526537
2.772470474243164         3.118179642437762
2.8504223823547363        3.100775614242111
2.9283742904663086        3.1134309666180426
3.006326198577881         3.1134246525614984
3.084278106689453         3.1154145837164946
3.1622300148010254        3.097532351090442
3.2401819229125977        3.115511947840531
3.31813383102417          3.112684834709473
3.396085739135742         3.1156307298320556
3.4740376472473145        3.0988418844930106
3.5519895553588867        3.1102563007616224
3.629941463470459         3.1143402052269393
3.7078933715820312        3.0971982081399316
3.7858452796936035        3.109166483194895
3.863797187805176         3.110580282263593
3.941749095916748         3.1094402146752893
4.01970100402832          3.1131307540668325
4.097652912139893         3.096372828047429
4.175604820251465         3.1078548790434133
4.253556728363037         3.112113835004668
4.331508636474609         3.0944388641487968
4.409460544586182         3.1068032940115216
4.487412452697754         3.1085765858456247
4.565364360809326         3.1072868614328457
4.643316268920898         3.1110592434461535
4.721268177032471         3.0942968033248706
4.799220085144043         3.1058531350867864
4.877171993255615         3.1101892203672636
4.9551239013671875        3.092605368757166
5.03307580947876          3.1048813142544374
5.111027717590332         3.106658723891575
5.188979625701904         3.1053742034911385
5.266931533813477         3.109098860427422
5.344883441925049         3.0923405060090947
5.422835350036621         3.1032896035366244
5.500787258148193         3.1045476492917756
5.578739166259766         3.1068494108940694
5.656691074371338         3.087801896528018
5.73464298248291          3.1068368166816285
5.812594890594482         3.104292243910064
5.890546798706055         3.107269309456303
5.968498706817627         3.090562125759421
6.046450614929199         3.101447533079555
6.1244025230407715        3.102727483631723
6.202354431152344         3.105104413619991
6.280306339263916         3.0861517254772513
6.358258247375488         3.10512021456374
6.4362101554870605        3.102499021048869
6.514162063598633         3.105548452118181
6.592113971710205         3.08888673082432
6.670065879821777         3.0998408116976774
6.74801778793335          3.100331745899401
6.825969696044922         3.10075392378169
6.903921604156494         3.103337795682665
6.981873512268066         3.088630234869434
7.059825420379639         3.0995990976805055
7.137777328491211         3.1001410432189265
7.215729236602783         3.1028733994739577
7.2936811447143555        3.083983911984766
7.371633052825928         3.1023178947864833
7.4495849609375           3.099621507911978
7.527536869049072         3.101770217654292
7.6054887771606445        3.0872571456859697
7.683440685272217         3.0987141765601858
7.761392593383789         3.102056318451383
7.839344501495361         3.085038629143394
7.917296409606934         3.0976336413140233
7.995248317718506         3.0975131202499386
8.073200225830078         3.0976390989806535
8.151151657104492         3.1003419266540226
8.229103088378906         3.085953678280166
8.30705451965332          3.097458118837679
8.385005950927734         3.1007669987050983
8.462957382202148         3.0835872271514813
8.540908813476562         3.096380798092622
8.618860244750977         3.0962345630449066
8.69681167602539          3.096330882180977
8.774763107299805         3.09896250070422
8.852714538574219         3.0846412666989695
8.930665969848633         3.0961576144917275
9.008617401123047         3.0993438780825247
9.086568832397461         3.0830916310005785
9.164520263671875         3.0946977574638663
9.242471694946289         3.0948802242927873
9.320423126220703         3.095261514018736
9.398374557495117         3.0978189679012247
9.476325988769531         3.0834456920192266
9.554277420043945         3.0949647392597965
9.63222885131836          3.098153233628415
9.710180282592773         3.0818214042598377
9.788131713867188         3.093296980854517
9.866083145141602         3.0935433586100207
9.944034576416016         3.0939303868574246
10.02198600769043         3.096483797191086
10.099937438964844        3.0818878186379766
10.177888870239258        3.0934624790705203
10.255840301513672        3.093709769603138
10.333791732788086        3.095828808471671
10.4117431640625          3.076775746099488
10.489694595336914        3.095886323547967
10.567646026611328        3.093654393317554
10.645597457885742        3.096191987226359
10.723548889160156        3.079429499209631
10.80150032043457         3.0919159158987255
10.879451751708984        3.095831857469913
10.957403182983398        3.0791930027593715
11.035354614257812        3.0916280671463716
11.113306045532227        3.0915137867586697
11.19125747680664         3.091700655074249
11.269208908081055        3.0950371962630956
11.347160339355469        3.078289884779884
11.425111770629883        3.0906865237396897
11.503063201904297        3.0947088667814215
11.581014633178711        3.0784003846761707
11.658966064453125        3.0898121476965543
11.736917495727539        3.089953392265739
11.814868927001953        3.0903997049665395
11.892820358276367        3.0938303694224056
11.970771789550781        3.0771327053726236
12.048723220825195        3.089533595043239
12.12667465209961         3.093437898401532
12.204626083374023        3.0771907434321712
12.282577514648438        3.088666379717776
12.360528945922852        3.088872716378931
12.438480377197266        3.089242432041743
12.51643180847168         3.092699248968935
12.594383239746094        3.0760495754377453
12.672334671020508        3.0884371574995546
12.750286102294922        3.092214969522352
12.828237533569336        3.07566500035497
12.90618896484375         3.0884046465193635
12.984140396118164        3.088631946018633
13.062091827392578        3.0881973625682626
13.140043258666992        3.09142935638964
13.217994689941406        3.074060959369536
13.29594612121582         3.087450582887737
13.373897552490234        3.0879919906086575
13.451848983764648        3.0901706222174328
13.529800415039062        3.0713027598936042
13.607751846313477        3.090328317274396
13.68570327758789         3.0880364287553066
13.763654708862305        3.090605841262418
13.841606140136719        3.074036400820102
13.919557571411133        3.0865267882919936
13.997509002685547        3.090432700968064
14.075460433959961        3.0736967177737307
14.153411865234375        3.0862117666676974
14.231363296508789        3.0865811005208554
14.309314727783203        3.0865127858253887
14.387266159057617        3.089821634553871
14.465217590332031        3.073185261372812
14.543169021606445        3.085732579796325
14.62112045288086         3.089912448704533
14.699071884155273        3.0727040081474555
14.777023315429688        3.0851807232458035
14.854974746704102        3.0851949277618376
14.932926177978516        3.0855304598055957
15.01087760925293         3.08896862878975
15.088829040527344        3.0722665643227707
15.166780471801758        3.084748208301626
15.244731903076172        3.0890044019463474
15.322683334350586        3.0718465192923787
15.400634765625           3.084347908856425
15.478586196899414        3.084300121060658
15.556537628173828        3.084663212228371
15.634489059448242        3.088139413762143
15.712440490722656        3.0714644364247152
15.79039192199707         3.083846888030226
15.868343353271484        3.088115410421532
15.946294784545898        3.071348360990468
16.024246215820312        3.083468675940772
16.102197647094727        3.083468081500794
16.18014907836914         3.0839320917292223
16.258100509643555        3.087425900008844
16.33605194091797         3.0699295039875625
16.414003372192383        3.0830945376776637
16.491954803466797        3.0838710329393093
16.56990623474121         3.086111203576164
16.647857666015625        3.067350559209603
16.72580909729004         3.086219892223162
16.803760528564453        3.0837774726481784
16.881711959838867        3.086578983018919
16.95966339111328         3.0699948707472435
17.037614822387695        3.0823920619719565
17.11556625366211         3.086501794179011
17.193517684936523        3.0697401211708537
17.271469116210938        3.0819292866663806
17.34942054748535         3.0819741634951874
17.427371978759766        3.0822834197158295
17.50532341003418         3.0857452427444216
17.583274841308594        3.069194022311804
17.661226272583008        3.081612244043449
17.739177703857422        3.0858443335626418
17.817129135131836        3.0683997501054123
17.89508056640625         3.0813432088179473
17.973031997680664        3.0812989457433293
18.050983428955078        3.0814195830696507
18.128934860229492        3.084819791108704
18.206886291503906        3.0685955870741637
18.28483772277832         3.0805896945357585
18.362789154052734        3.0846802171575893
18.44074058532715         3.0681459760565843
18.518692016601562        3.079260583299802
18.596643447875977        3.080355786558656
18.67459487915039         3.080709923355425
18.752546310424805        3.084274213688238
18.83049774169922         3.067588674969429
18.908449172973633        3.0796125719080356
18.986400604248047        3.0836596909082896
19.06435203552246         3.0681125812166106
19.142303466796875        3.0782655588606316
19.22025489807129         3.079479383437504
19.298206329345703        3.079870019999261
19.376157760620117        3.0833351543324636
19.45410919189453         3.066629869283612
19.532060623168945        3.079750183843448
19.61001205444336         3.0831720718307816
19.687963485717773        3.0666554059770292
19.765914916992188        3.077617481437898
19.8438663482666          3.078602770033728
19.921817779541016        3.0790284847402143
19.99976921081543         3.082676328908829
20.077720642089844        3.066046605790774
20.155672073364258        3.0771519337289623
20.233623504638672        3.0785008443236497
20.311574935913086        3.0808472935435076
20.3895263671875          3.063635782909187
20.467477798461914        3.081064045777035
20.545429229736328        3.0786658203135904
20.623380661010742        3.0816216921840844
20.701332092285156        3.0650669923247453
20.77928352355957         3.0780044947564837
20.857234954833984        3.0808647106096614
20.9351863861084          3.065778888317509
21.013137817382812        3.0768116778940793
21.091089248657227        3.076935772928643
21.16904067993164         3.07725728463937
21.246992111206055        3.0809110808376006
21.32494354248047         3.0643839408560303
21.402894973754883        3.0774403229680782
21.480846405029297        3.0806749218698926
21.55879783630371         3.064156022622704
21.636749267578125        3.0753403029752993
21.71470069885254         3.0763339130367457
21.792652130126953        3.076529257038686
21.870603561401367        3.080062507658694
21.94855499267578         3.063601362736481
22.026506423950195        3.076701703418982
22.10445785522461         3.0799757964312606
22.182409286499023        3.063360980093943
22.260360717773438        3.0745302075353873
22.33831214904785         3.075640250702837
22.416263580322266        3.0759174233250555
22.49421501159668         3.079413134946617
22.572166442871094        3.0627830824925213
22.650117874145508        3.075752362010658
22.728069305419922        3.079036245006176
22.806020736694336        3.061997812517797
22.88397216796875         3.0748003613521235
22.961923599243164        3.0747053294775677
23.039875030517578        3.074874574472868
23.117826461791992        3.078587295508037
23.195777893066406        3.062295695611729
23.27372932434082         3.0737295432453577
23.351680755615234        3.078014232322776
23.42963218688965         3.06115827318065
23.507583618164062        3.0739637627537437
23.585535049438477        3.073914434000165
23.66348648071289         3.0740191941799844
23.741437911987305        3.077653870834319
23.81938934326172         3.061120049060054
23.897340774536133        3.0741313811717603
23.975292205810547        3.077252479612887
24.05324363708496         3.060438935905675
24.131195068359375        3.073192975062348
24.20914649963379         3.0731443008746266
24.287097930908203        3.0731810514527242
24.365049362182617        3.0767191403205847
24.44300079345703         3.0602835391178216
24.520952224731445        3.0733588002446477
24.59890365600586         3.076546023283129
24.676855087280273        3.0596942443010113
24.754806518554688        3.072159012082967
24.8327579498291          3.073050014382864
24.910709381103516        3.072702851799652
24.98866081237793         3.0760600824093167
25.066612243652344        3.0596606934149055
25.144563674926758        3.072804417104541
25.222515106201172        3.075982990019179
25.300466537475586        3.058859510355483
25.37841796875            3.071101408489854
25.456369400024414        3.0724150180592407
25.534320831298828        3.0722132783177365
25.612272262573242        3.0755850364289756
25.690223693847656        3.059121423374714
25.76817512512207         3.0704560502035902
25.846126556396484        3.0717088855466677
25.9240779876709          3.073909430382765
26.002029418945312        3.056494641229732
26.079980850219727        3.0743213317912836
26.15793228149414         3.0719970107731656
26.235883712768555        3.0750776908490924
26.31383514404297         3.058798720528718
26.391786575317383        3.0704036632151497
26.469738006591797        3.074762534946712
26.54768943786621         3.057929082394792
26.625640869140625        3.069929767607169
26.70359230041504         3.0711936532680024
26.781543731689453        3.0707400741227064
26.859495162963867        3.074536512785605
26.93744659423828         3.0583255957209605
27.015398025512695        3.0698490094211897
27.09334945678711         3.074212993678214
27.171300888061523        3.057576160496763
27.249252319335938        3.0696731874635765
27.32720375061035         3.0708026260962935
27.405155181884766        3.0697214625370743
27.48310661315918         3.0704232180738065
27.561058044433594        3.0730255323184634
27.639009475708008        3.05488056771164
27.716960906982422        3.076853410850779
27.794912338256836        3.057806545947784
27.87286376953125         3.069661274198863
27.950815200805664        3.0694706647859666
28.028766632080078        3.0695898263937123
28.106718063354492        3.0732749056364974
28.184669494628906        3.0566068269250617
28.26262092590332         3.069118537112304
28.340572357177734        3.06951266879883
28.41852378845215         3.071564694172967
28.496475219726562        3.0543784530376374
28.574426651000977        3.0721234533542994
28.65237808227539         3.069651251796827
28.730329513549805        3.0728104629317365
28.80828094482422         3.056864132532421
28.886232376098633        3.0682805747535906
28.964183807373047        3.072648523728464
29.04213523864746         3.0562547455729256
29.120086669921875        3.067531366205129
29.19803810119629         3.0687719908575817
29.275989532470703        3.0685475019435504
29.353940963745117        3.072217571197512
29.43189239501953         3.056130268420461
29.509843826293945        3.067500674181755
29.58779525756836         3.0717649458205902
29.665746688842773        3.0550604324728567
29.743698120117188        3.0677119932533037
29.8216495513916          3.067853609821526
29.899600982666016        3.0679158019277333
29.97755241394043         3.0716505285917073
30.055503845214844        3.0554808516706493
30.133455276489258        3.066874393647967
30.211406707763672        3.0711309601541386
30.289358139038086        3.0544780942933505
30.3673095703125          3.0663349860975586
30.445261001586914        3.0678777894513636
30.523212432861328        3.067088094613196
30.601163864135742        3.070997913779132
30.679115295410156        3.0548094312230045
30.75706672668457         3.0661732517062688
30.835018157958984        3.070566821071465
30.9129695892334          3.054227184838504
30.990921020507812        3.065945450251072
31.068872451782227        3.06744183192847
31.14682388305664         3.066651804748367
31.224775314331055        3.070527527823268
31.30272674560547         3.054309045900107
31.380678176879883        3.0655558865822026
31.458629608154297        3.0700136902815114
31.53658103942871         3.0530925986843354
31.614532470703125        3.0653262160734696
31.69248390197754         3.067030635113034
31.770435333251953        3.0659728013578995
31.848386764526367        3.069945921637343
31.92633819580078         3.053804294831973
32.00429153442383         3.06505319326198
32.082244873046875        3.0694108117501413
32.16019821166992         3.05262742449625
32.23815155029297         3.0648619404035715
32.316104888916016        3.0666764821798433
32.39405822753906         3.065488972210002
32.47201156616211         3.0693956175774018
32.549964904785156        3.0533716357693117
32.6279182434082          3.064165507098888
32.70587158203125         3.0653674168712803
32.7838249206543          3.067730305611322
32.861778259277344        3.0504077089420876
32.93973159790039         3.068198026801306
33.01768493652344         3.06507218446335
33.095638275146484        3.0654113768681266
33.17359161376953         3.0677992519719424
33.25154495239258         3.049255827606421
33.329498291015625        3.0678558400673674
33.40745162963867         3.0654679759819436
33.48540496826172         3.0676746903242273
33.563358306884766        3.0536325127918307
33.64131164550781         3.065008167229568
33.71926498413086         3.0683650231991964
33.797218322753906        3.052356504845854
33.87517166137695         3.0633093714704684
33.953125                 3.0639263819887455
34.03107833862305         3.0642937347585097
34.109031677246094        3.0669511761815826
34.18698501586914         3.0530584658147855
34.26493835449219         3.064473444423329
34.342891693115234        3.067889454648951
34.42084503173828         3.0518348757715636
34.49879837036133         3.0626744552704364
34.576751708984375        3.0636087513137134
34.65470504760742         3.0639495649931408
34.73265838623047         3.0664711140779684
34.810611724853516        3.052498982314071
34.88856506347656         3.0638935478176443
34.96651840209961         3.067240897991548
35.044471740722656        3.050508582899319
35.1224250793457          3.0629073072946733
35.20037841796875         3.0630452268266275
35.2783317565918          3.0633170746210268
35.356285095214844        3.0659139861411795
35.43423843383789         3.051874496591043
35.51219177246094         3.0632844730222697
35.590145111083984        3.0666583118935726
35.66809844970703         3.0498344927789995
35.74605178833008         3.0623175049054523
35.824005126953125        3.06240000720582
35.90195846557617         3.0627849683324855
35.97991180419922         3.0653565910426086
36.057865142822266        3.0507436380662627
36.13581848144531         3.0620759863787943
36.21377182006836         3.0627007945630926
36.291725158691406        3.0653840809377213
36.36967849731445         3.0470071393406495
36.4476318359375          3.0650492720135643
36.52558517456055         3.0625921616722733
36.603538513183594        3.0647514027974783
36.68149185180664         3.0506597957008736
36.75944519042969         3.061973669628888
36.837398529052734        3.0653210161129056
36.91535186767578         3.049537786768648
36.99330520629883         3.060790720619727
37.071258544921875        3.0609220023199306
37.14921188354492         3.061396844203959
37.22716522216797         3.0641457865271535
37.305118560791016        3.050135073116924
37.38307189941406         3.0613868727862523
37.46102523803711         3.0647265763590426
37.538978576660156        3.048136949703391
37.6169319152832          3.0606150502238205
37.69488525390625         3.0605825605349555
37.7728385925293          3.0608807423120314
37.850791931152344        3.0643690753285164
37.92874526977539         3.048139530229238
38.00669860839844         3.0603594482428536
38.084651947021484        3.064072422092726
38.16260528564453         3.0479246748423683
38.24055862426758         3.060394474815618
38.318511962890625        3.060562739304296
38.39646530151367         3.060304989330444
38.47441864013672         3.063620636539683
38.552371978759766        3.047489047323578
38.63032531738281         3.0597996916773185
38.70827865600586         3.0636592602923467
38.786231994628906        3.047641737830514
38.86418533325195         3.0589904810398094
38.942138671875           3.0593270719634575
39.02009201049805         3.059787465936989
39.098045349121094        3.0630047838986774
39.17599868774414         3.045959908715372
39.25395202636719         3.0592645046834557
39.331905364990234        3.059725818855738
39.40985870361328         3.0618843713758124
39.48781204223633         3.0433811822669474
39.565765380859375        3.062179056569854
39.64371871948242         3.060001738118153
39.72167205810547         3.0625347416790114
39.799625396728516        3.0462548936197775
39.87757873535156         3.0586316647256058
39.95553207397461         3.0625516681497813
40.033485412597656        3.046261605432675
40.1114387512207          3.058727552070645
40.18939208984375         3.059080730064731
40.2673454284668          3.058882682104232
40.345298767089844        3.062160063246449
40.42325210571289         3.045819300852799
40.50120544433594         3.0580911018882286
40.579158782958984        3.0620497667808966
40.65711212158203         3.0457825797083213
40.73506546020508         3.0581273899594943
40.813018798828125        3.0583985505533566
40.89097213745117         3.0584004950239785
40.96892547607422         3.0617605551162805
41.046878814697266        3.045517153466237
41.12483215332031         3.0577510933692276
41.20278549194336         3.061742247304575
41.280738830566406        3.045458260334469
41.35869216918945         3.0576829375284285
41.4366455078125          3.058055939829685
41.51459884643555         3.0579457331117865
41.592552185058594        3.061308709799883
41.67050552368164         3.04503635495492
41.74845886230469         3.0572370310433263
41.826412200927734        3.0613255716254093
41.90436553955078         3.0445756898823473
41.98231887817383         3.056920226867418
42.060272216796875        3.0568780883744293
42.13822555541992         3.0571697672758464
42.21617889404297         3.0605973399465505
42.294132232666016        3.043477155721791
42.37208557128906         3.0565477946955077
42.45003890991211         3.057079438981678
42.527992248535156        3.059303078234833
42.6059455871582          3.0408508195141764
42.68389892578125         3.059535460341419
42.7618522644043          3.0572879833932083
42.839805603027344        3.059953418097662
42.91775894165039         3.04377083339308
42.99571228027344         3.0560261791584766
43.073665618896484        3.0600840104044966
43.15161895751953         3.043510773929805
43.22957229614258         3.055452735540014
43.307525634765625        3.0554893058404824
43.38547897338867         3.0558125006698895
43.46343231201172         3.0591258495309344
43.541385650634766        3.042859514748661
43.61933898925781         3.055120032174198
43.69729232788086         3.059242804981505
43.775245666503906        3.0427064560401207
43.85319900512695         3.054653876796579
43.93115234375            3.0548384677742058
44.00910568237305         3.0552635816884193
44.087059020996094        3.0586444503050703
44.16501235961914         3.0423041541719753
44.24296569824219         3.0545674212855163
44.320919036865234        3.05870623873098
44.39887237548828         3.042198245870816
44.47682571411133         3.054062832016107
44.554779052734375        3.054218059431932
44.63273239135742         3.0547053686183863
44.71068572998047         3.058116029671867
44.788639068603516        3.0409537883920987
44.86659240722656         3.054015791029
44.94454574584961         3.054966069341807
45.022499084472656        3.057156336701204
45.1004524230957          3.0386783390481953
45.17840576171875         3.057213802531566
45.2563591003418          3.05500607670237
45.334312438964844        3.057773762689889
45.41226577758789         3.041730436649624
45.49021911621094         3.0533755742237276
45.568172454833984        3.0574952224882646
45.64612579345703         3.0414139731222063
45.72407913208008         3.0522988963917275
45.802032470703125        3.0531871721495056
45.87998580932617         3.0535576194453147
45.95793914794922         3.057220448878733
46.035892486572266        3.040890268670831
46.11384582519531         3.0525637387814353
46.19179916381836         3.0564582416846746
46.269752502441406        3.0421489709597083
46.34770584106445         3.0515657577397852
46.4256591796875          3.052786601931583
46.50361251831055         3.0531121231999387
46.581565856933594        3.0566753918834477
46.65951919555664         3.0404302259889953
46.73747253417969         3.0532847680291058
46.815425872802734        3.0564755630780716
46.89337921142578         3.040382093317105
46.97133255004883         3.0513418316688736
47.049285888671875        3.0523797559838743
47.12723922729492         3.052652884901966
47.20519256591797         3.0562108039800076
47.283145904541016        3.040031465856681
47.36109924316406         3.0510552241963245
47.43905258178711         3.0522748136444857
47.517005920410156        3.0544887485006105
47.5949592590332          3.0377002761018694
47.67291259765625         3.0549829257628427
47.7508659362793          3.0525823642134373
47.828819274902344        3.055346428433302
47.90677261352539         3.039183485043463
47.98472595214844         3.0521164378099708
48.062679290771484        3.0550491099344512
48.14063262939453         3.0400945105014596
48.21858596801758         3.051065731048059
48.296539306640625        3.0513888813866283
48.37449264526367         3.0518173680149028
48.45244598388672         3.05528692976934
48.530399322509766        3.0389694321577636
48.60835266113281         3.0519168638331706
48.68630599975586         3.0552239041627853
48.764259338378906        3.0389024247122034
48.84221267700195         3.0497570801132414
48.920166015625           3.0507927008843683
48.99811935424805         3.0511033631276865
49.076072692871094        3.054548455576127
49.15402603149414         3.038156807991185
49.23197937011719         3.050998780170554
49.309932708740234        3.054320810478285
49.38788604736328         3.0380133597505425
49.46583938598633         3.048835656855806
49.543792724609375        3.049860881441061
49.62174606323242         3.050264613763076
49.69969940185547         3.053803703622986
49.777652740478516        3.0374971479871204
49.85560607910156         3.050289414064777
49.93355941772461         3.053560731601578
50.011512756347656        3.036828380468477
50.0894660949707          3.0494211903094035
50.16741943359375         3.049335196714806
50.2453727722168          3.049530012567083
50.323326110839844        3.053181167382314
50.40127944946289         3.036878932646924
50.47923278808594         3.0478587882478987
50.557186126708984        3.049101638784306
50.63513946533203         3.0514180534363824
50.71309280395508         3.0346672066245466
50.791046142578125        3.0518831994653275
50.86899948120117         3.049402851377213
50.94695281982422         3.052327836933079
51.024906158447266        3.036138105356248
51.10285949707031         3.0489854844739326
51.18081283569336         3.0520928311165783
51.258766174316406        3.0355822674637998
51.33671951293945         3.048173016474833
51.4146728515625          3.0481860222510453
51.49262619018555         3.048270425542422
51.570579528808594        3.0517934487065532
51.64853286743164         3.0356499798024714
51.72648620605469         3.0484941513231325
51.804439544677734        3.0515754093093017
51.88239288330078         3.034971832886194
51.96034622192383         3.047235118096588
52.038299560546875        3.0481089161543884
52.11625289916992         3.04772885938096
52.19420623779297         3.050982595942543
52.272159576416016        3.0348533445924355
52.35011291503906         3.0478279422421024
52.42806625366211         3.05107253226697
52.506019592285156        3.0344634001849946
52.5839729309082          3.0459392556312785
52.66192626953125         3.0481612073012876
52.7398796081543          3.0474178830298375
52.817832946777344        3.0507617234787165
52.89578628540039         3.0347360168669293
52.97373962402344         3.0461346503107674
53.051692962646484        3.0503149053574834
53.12964630126953         3.0335986404006947
53.20759963989258         3.045401912565252
53.285552978515625        3.04709927954169
53.36350631713867         3.0466708027610645
53.44145965576172         3.0500961339515538
53.519412994384766        3.033881027387113
53.59736633300781         3.0450007026746144
53.67531967163086         3.046331474335335
53.753273010253906        3.048537402026984
53.83122634887695         3.031381570557039
53.9091796875             3.0487401806242125
53.98713302612305         3.04648861545396
54.065086364746094        3.0495457605275518
54.14303970336914         3.033558967892759
54.22099304199219         3.044857245026867
54.298946380615234        3.0491528270561328
54.37689971923828         3.0327561286762106
54.45485305786133         3.045169525801609
54.532806396484375        3.045066406150583
54.61075973510742         3.0451369783245354
54.68871307373047         3.0488171505251547
54.766666412353516        3.0325671625063335
54.84461975097656         3.0453774449080773
54.92257308959961         3.048464779601032
55.000526428222656        3.032093627291783
55.0784797668457          3.0445562245970224
55.15643310546875         3.0445152248843748
55.2343864440918          3.0444849847072843
55.312339782714844        3.0481485670059714
55.39029312133789         3.0319277327460243
55.46824645996094         3.0447990022955134
55.546199798583984        3.047908438526334
55.62415313720703         3.03186715538643
55.70210647583008         3.0428777674480036
55.780059814453125        3.0442584079904296
55.85801315307617         3.04404472935066
55.93596649169922         3.047716593395964
56.013919830322266        3.0319677985339353
56.09187316894531         3.043111082959124
56.16982650756836         3.0472082257232334
56.247779846191406        3.030702537893833
56.32573318481445         3.042385709763195
56.4036865234375          3.044040196045725
56.48163986206055         3.0431580527964197
56.559593200683594        3.0466801210714336
56.63754653930664         3.0304411788375822
56.71549987792969         3.042773632419513
56.793453216552734        3.0430875745736183
56.87140655517578         3.0450594043339403
56.94935989379883         3.02815537748938
57.027313232421875        3.0456458775926403
57.10526657104492         3.043227714761189
57.18321990966797         3.0462111487177057
57.261173248291016        3.0303383659999272
57.33912658691406         3.041566700267769
57.41707992553711         3.0457754830057304
57.495033264160156        3.029423225761476
57.5729866027832          3.041090070539083
57.65093994140625         3.042605705853367
57.7288932800293          3.04180210593466
57.806846618652344        3.0455841540690343
57.88479995727539         3.029575130975756
57.96275329589844         3.0406623975876728
58.040706634521484        3.0449192593544017
58.11865997314453         3.0288233456684672
58.19661331176758         3.0403333485199506
58.274566650390625        3.0418234899410406
58.35251998901367         3.0410849105742592
58.43047332763672         3.044928864755642
58.508426666259766        3.028984297061218
58.58638000488281         3.0400053152734317
58.66433334350586         3.044352851248306
58.742286682128906        3.0277067474911745
58.82024002075195         3.0397316551897435
58.898193359375           3.0413856528307686
58.97614669799805         3.0403124519153475
59.054100036621094        3.0441877342162664
59.13205337524414         3.0282941745588636
59.21000671386719         3.039302986287395
59.287960052490234        3.043533774190275
59.36591339111328         3.0270077605693735
59.44386672973633         3.039016238575748
59.521820068359375        3.040768624514046
59.59977340698242         3.0395574763135476
59.67772674560547         3.0433709288941007
59.755680084228516        3.0276125356583368
59.83363342285156         3.0382060082870503
59.91158676147461         3.0393771790300157
59.989540100097656        3.0417611317395314
60.0674934387207          3.0237939745529663
60.14544677734375         3.0421963514118957
60.2234001159668          3.0396981422833345
60.301353454589844        3.042632239395279
60.37930679321289         3.0268915306332143
60.45726013183594         3.037528103871665
60.535213470458984        3.0387251973221048
60.61316680908203         3.040988457154993
60.69112014770508         3.023055767880209
60.769073486328125        3.041492110704452
60.84702682495117         3.039026198132342
60.92498016357422         3.041879898622097
61.002933502197266        3.026088606569644
61.08088684082031         3.036857590379187
61.15884017944336         3.037423728066492
61.236793518066406        3.037314726462202
61.31474685668945         3.0376998988049966
61.3927001953125          3.0407080812858145
61.47065353393555         3.0228895224460115
61.548606872558594        3.039868118602244
61.62656021118164         3.040788998930042
61.70451354980469         3.0224930825654677
61.782466888427734        3.040235795587106
61.86042022705078         3.0376503984221497
61.93837356567383         3.039653998170545
62.016326904296875        3.0259197374958764
62.09428024291992         3.037171903317622
62.17223358154297         3.0405321832130956
62.250186920166016        3.024644012396929
62.32814025878906         3.0352277811465163
62.40609359741211         3.0361796851704224
62.484046936035156        3.0365868360292336
62.5620002746582          3.039094461159323
62.63995361328125         3.025275748920621
62.7179069519043          3.036519464069549
62.795860290527344        3.0399688336641075
62.87381362915039         3.0240215407375572
62.95176696777344         3.034632208173633
63.029720306396484        3.0356663916456608
63.10767364501953         3.0359185203592034
63.18562698364258         3.0384318420172405
63.263580322265625        3.0245593565538136
63.34153366088867         3.0357012580441403
63.41948699951172         3.03896405164754
63.497440338134766        3.0234327754686094
63.57539367675781         3.0347237037597905
63.65334701538086         3.0347212132088566
63.731300354003906        3.0351510143276625
63.80925369262695         3.037807014990881
63.88720703125            3.0239775335624643
63.96516036987305         3.034996622207282
64.0431137084961          3.03824358619545
64.12106323242188         3.02276572430847
64.19901275634766         3.0338339331414073
64.27696228027344         3.0339650274446393
64.35491180419922         3.034485762748523
64.432861328125           3.037136970701959
64.51081085205078         3.022906630573282
64.58876037597656         3.033947262515466
64.66670989990234         3.0344869793186833
64.74465942382812         3.0367917538363645
64.8226089477539          3.0186664410827357
64.90055847167969         3.0368164151601706
64.97850799560547         3.0346396183744764
65.05645751953125         3.0372605403338184
65.13440704345703         3.0213422452435585
65.21235656738281         3.0332906227933396
65.2903060913086          3.036904621612986
65.36825561523438         3.02113010857566
65.44620513916016         3.0333222881582214
65.52415466308594         3.0333503694524366
65.60210418701172         3.033486574017889
65.6800537109375          3.036687067085159
65.75800323486328         3.0206010208685132
65.83595275878906         3.0326696479050432
65.91390228271484         3.036584324189884
65.99185180664062         3.020892789133705
66.0698013305664          3.0318861796903476
66.14775085449219         3.032152565999873
66.22570037841797         3.0327158515139208
66.30364990234375         3.0360264149752196
66.38159942626953         3.019969541285964
66.45954895019531         3.031933698240417
66.5374984741211          3.0358457222684976
66.61544799804688         3.0202001540375045
66.69339752197266         3.031245819004144
66.77134704589844         3.0314716443168908
66.84929656982422         3.0319792090722384
66.92724609375            3.0353494021459824
67.00519561767578         3.019324744599216
67.08314514160156         3.0312764376138785
67.16109466552734         3.035006569282797
67.23904418945312         3.019125530724064
67.3169937133789          3.031467433348914
67.39494323730469         3.031648320575609
67.47289276123047         3.0312933550740997
67.55084228515625         3.0345764858137563
67.62879180908203         3.01864246222532
67.70674133300781         3.030628488687346
67.7846908569336          3.0343372408184845
67.86264038085938         3.0184291352521524
67.94058990478516         3.0306935287032015
68.01853942871094         3.031048029888245
68.09648895263672         3.0306719255819843
68.1744384765625          3.0338761994590913
68.25238800048828         3.0180036323398918
68.33033752441406         3.0300303614631736
68.40828704833984         3.0337735332214555
68.48623657226562         3.0177039615302075
68.5641860961914          3.029857544574433
68.64213562011719         3.030283791132021
68.72008514404297         3.0301234584146157
68.79803466796875         3.033206078651661
68.87598419189453         3.016487087684728
68.95393371582031         3.029446047855319
69.0318832397461          3.0300342461312013
69.10983276367188         3.032110766293973
69.18778228759766         3.0139607786448934
69.26573181152344         3.032381610230654
69.34368133544922         3.0302219522224325
69.421630859375           3.0327528129650156
69.49958038330078         3.0167652442875506
69.57752990722656         3.028896894793298
69.65547943115234         3.0329711814634925
69.73342895507812         3.0164250751957247
69.8113784790039          3.0285070240170113
69.88932800292969         3.0285327946153684
69.96727752685547         3.0288405838989436
70.04522705078125         3.032229096678752
70.12317657470703         3.016135316414251
70.20112609863281         3.028156230885526
70.2790756225586          3.0322813475409163
70.35702514648438         3.0160916873235553
70.43497467041016         3.0277118423527654
70.51292419433594         3.027672877940555
70.59087371826172         3.0276974927349416
70.6688232421875          3.027605932440511
70.74677276611328         3.0271621600511094
70.82472229003906         3.024113169559512
70.90267181396484         3.03103039310744
70.98062133789062         3.014992284206897
71.0585708618164          3.0274456106662253
71.13652038574219         3.0273008481126435
71.21446990966797         3.0275470108982407
71.29241943359375         3.030919355324655
71.37036895751953         3.0140893717717594
71.44831848144531         3.0267861510424896
71.5262680053711          3.0275567354509008
71.60421752929688         3.0297457223224917
71.68216705322266         3.011702536254798
71.76011657714844         3.029885828153114
71.83806610107422         3.027554533298793
71.916015625              3.030315238683975
71.99396514892578         3.0143820630551534
72.07191467285156         3.02634747995904
72.14986419677734         3.030335749669864
72.22781372070312         3.01422396175311
72.3057632446289          3.025995032833771
72.38371276855469         3.026051898361881
72.46166229248047         3.0263615874025724
72.53961181640625         3.02974001089712
72.61756134033203         3.013996109075093
72.69551086425781         3.0257645497776657
72.7734603881836          3.0298672287107338
72.85140991210938         3.013766727570754
72.92935943603516         3.0245620709800662
73.00730895996094         3.025570673339421
73.08525848388672         3.0258761550027455
73.1632080078125          3.029323406711212
73.24115753173828         3.0133587001104942
73.31910705566406         3.024916601852596
73.39705657958984         3.02869996652855
73.47500610351562         3.014318246422647
73.5529556274414          3.0236141048050227
73.63090515136719         3.0249027506201314
73.70885467529297         3.025247968160947
73.78680419921875         3.0285612868516543
73.86475372314453         3.0125277042476486
73.94270324707031         3.0252360624056136
74.0206527709961          3.0283800534080774
74.09860229492188         3.0118750232605502
74.17655181884766         3.0242064446482297
74.25450134277344         3.024216203461818
74.33245086669922         3.024460519402812
74.410400390625           3.027856120120083
74.48834991455078         3.0117702353683176
74.56629943847656         3.0243848185188194
74.64424896240234         3.027597598943092
74.72219848632812         3.0122127947443436
74.8001480102539          3.0253690458832887
74.87559509277344         3.0185526088622314
74.94302368164062         3.029019925064869
75.00020599365234         3.0263419792509443
75.05738830566406         3.0294392059167516
75.12481689453125         3.019075601923075
75.20026397705078         3.024755358146293
75.27821350097656         3.0283997724522638
75.35616302490234         3.012703295924471
75.43411254882812         3.0242732850700063
75.5120620727539          3.0285637747986875
75.59001159667969         3.0122972413920466
75.66796112060547         3.0244687852503818
75.74591064453125         3.0245200225691256
75.82386016845703         3.0245918813446044
75.90180969238281         3.028075894801344
75.9797592163086          3.011788932183431
76.05770874023438         3.023947446651664
76.13565826416016         3.024452480881074
76.21360778808594         3.026360769612629
76.29155731201172         3.009520605420195
76.3695068359375          3.026649207976884
76.44745635986328         3.0243386100882925
76.52540588378906         3.027341517539788
76.60335540771484         3.011656734628216
76.68130493164062         3.0225846558112424
76.7592544555664          3.026799348163206
76.83720397949219         3.0107087848856033
76.91515350341797         3.0228506423049954
76.99310302734375         3.0230450170307597
77.07105255126953         3.022809707726761
77.14900207519531         3.026575926550314
77.2269515991211          3.0109176848072536
77.30490112304688         3.0218083255702806
77.38285064697266         3.025909259713705
77.46080017089844         3.009841676240637
77.53874969482422         3.022070785208548
77.61669921875            3.0220055706691493
77.69464874267578         3.0219477492282865
77.77259826660156         3.0255674225893916
77.85054779052734         3.0094346210467453
77.92849731445312         3.0215640863031905
78.0064468383789          3.0217701203902507
78.08439636230469         3.023848370953981
78.16234588623047         3.0072373104483776
78.24029541015625         3.024386732873436
78.31824493408203         3.021937810141394
78.39619445800781         3.0249018117182542
78.4741439819336          3.009267739934754
78.55209350585938         3.0202016846068958
78.63004302978516         3.024249418654767
78.70799255371094         3.0083053606820873
78.78594207763672         3.019791116866791
78.8638916015625          3.0213381085142914
78.94184112548828         3.0204630303657876
79.01979064941406         3.0241323312955974
79.09774017333984         3.0085109676285517
79.17568969726562         3.019510055425658
79.2536392211914          3.023705192149908
79.33158874511719         3.007209586084426
79.40953826904297         3.0190384495758256
79.48748779296875         3.0208672426570904
79.56543731689453         3.0197795626217716
79.64338684082031         3.0234448915886984
79.7213363647461          3.00771340761189
79.79928588867188         3.0187173706099615
79.87723541259766         3.0229473515396377
79.95518493652344         3.006502557401024
80.03313446044922         3.018238892747594
80.111083984375           3.020065389328268
80.18903350830078         3.018993867113347
80.26698303222656         3.0226510122470613
80.34493255615234         3.006956894877245
80.42288208007812         3.017422941654252
80.5008316040039          3.018740806477477
80.57878112792969         3.0210459853355474
80.65673065185547         3.003185540308773
80.73468017578125         3.021292422194592
80.81262969970703         3.0190083475255682
80.89057922363281         3.021945354545181
80.9685287475586          3.0062771508276263
81.04647827148438         3.016676238931637
81.12442779541016         3.0179943636825617
81.20237731933594         3.0203524327700095
81.28032684326172         3.0025625895285364
81.3582763671875          3.020619915544226
81.43622589111328         3.0182577502495342
81.51417541503906         3.0212530767041095
81.59212493896484         3.0056094621145384
81.67007446289062         3.016082045356736
81.7480239868164          3.016661783959176
81.82597351074219         3.0171708928954306
81.90392303466797         3.0197238995057387
81.98187255859375         3.0059190321094187
82.05982208251953         3.0164050545315213
82.13777160644531         3.017030216889732
82.2157211303711          3.0197261465304455
82.29367065429688         3.0019597813135337
82.37162017822266         3.019415720807533
82.44956970214844         3.0169695904238907
82.52751922607422         3.0191081572084175
82.60546875               3.0054704328451094
82.68341827392578         3.0164138148150506
82.76136779785156         3.0196809545238956
82.83931732177734         3.00366860189684
82.91726684570312         3.0156916502190225
82.9952163696289          3.0156695475113193
83.07316589355469         3.015873104337839
83.15111541748047         3.018511997826829
83.22906494140625         3.004954144987498
83.30701446533203         3.0159089643238874
83.38496398925781         3.019108756559514
83.4629135131836          3.002910028291025
83.54086303710938         3.015109601751667
83.61881256103516         3.0150524093573083
83.69676208496094         3.0152176400519792
83.77471160888672         3.0177790538512848
83.8526611328125          3.0042685689909057
83.93061065673828         3.015228045677752
84.00856018066406         3.018283581696254
84.08650970458984         3.002894646619833
84.16445922851562         3.013890711629503
84.2424087524414          3.0140834435847057
84.32035827636719         3.014502379806583
84.39830780029297         3.0170163627470226
84.47625732421875         3.003484782653298
84.55420684814453         3.0144763092466103
84.63215637207031         3.0175691625464616
84.7101058959961          3.0021568142342154
84.78805541992188         3.013097054092124
84.86600494384766         3.0133921825947594
84.94395446777344         3.0138154322906305
85.02190399169922         3.016287235158519
85.099853515625           3.002493775342303
85.17780303955078         3.0135107959889544
85.25575256347656         3.013792815994336
85.33370208740234         3.0158460364369435
85.41165161132812         2.9978292920841483
85.4896011352539          3.016005209421868
85.56755065917969         3.013957215132617
85.64550018310547         3.0164309167103385
85.72344970703125         3.000591082249342
85.80139923095703         3.0124786558635965
85.87934875488281         3.0162373990759153
85.9572982788086          3.000497030627642
86.03524780273438         3.0123300915068194
86.11319732666016         3.0122666273993626
86.19114685058594         3.0124999674856863
86.26909637451172         3.015732051028039
86.3470458984375          2.9999041093654704
86.42499542236328         3.0117054354061867
86.50294494628906         3.0155547777948084
86.58089447021484         3.0001183172890253
86.65884399414062         3.0109962779779025
86.7367935180664          3.011202506050395
86.81474304199219         3.011697220707391
86.89269256591797         3.015012907468717
86.97064208984375         2.9992117035505648
87.04859161376953         3.0110109217075998
87.12654113769531         3.0147476044398576
87.2044906616211          2.9993573356437984
87.28244018554688         3.010277083509689
87.36038970947266         3.010515061521762
87.43833923339844         3.0109153650781364
87.51628875732422         3.0142445737693135
87.59423828125            2.9984795197097855
87.67218780517578         3.0102669189292453
87.75013732910156         3.0138899270527073
87.82808685302734         2.998220998967315
87.90603637695312         3.010353303066538
87.9839859008789          3.0106062336733506
88.06193542480469         3.0102236185394537
88.13988494873047         3.0133186046761
88.21783447265625         2.996852229747208
88.29578399658203         3.0095807148656313
88.37373352050781         3.0101150470535565
88.4516830444336          3.012204122604368
88.52963256835938         2.9943174593084554
88.60758209228516         3.0124007120540757
88.68553161621094         3.0102425328955564
88.76348114013672         3.0127013176882387
88.8414306640625          2.9969909492096307
88.91938018798828         3.0088665816303655
88.99732971191406         3.0125914950663892
89.07527923583984         2.9967120936561016
89.15322875976562         3.008598029754962
89.2311782836914          3.0089440259010494
89.30912780761719         3.008877285095107
89.38707733154297         3.012029949241382
89.46502685546875         2.996246285999441
89.54297637939453         3.008171594168638
89.62092590332031         3.0121650025642905
89.6988754272461          2.99585118005047
89.77682495117188         3.007722645148238
89.85477447509766         3.0077562179715236
89.93272399902344         3.008088264311476
90.01067352294922         3.0113668961432154
90.088623046875           2.995520610534955
90.16657257080078         3.0073816998663436
90.24452209472656         3.0114318428584848
90.32247161865234         2.995140878027522
90.40042114257812         3.00701409536909
90.4783706665039          3.0069743607401116
90.55632019042969         3.007326494341936
90.63426971435547         3.0106361091315286
90.71221923828125         2.9948016337424423
90.79016876220703         3.0065522603420614
90.86811828613281         3.010597650283469
90.9460678100586          2.994662601233537
91.02401733398438         3.006151362909625
91.10196685791016         3.0061307110646167
91.17991638183594         3.00656030262962
91.25786590576172         3.0098777157618066
91.3358154296875          2.993269293871882
91.41376495361328         3.0057808935114743
91.49171447753906         3.0065337508408176
91.56966400146484         3.0086705903236504
91.64761352539062         2.990859304727579
91.7255630493164          3.008774445889514
91.80351257324219         3.0064564010527564
91.88146209716797         3.0091252728935074
91.95941162109375         2.9933865023692094
92.03736114501953         3.0051667197590457
92.11531066894531         3.0090795208493533
92.1932601928711          2.9931630603593304
92.27120971679688         3.004733297848026
92.34915924072266         3.0047757197364002
92.42710876464844         3.0050800030571314
92.50505828857422         3.008388262505906
92.5830078125             2.992689607022761
92.66095733642578         3.0044989224232785
92.73890686035156         3.0085336405532943
92.81685638427734         2.9919727935840994
92.89480590820312         3.0042700260935264
92.9727554321289          3.0042387421127423
93.05070495605469         3.0043700169403658
93.12865447998047         3.0076199914950075
93.20660400390625         2.992225203367595
93.28455352783203         3.003625416539607
93.36250305175781         3.00752221559494
93.4404525756836          2.9918319882430446
93.51840209960938         3.0024055999993906
93.59635162353516         3.0034671822542047
93.67430114746094         3.0038223335417613
93.75225067138672         3.0072244260328413
93.8302001953125          2.9913883062248376
93.90814971923828         3.0028234697670184
93.98609924316406         3.006684557777697
94.06404876708984         2.991920623912296
94.14199829101562         3.0015670645148944
94.2199478149414          3.002736804605185
94.29789733886719         3.003136657728909
94.37584686279297         3.0064619024088337
94.45379638671875         2.9906164675744114
94.53174591064453         3.0030961034648476
94.60969543457031         3.0063589522355416
94.6876449584961          2.99067491961386
94.76559448242188         3.001090978765493
94.84354400634766         3.002027616354705
94.92149353027344         3.0024307965244112
94.99944305419922         3.0059024721571554
95.077392578125           2.990114953306644
95.15534210205078         3.0006742690001893
95.23329162597656         3.001963312130502
95.31124114990234         3.0042002768711855
95.38919067382812         2.9878646439723413
95.4671401977539          3.004438078889436
95.54508972167969         3.0021766740254203
95.62303924560547         3.005004602474123
95.70098876953125         2.9892930893937124
95.77893829345703         3.0016016916419765
95.85688781738281         3.0043365848893004
95.9348373413086          2.9900147743369065
96.01278686523438         3.0005043682221793
96.09073638916016         3.0006315322285984
96.16868591308594         3.000949441927003
96.24663543701172         3.004438112244125
96.3245849609375          2.9887460196211224
96.40253448486328         3.0011567910991994
96.48048400878906         3.0042290572023305
96.55843353271484         2.9885249655579673
96.63638305664062         2.999145251571166
96.7143325805664          3.0000913929711768
96.79228210449219         3.0002871182659434
96.87023162841797         3.003665324177185
96.94818115234375         2.988048205884359
97.02613067626953         3.0005266153768178
97.10408020019531         3.0036725464125924
97.1820297241211          2.987912943680165
97.25997924804688         2.998555055496931
97.33792877197266         2.9996494203188266
97.41587829589844         2.9999585506015887
97.49382781982422         3.003324957273576
97.57177734375            2.9875511119231355
97.64972686767578         2.9999076956526523
97.72767639160156         3.003065804841727
97.80562591552734         2.986908694023709
97.88357543945312         2.9991139918085072
97.9615249633789          2.999062965377007
98.03947448730469         2.9992691938647202
98.11742401123047         3.002852474949968
98.19537353515625         2.987412102243144
98.27332305908203         2.9983127474143982
98.35127258300781         3.0024042591550426
98.4292221069336          2.986380563772664
98.50717163085938         2.9985509736148566
98.58512115478516         2.9985046877443535
98.66307067871094         2.998612697491626
98.74102020263672         3.00208272856853
98.8189697265625          2.986374353911016
98.89691925048828         2.9987567004607856
98.97486877441406         3.0017470243785387
99.05281829833984         2.9857918889511965
99.13076782226562         2.9979545724853716
99.2087173461914          2.997949963185641
99.28666687011719         2.9980311616608137
99.36461639404297         3.0014434597320045
99.44256591796875         2.985842085212671
99.52051544189453         2.9982828573511084
99.59846496582031         3.0013163901527764
99.6764144897461          2.9853074133724284
99.75436401367188         2.9971904935899554
99.83231353759766         2.998073085450914
99.91026306152344         2.9977610962435595
99.98821258544922         3.0009477931655235
100.066162109375          2.985323744195656
100.14411163330078        2.997801321937529
100.22206115722656        3.0008287591526552
100.30001068115234        2.984564051296813
100.37796020507812        2.996222027756293
100.4559097290039         2.997487432292338
100.53385925292969        2.9973142932715513
100.61180877685547        3.0005433126358794
100.68975830078125        2.984904192526051
100.76770782470703        2.995699122885685
100.84565734863281        2.9969133386054994
100.9236068725586         2.9990323319073076
101.00155639648438        2.9824953101443414
101.07950592041016        2.9994637390331254
101.15745544433594        2.9972561066510806
101.23540496826172        3.0001826663637576
101.3133544921875         2.984695197081766
101.39130401611328        2.9957352103525086
101.46925354003906        2.999889557838231
101.54720306396484        2.9838711737484522
101.62515258789062        2.995260735175659
101.7031021118164         2.9964332679869683
101.78105163574219        2.9959683307008724
101.85900115966797        2.9995517339551383
101.93695068359375        2.9841131398933
102.01490020751953        2.99505586747423
102.09284973144531        2.9991976900296473
102.1707992553711         2.98336714811881
102.24874877929688        2.9948667183115076
102.32669830322266        2.9959474595915543
102.40464782714844        2.994923033411009
102.48259735107422        2.995584598013559
102.560546875             2.9980430035541272
102.63849639892578        2.9807693837069804
102.71644592285156        3.001643899447514
102.79439544677734        2.983516824264771
102.87234497070312        2.994794202437509
102.9502944946289         2.9946505543765753
103.02824401855469        2.9948307812110913
103.10619354248047        2.9984184700184335
103.18414306640625        2.9826394062898096
103.26209259033203        2.9945992593527495
103.34004211425781        2.995018880810293
103.4179916381836         2.9969938315380613
103.49594116210938        2.9806399781555633
103.57389068603516        2.997479264958255
103.65184020996094        2.995061146260233
103.72978973388672        2.997998907493547
103.8077392578125         2.9827950510639494
103.88568878173828        2.9936462967321242
103.96363830566406        2.9978124281486083
104.04158782958984        2.982236225590974
104.11953735351562        2.9929893844186384
104.1974868774414         2.9942202677902783
104.27543640136719        2.9940711411746754
104.35338592529297        2.9976362190586396
104.43133544921875        2.982401947036539
104.50928497314453        2.993272894226068
104.58723449707031        2.997364320211737
104.6651840209961         2.981475850537476
104.74313354492188        2.993499759396352
104.82108306884766        2.9936226228631004
104.89903259277344        2.993681849163116
104.97698211669922        2.9972495630206226
105.054931640625          2.9818828730254827
105.13288116455078        2.99274122692593
105.21083068847656        2.99682845982799
105.28878021240234        2.9810361193718444
105.36672973632812        2.992368111440639
105.4446792602539         2.993867438882037
105.52262878417969        2.9931020142434615
105.60057830810547        2.9967755561461416
105.67852783203125        2.981314466586177
105.75647735595703        2.9920760797901336
105.83442687988281        2.996219376488574
105.9123764038086         2.980650883609653
105.99032592773438        2.991803738543302
106.06827545166016        2.99326655215762
106.14622497558594        2.992563058225564
106.22417449951172        2.996296208032312
106.3021240234375         2.9808806325725032
106.38007354736328        2.9915693628960804
106.45802307128906        2.9957994599779005
106.53597259521484        2.979714243238543
106.61392211914062        2.99138910028366
106.6918716430664         2.993045911541221
106.76982116699219        2.9920460928670214
106.84777069091797        2.995815986817705
106.92572021484375        2.9804267790114696
107.00366973876953        2.9910781936076787
107.08161926269531        2.9951701887600954
107.1595687866211         2.9791693644231994
107.23751831054688        2.9907964539403586
107.31546783447266        2.9925134169289014
107.39341735839844        2.991366589468487
107.47136688232422        2.9950760477116334
107.54931640625           2.9798277023562387
107.62726593017578        2.9900921852998756
107.70521545410156        2.991240662338507
107.78316497802734        2.9935047638424157
107.86111450195312        2.977045048008969
107.9390640258789         2.993982887048778
108.01701354980469        2.9910202103147125
108.09496307373047        2.991355839479057
108.17291259765625        2.9936324981586515
108.25086212158203        2.9759842655542443
108.32881164550781        2.993662355330322
108.4067611694336         2.9913571333508844
108.48471069335938        2.9934054722764487
108.56266021728516        2.9799855289096207
108.64060974121094        2.9907477860735745
108.71855926513672        2.9939057083966474
108.7965087890625         2.978677910418467
108.87445831298828        2.9891229639622217
108.95240783691406        2.9897421980292793
109.03035736083984        2.990114790437529
109.10830688476562        2.9926572802560334
109.1862564086914         2.9794351635549856
109.26420593261719        2.9902694995567924
109.34215545654297        2.9934853141237707
109.42010498046875        2.97816638129231
109.49805450439453        2.9884336803117124
109.57600402832031        2.9893113940963367
109.6539535522461         2.9896650551500152
109.73190307617188        2.992113324219632
109.80985260009766        2.9788537823824432
109.88780212402344        2.9896967220915087
109.96575164794922        2.9928725675866468
110.043701171875          2.9769554390493713
110.12165069580078        2.9887626500460645
110.19960021972656        2.9889028287660158
110.27754974365234        2.9891623932228146
110.35549926757812        2.9916393835176462
110.4334487915039         2.978305692879255
110.51139831542969        2.9892036819119814
110.58934783935547        2.992473365260334
110.66729736328125        2.9765139753549366
110.74524688720703        2.9884194648852844
110.82319641113281        2.9885011461546473
110.9011459350586         2.988855767007061
110.97909545898438        2.9913008031775896
111.05704498291016        2.977407661466664
111.13499450683594        2.9881954086678126
111.21294403076172        2.988785394785761
111.2908935546875         2.991330458036182
111.36884307861328        2.97384599521093
111.44679260253906        2.9910125470497935
111.52474212646484        2.9886636207121486
111.60269165039062        2.990700718786423
111.6806411743164         2.9772705031433007
111.75859069824219        2.988005954773978
111.83654022216797        2.991167423245982
111.91448974609375        2.9761434018019384
111.99243927001953        2.986856648034305
112.07038879394531        2.9869988846104083
112.1483383178711         2.9874586621641988
112.22628784179688        2.9900664168087663
112.30423736572266        2.9767192226885126
112.38218688964844        2.98741440801302
112.46013641357422        2.990599085672344
112.5380859375            2.9748239442966944
112.61603546142578        2.986700988104254
112.69398498535156        2.986663741235641
112.77193450927734        2.9869278436013116
112.84988403320312        2.990233441410569
112.9278335571289         2.9748048449768234
113.00578308105469        2.9864606073877287
113.08373260498047        2.9900313667447342
113.16168212890625        2.9747034761208306
113.23963165283203        2.986607050842737
113.31758117675781        2.986795443638757
113.3955307006836         2.986546176627314
113.47348022460938        2.9896694992831954
113.55142974853516        2.974278746678806
113.62937927246094        2.9859623156941604
113.70732879638672        2.989629610991215
113.7852783203125         2.9744027702880196
113.86322784423828        2.9852189744073745
113.94117736816406        2.9855499206319736
114.01912689208984        2.9859827578752216
114.09707641601562        2.9890291142281766
114.1750259399414         2.972789278958316
114.25297546386719        2.985429177262884
114.33092498779297        2.985864317705773
114.40887451171875        2.98792340968205
114.48682403564453        2.9703312005227724
114.56477355957031        2.9882423899894937
114.6427230834961         2.9862156406259652
114.72067260742188        2.9886597968706483
114.79862213134766        2.973158125575562
114.87657165527344        2.9848908606647853
114.95452117919922        2.988580111040095
115.032470703125          2.9730660397940696
115.11042022705078        2.984927489042944
115.18836975097656        2.9852517635903055
115.26631927490234        2.9850340624743525
115.34426879882812        2.988132698364312
115.4222183227539         2.9725866242438186
115.50016784667969        2.984276481841198
115.57811737060547        2.988062398249548
115.65606689453125        2.972586145944486
115.73401641845703        2.98431449707341
115.81196594238281        2.984539251504803
115.8899154663086         2.984487363153914
115.96786499023438        2.9876175543785815
116.04581451416016        2.9721067522583526
116.12376403808594        2.983710415749913
116.20171356201172        2.98749258256319
116.2796630859375         2.9719925041402906
116.35761260986328        2.983618039756423
116.43556213378906        2.983974714705439
116.51351165771484        2.983873711500638
116.59146118164062        2.9870812800862394
116.6694107055664         2.9716095950581787
116.74736022949219        2.9832275804739883
116.82530975341797        2.9871385108414814
116.90325927734375        2.9712231056592957
116.98120880126953        2.982985362521454
117.05915832519531        2.982950200723033
117.1371078491211         2.9832076208002283
117.21505737304688        2.986439135791592
117.29300689697266        2.9701377303311425
117.37095642089844        2.9825759431289622
117.44890594482422        2.983097806268462
117.52685546875           2.9852187163637836
117.60480499267578        2.967654642212122
117.68275451660156        2.9854079763275285
117.76070404052734        2.983245964950959
117.83865356445312        2.9857613106730048
117.9166030883789         2.9703557900963724
117.99455261230469        2.982020708518572
118.07250213623047        2.985914619104794
118.15045166015625        2.9701963545581482
118.22840118408203        2.9816131072294243
118.30635070800781        2.981710412046107
118.3843002319336         2.9820795795048407
118.46224975585938        2.985286977471434
118.54019927978516        2.9698345116167664
118.61814880371094        2.981488040764546
118.69609832763672        2.9853685491490443
118.7740478515625         2.9695817703983827
118.85199737548828        2.9809093876415726
118.92994689941406        2.981069900720548
119.00789642333984        2.9814823091352785
119.08584594726562        2.984721642944845
119.1637954711914         2.9691912755805703
119.24174499511719        2.98086941400768
119.31969451904297        2.984819983723604
119.39764404296875        2.9691168316314465
119.47559356689453        2.980400415809437
119.55354309082031        2.9805331322439774
119.6314926147461         2.980968613378898
119.70944213867188        2.9841654193540808
119.78739166259766        2.9677656288149823
119.86534118652344        2.9801232052002513
119.94329071044922        2.9809848748484593
120.021240234375          2.9830459625023757
120.09918975830078        2.9654553092986013
120.17713928222656        2.9830690123470944
120.25508880615234        2.9809521798091803
120.33303833007812        2.9835865980674123
120.4109878540039         2.9683486868905318
120.48893737792969        2.979462159037882
120.56688690185547        2.9834211140792615
120.64483642578125        2.9681551270355424
120.72278594970703        2.9785407381880584
120.80073547363281        2.9794140380611016
120.8786849975586         2.9797871240923963
120.95663452148438        2.9832872267267327
121.03458404541016        2.967739054966379
121.11253356933594        2.9787952737705212
121.19048309326172        2.9824241641024125
121.2684326171875         2.968733159494394
121.34638214111328        2.977629559731005
121.42433166503906        2.978746515048572
121.50228118896484        2.979021557815205
121.58023071289062        2.9823949654100983
121.6581802368164         2.9669459920139456
121.73612976074219        2.9791841207373153
121.81407928466797        2.982215565264793
121.89202880859375        2.96687762290299
121.96997833251953        2.977273308687106
122.04792785644531        2.9782511705834613
122.1258773803711         2.9785179869165233
122.20382690429688        2.9819116809803496
122.28177642822266        2.9665164338768264
122.35972595214844        2.9769930835376637
122.43767547607422        2.978152796636781
122.515625                2.980259438989605
122.59357452392578        2.964288627799795
122.67152404785156        2.9807182043422995
122.74947357177734        2.9784292350022814
122.82742309570312        2.9810579693918475
122.9053726196289         2.9656628193562313
122.98332214355469        2.9779152793044044
123.06127166748047        2.9806426824655183
123.13922119140625        2.966354668111011
123.21717071533203        2.9767185665488736
123.29512023925781        2.976969473922822
123.3730697631836         2.9773500092070853
123.45101928710938        2.9806536246358943
123.52896881103516        2.9651515844113803
123.60691833496094        2.9774771868217247
123.68486785888672        2.9806362935826325
123.7628173828125         2.965135919354116
123.84076690673828        2.9754932314248466
123.91871643066406        2.9765266143240465
123.99666595458984        2.9768733123568314
124.07461547851562        2.98019898929974
124.1525650024414         2.9646459244848793
124.23051452636719        2.9768975325452063
124.30846405029297        2.980097616955047
124.38641357421875        2.9646085748009074
124.46436309814453        2.9748995680211165
124.54231262207031        2.975852867145472
124.6202621459961         2.9762063570813297
124.69821166992188        2.979548188904992
124.77616119384766        2.964026810367384
124.85411071777344        2.976201876718227
124.93206024169922        2.979333681241909
125.010009765625          2.963432468798261
125.08795928955078        2.97541555084191
125.16590881347656        2.9753301711268674
125.24385833740234        2.9755096809793407
125.32180786132812        2.9789832684358823
125.3997573852539         2.963475459818115
125.47770690917969        2.9739073497517325
125.55565643310547        2.9750650135885714
125.63360595703125        2.977238435629056
125.71155548095703        2.9612922255187875
125.78950500488281        2.9776677308387787
125.8674545288086         2.975327131232801
125.94540405273438        2.978141414999593
126.02335357666016        2.9627723371293597
126.10130310058594        2.9750123281090444
126.17925262451172        2.977977020490561
126.2572021484375         2.9622697519173142
126.33515167236328        2.9742356588444445
126.41310119628906        2.974229627752591
126.49105072021484        2.9742893857059074
126.56900024414062        2.977624962698117
126.6469497680664         2.9622567305749783
126.72489929199219        2.974471651889838
126.80284881591797        2.9774143621293536
126.88079833984375        2.9616382940879764
126.95874786376953        2.973324699885633
127.03669738769531        2.9741864268844
127.1146469116211         2.973858717902929
127.19259643554688        2.976978650082761
127.27054595947266        2.96162551547127
127.34849548339844        2.9739334370452193
127.42644500732422        2.9769753339803957
127.50439453125           2.9611282676658024
127.58234405517578        2.971995757938957
127.66029357910156        2.9740726471925094
127.73824310302734        2.9733513883524867
127.81619262695312        2.9765501364969267
127.8941421508789         2.961348797737347
127.97209167480469        2.972241380977569
128.050048828125          2.9762701622599845
128.1280059814453         2.960401494188747
128.20596313476562        2.9716411994802314
128.28392028808594        2.9732545180212253
128.36187744140625        2.972836762819093
128.43983459472656        2.976079778773868
128.51779174804688        2.9606288293327903
128.5957489013672         2.971181793514859
128.6737060546875         2.9724416062114978
128.7516632080078         2.974551141959006
128.82962036132812        2.958248718141176
128.90757751464844        2.9747634276177677
128.98553466796875        2.972610634414887
129.06349182128906        2.9755064315166564
129.14144897460938        2.96028667982736
129.2194061279297         2.9710244276593847
129.29736328125           2.975105816743406
129.3753204345703         2.9595034004253127
129.45327758789062        2.971315001919862
129.53123474121094        2.9712300623611214
129.60919189453125        2.971306734761703
129.68714904785156        2.9748129278883053
129.76510620117188        2.959356735345018
129.8430633544922         2.9715474291128823
129.9210205078125         2.9744895168930348
129.9989776611328         2.958908806707978
130.07693481445312        2.9707542247157246
130.15489196777344        2.9707180740240036
130.23284912109375        2.970707104209102
130.31080627441406        2.9742181263527856
130.38876342773438        2.9588061584704426
130.4667205810547         2.9710626612878697
130.544677734375          2.9740261086134465
130.6226348876953         2.958756386058075
130.70059204101562        2.9692087663352007
130.77854919433594        2.97049236270914
130.85650634765625        2.970254089138698
130.93446350097656        2.9737301468321724
131.01242065429688        2.9587567346771806
131.0903778076172         2.9693747892992968
131.1683349609375         2.9732944859222785
131.2462921142578         2.9576071906376376
131.32424926757812        2.968727410918752
131.40220642089844        2.97030363841736
131.48016357421875        2.9694576568656132
131.55812072753906        2.972799288959217
131.63607788085938        2.9573377283766344
131.7140350341797         2.9690636553088683
131.7919921875            2.9693708755880963
131.8699493408203         2.971263200571335
131.94790649414062        2.9552011144414423
132.02586364746094        2.9718523576580855
132.10382080078125        2.969560576160379
132.18177795410156        2.9724064376060495
132.25973510742188        2.9573090329301004
132.3376922607422         2.9679913351897245
132.4156494140625         2.9719971104481115
132.4936065673828         2.9564358506015607
132.57156372070312        2.967531761559223
132.64952087402344        2.9689817614541574
132.72747802734375        2.968232455872448
132.80543518066406        2.9718531007645455
132.88339233398438        2.9566390558249656
132.9613494873047         2.9671973684357726
133.039306640625          2.9712565189158453
133.1172637939453         2.955943859329292
133.19522094726562        2.9668888546908554
133.27317810058594        2.9683050166241056
133.35113525390625        2.967603957866725
133.42909240722656        2.971266940818339
133.50704956054688        2.9560957283567952
133.5850067138672         2.966579363445635
133.6629638671875         2.970723640211319
133.7409210205078         2.9549019039784787
133.81887817382812        2.9663671952392536
133.89683532714844        2.9679756358368072
133.97479248046875        2.966985469192413
134.05274963378906        2.970701399001504
134.13070678710938        2.9556003998887572
134.2086639404297         2.966094045084959
134.28662109375           2.970139465331472
134.3645782470703         2.9544296078619654
134.44253540039062        2.96587397087181
134.52049255371094        2.967563621276139
134.59844970703125        2.966429404150502
134.67640686035156        2.970075952375777
134.75436401367188        2.955090987474867
134.8323211669922         2.9651840734126247
134.9102783203125         2.966319944542492
134.9882354736328         2.9686121388977083
135.06619262695312        2.951532745743152
135.14414978027344        2.9690537677315927
135.22210693359375        2.966676084414152
135.30006408691406        2.9694657565305955
135.37802124023438        2.9544791078141692
135.4559783935547         2.964599620907218
135.533935546875          2.9657480350904946
135.6118927001953         2.9679169238374703
135.68984985351562        2.950867822184912
135.76780700683594        2.968431184721973
135.84576416015625        2.9661043917624506
135.92372131347656        2.9688435992974895
136.00167846679688        2.9538336965210825
136.0796356201172         2.9641016271017353
136.1575927734375         2.9646607672707974
136.2355499267578         2.9645779583658323
136.31350708007812        2.964966509864383
136.39146423339844        2.9678504714381058
136.46942138671875        2.950905218377117
136.54737854003906        2.9670748007382204
136.62533569335938        2.967962534984897
136.7032928466797         2.9505623841072213
136.78125                 2.9674668381568026
136.8592071533203         2.9650147000541764
136.93716430664062        2.966926231799956
137.01512145996094        2.953853377912448
137.09307861328125        2.964569517482821
137.17103576660156        2.9677836547994567
137.24899291992188        2.952673517887156
137.3269500732422         2.962757818977485
137.4049072265625         2.963669207021595
137.4828643798828         2.964060332322084
137.56082153320312        2.966454881412474
137.63877868652344        2.953305642379626
137.71673583984375        2.9640107209778215
137.79469299316406        2.9672976061149834
137.87265014648438        2.9521162471533327
137.9506072998047         2.9622168520680368
138.028564453125          2.9632065555905833
138.1065216064453         2.963452715329547
138.18447875976562        2.9658511683664486
138.26243591308594        2.9526433089691184
138.34039306640625        2.963243326226716
138.41835021972656        2.9663462982982853
138.49630737304688        2.95156055513236
138.5742645263672         2.96231344734402
138.6522216796875         2.962320544751215
138.7301788330078         2.962740430950318
138.80813598632812        2.9652860347132393
138.88609313964844        2.952137892010661
138.96405029296875        2.962643915734181
139.04200744628906        2.9657511552376046
139.11996459960938        2.9510277220453234
139.1979217529297         2.961571966887379
139.27587890625           2.9616944285279487
139.3538360595703         2.962178518714868
139.43179321289062        2.9646932671610404
139.50975036621094        2.9511373587648815
139.58770751953125        2.9616397001777197
139.66566467285156        2.9621449521396057
139.74362182617188        2.964330797648593
139.8215789794922         2.94707250291873
139.8995361328125         2.9643513924206197
139.9774932861328         2.9622839803382965
140.05545043945312        2.9647876205256622
140.13340759277344        2.949640671591787
140.21136474609375        2.9610223127464557
140.28932189941406        2.9644708065750236
140.36727905273438        2.9494564123205875
140.4452362060547         2.9610688477011498
140.523193359375          2.961098668525573
140.6011505126953         2.961225710497568
140.67910766601562        2.964263432392566
140.75706481933594        2.94892782393239
140.83502197265625        2.960394467675908
140.91297912597656        2.9641084518379435
140.99093627929688        2.9491685988484595
141.0688934326172         2.9596453525078927
141.1468505859375         2.959916596081157
141.2248077392578         2.960470074158701
141.30276489257812        2.963642460436634
141.38072204589844        2.9483763383180204
141.45867919921875        2.959790912735047
141.53663635253906        2.963540099189898
141.61459350585938        2.94865910059608
141.6925506591797         2.9591891878254746
141.7705078125            2.95942220661055
141.8484649658203         2.959928530885733
141.92642211914062        2.9631650756297185
142.00437927246094        2.947924833700751
142.08233642578125        2.9593153945795825
142.16029357910156        2.9628759804849008
142.23825073242188        2.9477548854895566
142.3162078857422         2.9595068069921555
142.3941650390625         2.959680493878329
142.4721221923828         2.95934355115603
142.55007934570312        2.9624714728235246
142.62803649902344        2.9472970720239573
142.70599365234375        2.9587108686172123
142.78395080566406        2.9622486979726035
142.86190795898438        2.9471006919123512
142.9398651123047         2.9587791989936822
143.017822265625          2.959121643058109
143.0957794189453         2.9587716147255954
143.17373657226562        2.9618308351305105
143.25169372558594        2.946714598468819
143.32965087890625        2.9581657850261944
143.40760803222656        2.96174031308294
143.48556518554688        2.946449969664367
143.5635223388672         2.9580328901608532
143.6414794921875         2.9584433163952153
143.7194366455078         2.958294355957498
143.79739379882812        2.961234841717238
143.87535095214844        2.945307512112753
143.95330810546875        2.9576338698208082
144.03126525878906        2.958180891327919
144.10922241210938        2.9601506295590916
144.1871795654297         2.9428660662007737
144.26513671875           2.960407158548791
144.3430938720703         2.9583486768848912
144.42105102539062        2.960753589405367
144.49900817871094        2.945519203747179
144.57696533203125        2.9570641556381156
144.65492248535156        2.9609451638844764
144.73287963867188        2.94518890434698
144.8108367919922         2.9566942432326235
144.8887939453125         2.9567166264528204
144.9667510986328         2.957011993492488
145.04470825195312        2.9602476122767167
145.12266540527344        2.9449242100420707
145.20062255859375        2.9563663612014306
145.27857971191406        2.960288614580337
145.35653686523438        2.9448610174179444
145.4344940185547         2.955913983758806
145.512451171875          2.9558649333064926
145.5904083251953         2.9558821435448586
145.66836547851562        2.95580104988677
145.74632263183594        2.955391834483728
145.82427978515625        2.952501145000174
145.90223693847656        2.959098735728702
145.98019409179688        2.9438268628951807
146.0581512451172         2.95568544059634
146.1361083984375         2.955546436963042
146.2140655517578         2.9557747808639614
146.29202270507812        2.958975515424637
146.36997985839844        2.9429336307484957
146.44793701171875        2.955011308678485
146.52589416503906        2.955739778049377
146.60385131835938        2.9578235943109976
146.6818084716797         2.9406446911448056
146.759765625             2.957956730495703
146.8377227783203         2.955722883303951
146.91567993164062        2.958332885570467
146.99363708496094        2.94314210038632
147.07159423828125        2.954523299815101
147.14955139160156        2.9583168919965757
147.22750854492188        2.9429635981576605
147.3054656982422         2.954154677888985
147.3834228515625         2.954192709812851
147.4613800048828         2.9544797664293374
147.53933715820312        2.957698022925827
147.61729431152344        2.9427053733671373
147.69525146484375        2.953905958641485
147.77320861816406        2.957808062582649
147.85116577148438        2.9424704555198624
147.9291229248047         2.952744625212716
148.007080078125          2.9537045705504865
148.0850372314453         2.9539960246135943
148.16299438476562        2.9572816287757213
148.24095153808594        2.942079497796184
148.31890869140625        2.9530841237613137
148.39686584472656        2.9566869785355223
148.47482299804688        2.942983008519218
148.5527801513672         2.9518184996251553
148.6307373046875         2.9530323175994564
148.7086944580078         2.9533551655112773
148.78665161132812        2.9565164255854097
148.86460876464844        2.9412595452299644
148.94256591796875        2.9533733277334764
149.02052307128906        2.956382516407293
149.09848022460938        2.94067834567846
149.1764373779297         2.9524322838343986
149.25439453125           2.9524495653228646
149.3323516845703         2.9526835539344023
149.41030883789062        2.9559137091514955
149.48826599121094        2.940587682362605
149.56622314453125        2.952594849260745
149.64418029785156        2.955648109297677
149.72213745117188        2.9409678447624157
149.8000946044922         2.9534245490125066
149.8755340576172         2.9468070057974187
149.94296264648438        2.956607355077353
150.00015258789062        2.9538531182351004
